4.000000000000000000e+00 8.200000000000000000e+01 1.700000000000000000e+01 2.700000000000000000e+01
3.400248527526855469e+00 8.030494499206542969e+01 2.091431617736816406e+01 2.578567123413085938e+01
6.646133422851562500e+00 7.972581100463867188e+01 2.167024993896484375e+01 2.674539947509765625e+01
9.388012886047363281e+00 7.875709915161132812e+01 2.217100334167480469e+01 2.768334960937500000e+01
1.070138931274414062e+01 7.816537857055664062e+01 2.277526855468750000e+01 2.689557647705078125e+01
1.211287498474121094e+01 7.865804100036621094e+01 2.472613143920898438e+01 2.782365798950195312e+01
1.834800052642822266e+01 7.794915103912353516e+01 2.139903831481933594e+01 2.709760856628417969e+01
1.670615959167480469e+01 7.861010646820068359e+01 2.581691360473632812e+01 2.794915199279785156e+01
2.229000759124755859e+01 7.865549945831298828e+01 2.237484931945800781e+01 2.654049491882324219e+01
2.602590751647949219e+01 7.845726871490478516e+01 2.138916397094726562e+01 2.588047599792480469e+01
2.901983356475830789e+01 7.822398376464843750e+01 2.068311882019042969e+01 2.845011138916015625e+01
3.276440811157227273e+01 7.769434356689453125e+01 1.954608154296875000e+01 2.678768157958984375e+01
3.030630779266358132e+01 7.673224544525146484e+01 2.439705085754394531e+01 2.709201240539550781e+01
3.629429817199707742e+01 7.711985206604003906e+01 2.202563858032226562e+01 2.624657821655273438e+01
3.389314174652100320e+01 7.999087524414062500e+01 2.519611549377441406e+01 2.251327514648437500e+01
3.862661075592041726e+01 7.760012626647949219e+01 2.586925315856932883e+01 2.519688034057617188e+01
7.138568878173828125e+00 8.836398124694824219e+01 3.205568695068359375e+01 1.878657150268554688e+01
4.340719223022460938e+00 8.857193851470947266e+01 3.204695510864257812e+01 1.819335746765136719e+01
5.296627044677734375e+00 8.469665431976318359e+01 3.328903961181640625e+01 2.244052314758300781e+01
5.034912109375000000e+00 8.955616569519042969e+01 3.306346130371093750e+01 1.946495437622070312e+01
4.484693527221679688e+00 8.664862632751464844e+01 3.478934097290039062e+01 2.022645950317382812e+01
5.992962360382080078e+01 7.603082656860351562e+01 2.101784324645996094e+01 2.706424713134765625e+01
6.225806522369384766e+01 7.445212745666503906e+01 1.856388664245605469e+01 2.803470993041992188e+01
6.388346004486083984e+01 7.561176300048828125e+01 3.076136970520019531e+01 2.446090698242187500e+01
6.308001995086669922e+01 7.560867595672607422e+01 2.978853797912597656e+01 2.278405189514160156e+01
7.046256256103515625e+01 7.395339870452880859e+01 1.778483581542968750e+01 2.767616462707519531e+01
7.062260532379150391e+01 7.517183876037597656e+01 2.117988395690917969e+01 2.729856491088867188e+01
7.165452766418457031e+01 7.570742988586425781e+01 2.271015548706054688e+01 2.579155349731445312e+01
6.750043773651123047e+01 7.637493324279785156e+01 2.873561286926269531e+01 2.274696731567382812e+01
8.217554473876953125e+01 7.601868247985839844e+01 3.250957489013671875e+01 2.369137191772460938e+01
8.261797523498535156e+01 7.445483303070068359e+01 2.030879592895507812e+01 2.668877601623535156e+01
7.761634540557861328e+01 7.560155010223388672e+01 2.657780265808105469e+01 2.486506843566894531e+01
8.523817634582519531e+01 7.426245689392089844e+01 2.027852249145507812e+01 2.562948226928710938e+01
8.878864669799804688e+01 7.506881618499755859e+01 2.007649993896484375e+01 2.487107276916503906e+01
9.225346755981445312e+01 7.331261348724365234e+01 1.755846405029296875e+01 2.479067420959472656e+01
9.092205238342285156e+01 7.367471981048583984e+01 2.103805160522460938e+01 2.611320686340332031e+01
9.441842555999755859e+01 7.286679458618164062e+01 2.061001777648925781e+01 2.497984313964843750e+01
9.578548908233642578e+01 7.358290100097656250e+01 2.042162132263183594e+01 2.553824615478515625e+01
1.002742004394531250e+02 7.179897594451904297e+01 1.905955505371093750e+01 2.561481666564941406e+01
1.020836610794067383e+02 7.287086772918701172e+01 1.941119956970214844e+01 2.707321357727050781e+01
1.040558767318725586e+02 7.088504314422607422e+01 1.947345924377441406e+01 2.762437629699707031e+01
1.060176334381103516e+02 7.177030944824218750e+01 1.903764724731445312e+01 2.648454284667968750e+01
1.079231634140014648e+02 7.089062690734863281e+01 1.919330024719238281e+01 2.573871231079101562e+01
1.089793386459350586e+02 6.992597961425781250e+01 1.932860755920410156e+01 2.698729705810546875e+01
1.131493129730224609e+02 7.161452293395996094e+01 1.817042160034179688e+01 2.597293472290039062e+01
1.148562746047973633e+02 7.190536022186279297e+01 1.847282981872558594e+01 2.441250038146972656e+01
1.167278385162353516e+02 7.167052459716796875e+01 1.828011703491210938e+01 2.377300262451171875e+01
1.192579822540283203e+02 7.218238353729248047e+01 1.900811386108398438e+01 2.442002296447753906e+01
1.203612861633300781e+02 7.193359375000000000e+01 1.894425201416015625e+01 2.402479553222656250e+01
1.229367341995239258e+02 7.185609722137451172e+01 1.858691978454589844e+01 2.405434608459472656e+01
1.250324096679687500e+02 7.102667140960693359e+01 1.848182678222656250e+01 2.388511848449707031e+01
1.271220865249633789e+02 7.141357135772705078e+01 1.826166343688964844e+01 2.387216758728027344e+01
1.284772520065307617e+02 7.102995204925537109e+01 1.813145637512207031e+01 2.324038887023925781e+01
1.304182090759277344e+02 7.133909034729003906e+01 1.896202087402343750e+01 2.387142562866210938e+01
1.325562725067138672e+02 7.076894855499267578e+01 1.850652694702148438e+01 2.254134178161621094e+01
1.348175659179687500e+02 7.015088272094726562e+01 1.810614013671875000e+01 2.379944610595703125e+01
1.363653736114501953e+02 7.020571231842041016e+01 1.814291763305664062e+01 2.335037803649902344e+01
1.381498041152954102e+02 7.105373191833496094e+01 1.827591514587402344e+01 2.316780471801757812e+01
1.396687259674072266e+02 7.063952922821044922e+01 1.819736862182617188e+01 2.230531501770019531e+01
1.418125438690185547e+02 7.011162281036376953e+01 1.870351028442382812e+01 2.344093132019042969e+01
1.438580608367919922e+02 7.045709133148193359e+01 1.783469772338867188e+01 2.235802650451660156e+01
1.458977842330932617e+02 6.947016048431396484e+01 1.780996894836425781e+01 2.261267280578613281e+01
1.482396249771118164e+02 7.041433429718017578e+01 1.747997856140136719e+01 2.260843467712402344e+01
1.499309940338134766e+02 6.947720909118652344e+01 1.695388412475585938e+01 2.181829452514648438e+01
1.507413454055786133e+02 6.956229209899902344e+01 1.869197654724121094e+01 2.289329147338867188e+01
1.527053623199462891e+02 6.962044429779052734e+01 1.787279129028320312e+01 2.180008888244628906e+01
1.544418230056762695e+02 6.940416049957275391e+01 1.801834678649902344e+01 2.275608634948730469e+01
1.563309383392333984e+02 6.919344902038574219e+01 1.799390029907226562e+01 2.207222366333007812e+01
1.585484390258789062e+02 6.916807365417480469e+01 1.751342773437500000e+01 2.294896316528320312e+01
1.591843490600585938e+02 6.914711284637451172e+01 1.813655853271484375e+01 2.258266639709472656e+01
1.616504297256469727e+02 6.953816986083984375e+01 1.774696159362792969e+01 2.256034088134765625e+01
1.628788938522338867e+02 6.943477725982666016e+01 1.770256996154785156e+01 2.112886619567871094e+01
1.649571943283081055e+02 6.957171058654785156e+01 1.773511695861816406e+01 2.216023635864257812e+01
1.662027158737182617e+02 6.850490951538085938e+01 1.689527320861816406e+01 2.074240112304687500e+01
1.672900218963623047e+02 6.896031761169433594e+01 1.763850021362304688e+01 2.120540237426757812e+01
1.686874065399169922e+02 6.907560539245605469e+01 1.784424209594726562e+01 2.141334915161132812e+01
1.705279378890991211e+02 6.879191303253173828e+01 1.754255867004394531e+01 2.071874046325683594e+01
1.727039165496826172e+02 6.931614303588867188e+01 1.760429000854492188e+01 2.090631103515625000e+01
1.737078018188476562e+02 6.830890274047851562e+01 1.733155822753906250e+01 2.130757904052734375e+01
1.758403358459472656e+02 6.912683200836181641e+01 1.713762664794921875e+01 2.070096397399902344e+01
1.769088621139526367e+02 6.813038063049316406e+01 1.721237373352050781e+01 2.047852706909179688e+01
1.781032276153564453e+02 6.882055950164794922e+01 1.677711105346679688e+01 2.111741065979003906e+01
1.799702930450439453e+02 6.812166118621826172e+01 1.737189865112304688e+01 2.045273780822753906e+01
1.811416397094726562e+02 6.805845451354980469e+01 1.769350433349609375e+01 2.089384841918945312e+01
1.832538404464721680e+02 6.817273426055908203e+01 1.749469947814941406e+01 2.025341606140136719e+01
1.839564971923828125e+02 6.788150119781494141e+01 1.728922271728515625e+01 1.995873832702636719e+01
1.860397176742553711e+02 6.792199230194091797e+01 1.697695350646972656e+01 2.033365821838378906e+01
1.870681095123291016e+02 6.666327857971191406e+01 1.663611221313476562e+01 2.048498153686523438e+01
1.887344455718994141e+02 6.705589485168457031e+01 1.658285903930664062e+01 2.126221084594726562e+01
1.899525079727172852e+02 6.647925376892089844e+01 1.659593772888183594e+01 2.115942764282226562e+01
1.915207309722900391e+02 6.700137329101562500e+01 1.687590408325195312e+01 2.193940734863281250e+01
1.929208536148071289e+02 6.702811241149902344e+01 1.737861442565917969e+01 2.113386154174804688e+01
1.936078767776489258e+02 6.658006954193115234e+01 1.654436302185058594e+01 2.040788459777832031e+01
1.946066999435424805e+02 6.648839473724365234e+01 1.737044715881347656e+01 2.095870399475097656e+01
1.964504518508911133e+02 6.686744403839111328e+01 1.726027488708496094e+01 2.029934501647949219e+01
1.974279184341430664e+02 6.683998107910156250e+01 1.774426078796386719e+01 2.149722290039062500e+01
1.991067657470703125e+02 6.631812858581542969e+01 1.730258941650390625e+01 2.081030654907226562e+01
2.005040769577026367e+02 6.646301078796386719e+01 1.697648048400878906e+01 2.229044723510742188e+01
2.015010280609130859e+02 6.513696956634521484e+01 1.682529067993164062e+01 2.211468696594238281e+01
2.035495700836181641e+02 6.349889659881591797e+01 1.684449386596679688e+01 2.404982948303222656e+01
2.046326761245727539e+02 6.535909461975097656e+01 1.640315818786621094e+01 2.387384414672851562e+01
2.058767843246459961e+02 6.263542842864990234e+01 1.572761726379394531e+01 2.414151191711425781e+01
2.061724023818969727e+02 6.496467685699462891e+01 1.625577354431152344e+01 2.245070457458496094e+01
2.077753295898437500e+02 6.416330718994140625e+01 1.680683135986328125e+01 2.321366119384765625e+01
2.080454349517822266e+02 6.495443153381347656e+01 1.625965499877929688e+01 2.197374343872070312e+01
2.091419811248779297e+02 6.555498123168945312e+01 1.707540512084960938e+01 2.144835662841796875e+01
2.104104499816894531e+02 6.569704437255859375e+01 1.697921752929687500e+01 2.053416442871093750e+01
2.121625738143920898e+02 6.614168167114257812e+01 1.661074256896972656e+01 1.947601318359375000e+01
2.136136140823364258e+02 6.580787181854248047e+01 1.675832939147949219e+01 2.017911720275878906e+01
2.138432826995849609e+02 6.601058673858642578e+01 1.715559768676757812e+01 1.993145561218261719e+01
2.155520572662353516e+02 6.686571693420410156e+01 1.601189804077148438e+01 1.940011215209960938e+01
2.164690942764282227e+02 6.561333942413330078e+01 1.608588218688964844e+01 2.027263450622558594e+01
2.177466535568237305e+02 6.633058071136474609e+01 1.681346321105957031e+01 1.976759529113769531e+01
2.189751796722412109e+02 6.553170394897460938e+01 1.677895736694335938e+01 2.175865173339843750e+01
2.200854682922363281e+02 6.583597564697265625e+01 1.634268188476562500e+01 2.076827239990234375e+01
2.205393462181091309e+02 6.509162521362304688e+01 1.588697528839111328e+01 2.262757110595703125e+01
2.221092004776000977e+02 6.531089973449707031e+01 1.697590446472167969e+01 2.211898422241210938e+01
2.232217979431152344e+02 6.516876411437988281e+01 1.647421264648437500e+01 2.369254684448242188e+01
2.239179582595825195e+02 6.454457950592041016e+01 1.626103782653808594e+01 2.367381095886230469e+01
2.245140142440795898e+02 6.485472106933593750e+01 1.611847877502441406e+01 2.304341125488281250e+01
2.258898267745971680e+02 6.465432643890380859e+01 1.611673927307128906e+01 2.450430488586425781e+01
2.270947656631469727e+02 6.489710903167724609e+01 1.571375083923339844e+01 2.394984626770019531e+01
2.280629396438598633e+02 6.561459159851074219e+01 1.587277793884277344e+01 2.430924606323242188e+01
2.289743309020996094e+02 6.480393218994140625e+01 1.595752716064453125e+01 2.588861846923828125e+01
2.291151208877563477e+02 6.448694992065429688e+01 1.629673576354980469e+01 2.919723510742187500e+01
2.302589607238769531e+02 6.447251510620117188e+01 1.651399993896484375e+01 2.556465911865234375e+01
2.311334338188171387e+02 6.400947189331054688e+01 1.575361728668212891e+01 2.374114990234375000e+01
2.314506750106811523e+02 6.404883861541748047e+01 1.727775001525878906e+01 2.803029060363769531e+01
2.321084451675415039e+02 6.379271888732910156e+01 1.619418144226074219e+01 2.752869033813476562e+01
2.331072006225585938e+02 6.359632301330566406e+01 1.680047607421875000e+01 2.513346481323242188e+01
2.341562871932983398e+02 6.403093433380126953e+01 1.627191352844238281e+01 2.139493370056152344e+01
