8.900000000000000000e+01 8.300000000000000000e+01 2.200000000000000000e+01 1.500000000000000000e+01
8.941520786285400391e+01 8.306973266601562500e+01 2.475240135192871094e+01 1.409102630615234375e+01
8.894957542419433594e+01 8.313918161392211914e+01 2.391938400268554688e+01 1.421828746795654297e+01
9.004863643646240234e+01 8.275352954864501953e+01 2.450222206115722656e+01 1.430739402770996094e+01
9.043782234191894531e+01 8.318883752822875977e+01 2.391762161254882812e+01 1.405404949188232422e+01
9.032044887542724609e+01 8.366401004791259766e+01 2.516429328918457031e+01 1.400690269470214844e+01
9.072121524810791016e+01 8.292977428436279297e+01 2.387824058532714844e+01 1.433743476867675781e+01
9.156284236907958984e+01 8.293094587326049805e+01 2.417576789855957031e+01 1.454968357086181641e+01
9.159479427337646484e+01 8.356573581695556641e+01 2.375712013244628906e+01 1.445459556579589844e+01
9.245838451385498047e+01 8.345983028411865234e+01 2.339470863342285156e+01 1.501314735412597656e+01
9.302526950836181641e+01 8.302178668975830078e+01 2.327155876159667969e+01 1.519589805603027344e+01
9.389432334899902344e+01 8.339082813262939453e+01 2.292609786987304688e+01 1.504220390319824219e+01
9.356217765808105469e+01 8.381217002868652344e+01 2.322531509399414062e+01 1.491873550415039062e+01
9.479257965087890625e+01 8.329176902770996094e+01 2.261615753173828125e+01 1.541366195678710938e+01
9.526039695739746094e+01 8.303463029861450195e+01 2.317461776733398438e+01 1.558352565765380859e+01
9.497258377075195312e+01 8.287997245788574219e+01 2.446822357177734375e+01 1.578125381469726562e+01
9.610878944396972656e+01 8.356806945800781250e+01 2.377769088745117188e+01 1.563813018798828125e+01
9.696384620666503906e+01 8.315400600433349609e+01 2.372388076782226562e+01 1.588107490539550781e+01
9.695165157318115234e+01 8.320184803009033203e+01 2.386584663391113281e+01 1.601287651062011719e+01
9.706245326995849609e+01 8.359245443344116211e+01 2.403605842590332031e+01 1.574226093292236328e+01
9.775054740905761719e+01 8.369975376129150391e+01 2.458101272583007812e+01 1.611459922790527344e+01
9.883893680572509766e+01 8.342617464065551758e+01 2.400765800476074219e+01 1.579666042327880859e+01
9.810518741607666016e+01 8.419746065139770508e+01 2.614903068542480469e+01 1.590970516204833984e+01
9.915962791442871094e+01 8.372346687316894531e+01 2.552730941772460938e+01 1.619870376586914062e+01
9.958907890319824219e+01 8.351577663421630859e+01 2.561854171752929688e+01 1.613740730285644531e+01
1.001863660812377930e+02 8.349718761444091797e+01 2.669345283508300781e+01 1.586795234680175781e+01
1.009207544326782227e+02 8.442809391021728516e+01 2.623074913024902344e+01 1.554712486267089844e+01
1.005286626815795898e+02 8.433119726181030273e+01 2.641186714172363281e+01 1.550641345977783203e+01
1.012466220855712891e+02 8.516199350357055664e+01 2.712086105346679688e+01 1.508414745330810547e+01
1.022450733184814453e+02 8.398069381713867188e+01 2.706781387329101562e+01 1.614845275878906250e+01
1.029363012313842773e+02 8.360852622985839844e+01 2.808299446105957031e+01 1.650223922729492188e+01
1.038953285217285156e+02 8.478255510330200195e+01 2.756983947753906250e+01 1.579158687591552734e+01
1.045996532440185547e+02 8.567285442352294922e+01 2.820843887329101562e+01 1.520130348205566406e+01
1.052472505569458008e+02 8.450116729736328125e+01 2.793599510192871094e+01 1.692736816406250000e+01
1.062706966400146484e+02 8.486136817932128906e+01 2.771176528930664062e+01 1.686094284057617188e+01
1.065720109939575195e+02 8.411227035522460938e+01 2.752093315124511719e+01 1.708526611328125000e+01
1.073059492111206055e+02 8.492032623291015625e+01 2.813367652893066406e+01 1.666098022460937500e+01
1.099871101379394531e+02 8.433836650848388672e+01 2.594287872314453125e+01 1.702872657775878906e+01
1.119737691879272461e+02 8.391306495666503906e+01 2.501629066467285156e+01 1.766128921508789062e+01
1.106782846450805664e+02 8.394971561431884766e+01 2.831171226501464844e+01 1.768295860290527344e+01
1.143956480026245117e+02 8.443881225585937500e+01 2.431709480285644531e+01 1.745513153076171875e+01
1.118768501281738281e+02 8.459089851379394531e+01 2.793016052246093750e+01 1.772334671020507812e+01
1.142841768264770508e+02 8.485351848602294922e+01 2.690768241882324219e+01 1.771576118469238281e+01
1.147896499633789062e+02 8.414659595489501953e+01 2.722755432128906250e+01 1.762231254577636719e+01
1.187847156524658203e+02 8.498267078399658203e+01 2.462139511108398438e+01 1.720054435729980469e+01
1.184036426544189453e+02 8.437701416015625000e+01 2.551081466674804688e+01 1.806890869140625000e+01
1.198970680236816406e+02 8.461956501007080078e+01 2.511508178710937500e+01 1.815078544616699219e+01
1.187500658035278320e+02 8.451871204376220703e+01 2.855216026306152344e+01 1.837418174743652344e+01
1.191189775466918945e+02 8.475298690795898438e+01 2.868107414245605469e+01 1.851283264160156250e+01
1.224898576736450195e+02 8.456909656524658203e+01 2.702520561218261719e+01 1.870404624938964844e+01
1.225348749160766602e+02 8.507598209381103516e+01 2.698321342468261719e+01 1.849258995056152344e+01
1.215352611541748047e+02 8.496557521820068359e+01 3.076108932495117188e+01 1.861180305480957031e+01
1.220108566284179688e+02 8.503374576568603516e+01 3.089807891845703125e+01 1.858306694030761719e+01
1.244019813537597656e+02 8.522464275360107422e+01 3.017519378662109375e+01 1.851922035217285156e+01
1.227294120788574219e+02 8.478205585479736328e+01 3.355469512939453125e+01 1.886628532409667969e+01
1.229611663818359375e+02 8.533226299285888672e+01 3.353318786621093750e+01 1.870554542541503906e+01
1.263265638351440430e+02 8.482580661773681641e+01 3.180945777893066406e+01 1.865499687194824219e+01
1.255217380523681641e+02 8.565570926666259766e+01 3.439524459838867188e+01 1.840035820007324219e+01
1.240075225830078125e+02 8.510647201538085938e+01 4.147596740722656250e+01 1.884806060791015625e+01
1.257084083557128906e+02 8.489537334442138672e+01 3.852916717529296875e+01 1.854030799865722656e+01
1.283181877136230469e+02 8.528486919403076172e+01 3.528545379638671875e+01 1.909960365295410156e+01
1.267150955200195312e+02 8.529012966156005859e+01 4.012460327148437500e+01 1.903289985656738281e+01
1.299153289794921875e+02 8.539281082153320312e+01 3.818559265136718750e+01 1.946411895751953125e+01
1.328093547821044922e+02 8.511618423461914062e+01 3.752344131469726562e+01 1.933127593994140625e+01
1.339424247741699219e+02 8.568727684020996094e+01 3.728882598876953125e+01 1.961059951782226562e+01
1.343281250000000000e+02 8.603205013275146484e+01 3.596583557128906250e+01 1.978970527648925781e+01
1.342944755554199219e+02 8.569943618774414062e+01 3.669239044189453125e+01 1.965061187744140625e+01
1.355612258911132812e+02 8.634647941589355469e+01 3.602641296386718750e+01 1.903726577758789062e+01
1.348377361297607422e+02 8.644722461700439453e+01 3.801770401000976562e+01 1.938884544372558594e+01
1.358567886352539062e+02 8.578370189666748047e+01 3.710700988769531250e+01 2.020110511779785156e+01
1.395743522644042969e+02 8.635878753662109375e+01 3.556647491455078125e+01 1.994679260253906250e+01
1.389347839355468750e+02 8.599405860900878906e+01 3.747303771972656250e+01 2.073388290405273438e+01
1.392557983398437500e+02 8.636144256591796875e+01 3.789775085449218750e+01 2.050473022460937500e+01
1.424701442718505859e+02 8.559430789947509766e+01 3.656743240356445312e+01 2.067390251159667969e+01
1.418601875305175781e+02 8.584876251220703125e+01 3.838924407958984375e+01 2.070516967773437500e+01
1.418905429840087891e+02 8.597070217132568359e+01 3.959266281127929688e+01 2.060305976867675781e+01
1.486406326293945312e+02 8.561708545684814453e+01 3.686763000488281250e+01 2.116774559020996094e+01
1.464527359008789062e+02 8.593453407287597656e+01 4.079222106933593750e+01 2.127846908569335938e+01
1.468659095764160156e+02 8.541662693023681641e+01 4.018825531005859375e+01 2.133891105651855469e+01
1.487735195159912109e+02 8.557224178314208984e+01 3.998692703247070312e+01 2.117604255676269531e+01
1.494182891845703125e+02 8.592824268341064453e+01 3.962438964843750000e+01 2.125449180603027344e+01
1.509646606445312500e+02 8.532729721069335938e+01 4.228361511230468750e+01 2.185260772705078125e+01
1.516765422821044922e+02 8.600858306884765625e+01 4.379751968383789062e+01 2.230212402343750000e+01
1.531869506835937500e+02 8.620823669433593750e+01 4.252850341796875000e+01 2.197996520996093750e+01
1.546240768432617188e+02 8.569747066497802734e+01 4.307745361328125000e+01 2.264418220520019531e+01
1.570864963531494141e+02 8.548007106781005859e+01 3.979763412475585938e+01 2.222026252746582031e+01
1.562830600738525391e+02 8.592642307281494141e+01 4.161071395874023438e+01 2.237261772155761719e+01
1.549711418151855469e+02 8.554761886596679688e+01 4.728458404541015625e+01 2.275275421142578125e+01
1.636210365295410156e+02 8.633888435363769531e+01 4.389414215087890625e+01 2.292321395874023438e+01
1.595567398071289062e+02 8.642476177215576172e+01 5.140896606445312500e+01 2.335219764709472656e+01
1.635982837677001953e+02 8.604125595092773438e+01 4.782557296752929688e+01 2.391469573974609375e+01
1.639696807861328125e+02 8.644579887390136719e+01 4.888320922851562500e+01 2.365466690063476562e+01
1.667274436950683594e+02 8.593244647979736328e+01 4.774114227294921875e+01 2.413284873962402344e+01
1.671687259674072266e+02 8.575807380676269531e+01 4.935937118530273438e+01 2.448823165893554688e+01
1.698887653350830078e+02 8.547229290008544922e+01 4.700020980834960938e+01 2.530646705627441406e+01
1.716433544158935547e+02 8.572478294372557173e+01 4.683935928344726562e+01 2.477670669555664062e+01
1.722094173431396484e+02 8.599950885772703657e+01 4.740829849243164062e+01 2.462695884704589844e+01
1.750113315582275391e+02 8.590928936004637251e+01 4.776731491088867188e+01 2.456603431701660156e+01
1.759919013977050781e+02 8.651484680175779829e+01 4.864658355712890625e+01 2.468492126464843750e+01
1.782712383270263672e+02 8.631725502014158735e+01 5.037454605102539062e+01 2.487304306030273438e+01
1.798266544342041016e+02 8.668494701385496626e+01 5.100103378295898438e+01 2.523362159729003906e+01
1.836848583221435547e+02 8.691279220581053266e+01 4.923341751098632812e+01 2.517465972900390625e+01
1.823602008819580078e+02 8.563248729705809126e+01 5.088491439819335938e+01 2.628331947326660156e+01
1.887073020935058594e+02 8.669268798828123579e+01 4.871134185791015625e+01 2.543508911132812500e+01
1.914823722839355469e+02 8.676498603820799360e+01 4.739693450927734375e+01 2.537655258178710938e+01
1.895454692840576172e+02 8.642094802856443891e+01 5.250412368774414062e+01 2.584387969970703125e+01
1.935176868438720703e+02 8.620765686035154829e+01 4.938480758666992188e+01 2.555323791503906250e+01
1.911581668853759766e+02 8.607933044433592329e+01 5.495122909545898438e+01 2.555763244628906250e+01
1.933456172943115234e+02 8.623027229309079189e+01 5.546886062622070312e+01 2.581126022338867188e+01
1.962268505096435547e+02 8.637638568878170986e+01 5.473483657836914062e+01 2.594576072692871094e+01
1.948054294586181641e+02 8.613731575012204189e+01 5.854356002807617188e+01 2.614857101440429688e+01
1.932791366577148438e+02 8.643741893768307705e+01 6.126327514648437500e+01 2.612778663635253906e+01
2.149190979003906250e+02 8.675780582427975673e+01 4.202708435058593750e+01 2.694743156433105469e+01
1.994183902740478516e+02 8.655386161804196377e+01 6.025632858276367188e+01 2.609550857543945312e+01
2.021254310607910156e+02 8.656318569183346767e+01 5.762958526611328125e+01 2.601971626281738281e+01
2.035623855590820312e+02 8.618518066406247158e+01 5.712713623046875000e+01 2.638626098632812500e+01
2.121722412109375000e+02 8.699081993103024502e+01 5.604087829589843750e+01 2.642561721801757812e+01
2.100688877105712891e+02 8.675051498413083095e+01 5.751527023315429688e+01 2.713449859619140625e+01
2.128681201934814453e+02 8.728245830535885830e+01 6.238695907592773438e+01 2.735221290588378906e+01
2.136406574249267578e+02 8.742899513244626064e+01 6.205521774291992188e+01 2.786368942260742188e+01
2.221886997222900391e+02 8.757949447631833095e+01 5.802314376831054688e+01 2.903501129150390625e+01
2.185451698303222656e+02 8.714039230346676845e+01 6.521263885498046875e+01 2.883232879638671875e+01
2.178924217224121094e+02 8.617225837707516689e+01 6.791387176513671875e+01 3.209009933471679688e+01
1.853347606658935547e+02 8.629656219482419033e+01 3.085292434692382812e+01 2.092935180664062500e+01
1.479919986724853516e+02 8.629171466827389736e+01 2.437240219116210938e+01 1.699082756042480469e+01
1.483387355804443359e+02 8.662538337707516689e+01 2.470875167846679688e+01 1.651762771606445312e+01
1.478155975341796875e+02 8.655181884765622158e+01 2.520862579345703125e+01 1.678413391113281250e+01
1.479352092742919922e+02 8.681226444244381923e+01 2.486030960083007812e+01 1.681810569763183594e+01
1.479096965789794922e+02 8.621302318572995205e+01 2.475469589233398438e+01 1.678532600402832031e+01
1.483594207763671875e+02 8.634483242034909267e+01 2.481576538085937500e+01 1.657096290588378906e+01
1.476738710403442383e+02 8.630320739746090908e+01 2.531767845153808594e+01 1.673725128173828125e+01
