2.140000000000000000e+02 6.100000000000000000e+01 1.900000000000000000e+01 2.100000000000000000e+01
2.126385574340820312e+02 6.045458126068115234e+01 2.113979339599609375e+01 1.881353187561035156e+01
2.135624780654907227e+02 6.092995548248291016e+01 2.115480613708496094e+01 1.829115867614746094e+01
2.131240530014038086e+02 6.075519180297851562e+01 2.238157844543457031e+01 1.835982513427734375e+01
2.146361083984375000e+02 6.143461322784423828e+01 2.023971557617187500e+01 1.797632408142089844e+01
2.138297481536865234e+02 6.209843826293945312e+01 2.122737503051757812e+01 1.816387176513671875e+01
2.138629636764526367e+02 6.070524883270263672e+01 2.210623359680175781e+01 1.848896217346191406e+01
2.135991020202636719e+02 6.135041236877441406e+01 2.228942871093750000e+01 1.812397384643554688e+01
2.141692943572998047e+02 6.127732467651367188e+01 2.196923446655273438e+01 1.807321166992187500e+01
2.141317548751831055e+02 6.148845195770263672e+01 2.168208503723144531e+01 1.828078651428222656e+01
2.141912384033203125e+02 6.013359737396240234e+01 2.034490203857421875e+01 1.906867408752441406e+01
2.138409042358398438e+02 6.157050609588623047e+01 2.186207580566406250e+01 1.849385261535644531e+01
2.141736421585083008e+02 6.088212108612060547e+01 2.109705924987792969e+01 1.920773506164550781e+01
2.137835140228271484e+02 6.017350101470947266e+01 2.125405502319335938e+01 1.961469078063964844e+01
2.133255929946899414e+02 6.071011543273925781e+01 2.232239341735839844e+01 1.964011764526367188e+01
2.129271278381347656e+02 6.062162113189697266e+01 2.158348846435546875e+01 1.952036857604980469e+01
2.126966686248779297e+02 6.014596843719482422e+01 2.148295974731445312e+01 1.977534675598144531e+01
2.118463897705078125e+02 6.025795459747314453e+01 2.210494995117187500e+01 2.028017234802246094e+01
2.106686887741088867e+02 6.057939529418945312e+01 2.194755744934082031e+01 2.054812622070312500e+01
2.082886304855346680e+02 6.008537864685058594e+01 2.205130958557128906e+01 2.118143844604492188e+01
2.068974895477294922e+02 6.010214519500732422e+01 2.153770828247070312e+01 2.106971931457519531e+01
2.057216396331787109e+02 6.023421955108642578e+01 2.095290756225585938e+01 2.085667228698730469e+01
2.038437156677246094e+02 6.007245349884033203e+01 1.991825103759765625e+01 2.149271202087402344e+01
2.019488029479980469e+02 5.994924449920654297e+01 1.975006866455078125e+01 2.179960823059082031e+01
2.004363193511962891e+02 6.007424449920654297e+01 1.805038070678710938e+01 2.181488990783691406e+01
1.987617397308349609e+02 6.005335330963134766e+01 1.989027786254882812e+01 2.215563774108886719e+01
1.949305801391601562e+02 6.062518596649169922e+01 1.621823883056640625e+01 2.150629615783691406e+01
1.937157430648803711e+02 6.238401412963867188e+01 1.682483100891113281e+01 2.037967681884765625e+01
1.928271331787109375e+02 6.231957626342773438e+01 1.783786773681640625e+01 2.032855224609375000e+01
1.917446289062500000e+02 6.261915588378906250e+01 2.016124725341796875e+01 2.034801483154296875e+01
1.906683712005615234e+02 6.282329368591308594e+01 1.895837020874023438e+01 1.943295669555664062e+01
1.902087774276733398e+02 6.252946090698242188e+01 2.036690711975097656e+01 1.999299621582031250e+01
1.861122636795043945e+02 6.167817783355712891e+01 2.286740684509277344e+01 2.054751396179199219e+01
1.814499025344848633e+02 5.854016113281250000e+01 2.368589591979980469e+01 2.536149597167968750e+01
1.798309335708618164e+02 5.887412357330322266e+01 2.322422599792480469e+01 2.364090538024902344e+01
1.756293573379516602e+02 5.334817123413085938e+01 2.635248374938964844e+01 2.604950714111328125e+01
1.752677297592163086e+02 5.720962333679199219e+01 2.385299110412597656e+01 2.463899612426757812e+01
1.741803398132324219e+02 5.976799583435058594e+01 2.214646911621093750e+01 2.436512374877929688e+01
1.424521999359130859e+02 3.724740982055664062e+01 2.181344223022460938e+01 1.774237060546875000e+01
1.444919109344482422e+02 1.941782760620117188e+01 3.505582809448242188e+01 3.916139221191406250e+01
1.415251655578613281e+02 2.046619415283203125e+01 5.275874328613281250e+01 4.130962371826171875e+01
1.738315505981445312e+02 6.090577793121337891e+01 2.665692901611328125e+01 2.512454795837402344e+01
1.743334178924560547e+02 6.630090427398681641e+01 2.245317459106445312e+01 2.232982444763183594e+01
1.720350732803344727e+02 6.643811988830566406e+01 2.331223106384277344e+01 2.121437454223632812e+01
1.698268756866455078e+02 6.595433425903320312e+01 2.252120590209960938e+01 2.166325378417968750e+01
1.660455169677734375e+02 6.578859710693359375e+01 2.176807403564453125e+01 2.112067413330078125e+01
1.629459981918334961e+02 6.536595058441162109e+01 2.112326240539550781e+01 2.208748054504394531e+01
1.607329120635986328e+02 6.566155052185058594e+01 2.002560043334960938e+01 2.196012496948242188e+01
1.596343145370483398e+02 6.560096263885498047e+01 2.109015083312988281e+01 2.023536109924316406e+01
1.574133625030517578e+02 6.480358505249023438e+01 2.053384017944335938e+01 2.183237457275390625e+01
1.538091773986816406e+02 6.455948543548583984e+01 2.071446990966796875e+01 2.189864540100097656e+01
1.509089965820312500e+02 6.512704467773437500e+01 2.219990539550781250e+01 2.101479339599609375e+01
1.486134252548217773e+02 6.498786449432373047e+01 2.284881019592285156e+01 2.098289680480957031e+01
1.466024417877197266e+02 6.639864349365234375e+01 2.273045730590820312e+01 2.100326538085937500e+01
1.445625905990600586e+02 6.603272914886474609e+01 2.296531867980957031e+01 2.141044044494628906e+01
1.425067329406738281e+02 6.697208976745605469e+01 2.239571380615234375e+01 1.884210586547851562e+01
1.406377115249633789e+02 6.741179275512695312e+01 2.268192863464355469e+01 1.913237762451171875e+01
1.398460645675659180e+02 6.815022182464599609e+01 2.278550148010253906e+01 2.027964210510253906e+01
1.386189403533935547e+02 6.837323379516601562e+01 2.259156417846679688e+01 2.149369812011718750e+01
1.384453964233398438e+02 6.777892684936523438e+01 2.148700714111328125e+01 2.172891998291015625e+01
1.377570781707763672e+02 6.832794284820556641e+01 2.051382064819335938e+01 2.159380149841308594e+01
1.377441425323486328e+02 6.906027793884277344e+01 2.108633041381835938e+01 2.164553451538085938e+01
1.379192333221435547e+02 6.935971736907958984e+01 2.070803451538085938e+01 2.081003761291503906e+01
1.385640630722045898e+02 6.874699878692626953e+01 2.080628395080566406e+01 2.085782432556152344e+01
1.393012952804565430e+02 6.863830375671386719e+01 2.006060981750488281e+01 2.086008834838867188e+01
1.386312580108642578e+02 6.806993865966796875e+01 2.022337722778320312e+01 2.137823486328125000e+01
1.383313493728637695e+02 6.825707340240478516e+01 2.002138328552246094e+01 2.134424400329589844e+01
1.392262821197509766e+02 6.831219959259033203e+01 2.015835952758789062e+01 2.153746604919433594e+01
1.388929758071899414e+02 6.792666339874267578e+01 2.000823020935058594e+01 2.078852653503417969e+01
1.394830083847045898e+02 6.892239284515380859e+01 2.017936134338378906e+01 2.098500251770019531e+01
1.393819608688354492e+02 6.846670436859130859e+01 2.028689765930175781e+01 2.057016181945800781e+01
1.399819717407226562e+02 6.900367546081542969e+01 2.041631317138671875e+01 2.036162948608398438e+01
1.410127038955688477e+02 6.853214645385742188e+01 2.110446739196777344e+01 2.026341247558593750e+01
1.417877101898193359e+02 6.820468616485595703e+01 2.083859634399414062e+01 1.960058403015136719e+01
1.431794376373291016e+02 6.887392520904541016e+01 2.218156051635742188e+01 1.900992393493652344e+01
1.443444080352783203e+02 6.878011989593505859e+01 2.091984939575195312e+01 1.911567878723144531e+01
1.468933439254760742e+02 6.948010635375976562e+01 2.210557746887207031e+01 1.941304016113281250e+01
1.498390893936157227e+02 6.805566978454589844e+01 2.395532035827636719e+01 2.037659072875976562e+01
1.559988088607788086e+02 6.644023895263671875e+01 2.276535224914550781e+01 2.244855499267578125e+01
1.618037519454956055e+02 6.576210498809814453e+01 2.179447364807128906e+01 2.292493247985839844e+01
1.661360015869140625e+02 6.617194461822509766e+01 1.962226104736328125e+01 2.361943626403808594e+01
1.675102634429931641e+02 6.543575668334960938e+01 1.969279861450195312e+01 2.364173889160156250e+01
1.691220226287841797e+02 5.960410785675048828e+01 2.530887985229492188e+01 2.530737113952636719e+01
1.759953432083129883e+02 3.341055107116699219e+01 2.284921073913574219e+01 2.149950790405273438e+01
1.794339389801025391e+02 3.208531093597412109e+01 2.213247299194335938e+01 2.232142829895019531e+01
1.802733030319213867e+02 3.258620834350585938e+01 2.509520912170410156e+01 2.401458740234375000e+01
1.840179071426391602e+02 6.519095611572265625e+01 2.327825736999511719e+01 2.179840850830078125e+01
1.868483295440673828e+02 6.564281082153320312e+01 2.402168655395507812e+01 2.023873901367187500e+01
1.902788333892822266e+02 6.485581588745117188e+01 2.320483016967773438e+01 2.139257049560546875e+01
1.933481044769287109e+02 6.331079769134521484e+01 2.144688796997070312e+01 2.158558845520019531e+01
1.959188518524169922e+02 6.291042327880859375e+01 2.245772933959960938e+01 2.286061096191406250e+01
1.984992485046386719e+02 6.256275081634521484e+01 2.223001861572265625e+01 2.335554695129394531e+01
2.008541059494018555e+02 6.257137584686279297e+01 2.093515968322753906e+01 2.236034584045410156e+01
2.034398269653320312e+02 6.252082061767578125e+01 2.183792877197265625e+01 2.234354400634765625e+01
2.056817750930786133e+02 6.214068603515625000e+01 2.161108207702636719e+01 2.174485778808593750e+01
2.082328958511352539e+02 6.131625270843505859e+01 2.187396812438964844e+01 2.135221290588378906e+01
2.103751974105834961e+02 6.231849575042724609e+01 2.082240486145019531e+01 2.056651496887207031e+01
2.121260662078857422e+02 6.084576892852783203e+01 2.223598861694335938e+01 2.106117820739746094e+01
2.142291336059570312e+02 6.136342048645019531e+01 2.212245941162109375e+01 2.057244491577148438e+01
2.164419355392456055e+02 6.158587455749511719e+01 2.198290443420410156e+01 2.130867385864257812e+01
2.189362297058105469e+02 6.097338485717773438e+01 2.171712493896484375e+01 2.186716461181640625e+01
2.213125247955322266e+02 6.126004409790039062e+01 2.170573043823242188e+01 2.208058929443359375e+01
2.239304780960083008e+02 6.111024093627929688e+01 2.089697837829589844e+01 2.200534820556640625e+01
2.262297687530517578e+02 6.117195987701416016e+01 2.018630599975585938e+01 2.171688652038574219e+01
2.281944952011108398e+02 6.038611316680908203e+01 1.934343910217285156e+01 2.206195640563964844e+01
2.310268068313598633e+02 6.122001361846923828e+01 1.754134178161621094e+01 2.170055961608886719e+01
2.321653337478637695e+02 6.113549041748046875e+01 1.751095390319824219e+01 2.221537780761718750e+01
2.330117912292480469e+02 6.049065589904785156e+01 1.842569732666015625e+01 2.254407119750976562e+01
2.347797460556030273e+02 6.059288501739501953e+01 1.745001411437988281e+01 2.289959526062011719e+01
2.325961246490478516e+02 6.076842689514160156e+01 1.962501907348632812e+01 2.288071823120117188e+01
2.387914748191833496e+02 6.096054744720458984e+01 1.538003253936767578e+01 2.280587959289550781e+01
2.348392400741577148e+02 6.013511371612548828e+01 2.079892158508300781e+01 2.395217704772949219e+01
2.377324323654174805e+02 5.844134140014648438e+01 1.889901161193847656e+01 2.543707275390625000e+01
2.322188100814819336e+02 5.643456268310546875e+01 2.495143318176269531e+01 2.678592681884765625e+01
2.381591682434082031e+02 5.830845928192138672e+01 2.132913970947265625e+01 2.543745613098144531e+01
2.375483798980712891e+02 5.952067184448242188e+01 2.233190536499023438e+01 2.437332916259765625e+01
2.370326137542724609e+02 5.625465488433837891e+01 2.240102005004882812e+01 2.706619834899902344e+01
2.342131347656250000e+02 5.831812286376953125e+01 2.408143615722656250e+01 2.688578796386718750e+01
2.329310340881347656e+02 5.691983032226562500e+01 2.637396240234375000e+01 2.661706542968750000e+01
2.349642524719238281e+02 6.085886859893798828e+01 2.219017028808593750e+01 2.374370384216308594e+01
2.315606718063354492e+02 5.808022594451904297e+01 2.621407508850097656e+01 2.423947334289550781e+01
2.145535087585449219e+02 2.870718669891357422e+01 3.355030059814453125e+01 2.719989967346191406e+01
2.238053512573242188e+02 2.674673938751220703e+01 3.411938476562500000e+01 3.050003623962402344e+01
2.266185293197631836e+02 2.528980255126953125e+01 2.938292121887207031e+01 3.299948120117187500e+01
2.169040451049804688e+02 2.555177688598632812e+01 3.364436340332031250e+01 3.369252777099609375e+01
2.261997594833374023e+02 2.619660758972167969e+01 2.963951301574707031e+01 3.339943313598632812e+01
2.200767192840576172e+02 2.438347625732421875e+01 3.422449111938476562e+01 3.690248107910156250e+01
2.260186462402343750e+02 2.323041343688964844e+01 3.081547546386718750e+01 3.614748001098632812e+01
2.204828510284423828e+02 2.545409965515136719e+01 4.133413314819335938e+01 3.614377212524414062e+01
2.287149200439453125e+02 2.573955154418945312e+01 3.528912353515625000e+01 3.818897247314453125e+01
2.225900974273681641e+02 2.546884918212890625e+01 3.979276657104492188e+01 3.706044006347656250e+01
2.146685695648193359e+02 3.612212276458740234e+01 2.946617507934570312e+01 2.383778572082519531e+01
2.221478614807128906e+02 3.604168319702148438e+01 2.316634368896484375e+01 2.248802947998046875e+01
2.189208803176879883e+02 3.494172477722167969e+01 2.918424797058105469e+01 2.493843460083007812e+01
2.201257028579711914e+02 3.452974033355712891e+01 2.967128562927246094e+01 2.634365653991699219e+01
2.410672740936279297e+02 5.936184883117675781e+01 2.322388839721679688e+01 2.233962631225585938e+01
2.420050678253173828e+02 5.982340335845947266e+01 2.326871109008789062e+01 2.205699729919433594e+01
2.425401954650878906e+02 5.891081905364990234e+01 2.303463745117187500e+01 2.260979652404785156e+01
2.433204746246337891e+02 5.891892051696777344e+01 2.244717788696289062e+01 2.218827438354492188e+01
2.440297050476074219e+02 5.851620864868164062e+01 2.271299743652343750e+01 2.238861083984375000e+01
2.453537216186523438e+02 5.878042316436767578e+01 2.260272979736328125e+01 2.206421470642089844e+01
2.456599960327148438e+02 5.858877182006835938e+01 2.232494354248046875e+01 2.144399261474609375e+01
2.462082529067993164e+02 6.024595832824707031e+01 2.245489311218261719e+01 2.020891189575195312e+01
2.469945678710937500e+02 5.719855976104736328e+01 2.225431060791015625e+01 2.176680564880371094e+01
2.466443405151367188e+02 5.957134914398193359e+01 2.221546936035156250e+01 1.938736152648925781e+01
2.472253236770629883e+02 5.946786689758300781e+01 2.185137748718261719e+01 1.969050979614257812e+01
2.477652063369750977e+02 5.974776554107666016e+01 2.247286033630371094e+01 1.915885734558105469e+01
2.477616920471191406e+02 5.996279716491699219e+01 2.070764160156250000e+01 1.873119735717773438e+01
2.475589828491210938e+02 6.074063110351562500e+01 2.096236419677734375e+01 1.741571807861328125e+01
2.482566680908203125e+02 6.102432823181152344e+01 2.153966522216796875e+01 1.777474594116210938e+01
2.484191732406616211e+02 5.828697967529296875e+01 2.062027168273925781e+01 1.950326538085937500e+01
2.479322471618652344e+02 5.637265110015869141e+01 2.084069061279296875e+01 2.025765800476074219e+01
2.466791143417358398e+02 5.620725631713867188e+01 2.126455116271972656e+01 2.076042175292968750e+01
2.460455207824707031e+02 5.405723667144775391e+01 2.208792114257812500e+01 2.114752006530761719e+01
2.446226730346679688e+02 5.361170101165771484e+01 2.249883270263671875e+01 2.170651435852050781e+01
2.449335145950317383e+02 5.263375186920166016e+01 2.200786399841308594e+01 2.130532646179199219e+01
2.443562631607055664e+02 5.159440994262695312e+01 2.192248344421386719e+01 2.174667358398437500e+01
2.438678417205810547e+02 5.195412158966064453e+01 2.133783340454101562e+01 2.136659049987792969e+01
2.434086141586303711e+02 5.209493255615234375e+01 2.113636207580566406e+01 2.068141937255859375e+01
2.439710359573364258e+02 5.157460975646972656e+01 2.076656913757324219e+01 2.081871414184570312e+01
2.435878190994262695e+02 5.194123840332031250e+01 2.110050773620605469e+01 2.059756469726562500e+01
2.429251241683959961e+02 5.133485507965087891e+01 2.093745613098144531e+01 2.064793205261230469e+01
2.444626922607421875e+02 5.118572330474853516e+01 2.030587768554687500e+01 2.082571983337402344e+01
2.441657409667968750e+02 5.158674240112304688e+01 2.113275909423828125e+01 2.107383728027343750e+01
2.442557754516601562e+02 5.217082118988037109e+01 2.110191345214843750e+01 2.142980384826660156e+01
2.450188989639282227e+02 5.416394042968750000e+01 2.160648155212402344e+01 2.097357177734375000e+01
2.447575197219848633e+02 5.606500434875488281e+01 2.183581352233886719e+01 2.110814285278320312e+01
2.421443614959716797e+02 5.915621089935302734e+01 2.304856491088867188e+01 2.021695899963378906e+01
2.408829307556152344e+02 6.106200218200683594e+01 2.263980865478515625e+01 2.117534255981445312e+01
2.400088644027709961e+02 5.674841690063476562e+01 2.520051002502441406e+01 2.358740997314453125e+01
2.352223463058471680e+02 5.754006290435791016e+01 2.547348976135253906e+01 2.699033164978027344e+01
2.367253990173339844e+02 6.382285213470458984e+01 2.361765289306640625e+01 2.564226722717285156e+01
2.333902931213378906e+02 6.789771461486816406e+01 2.352225494384765625e+01 2.152562332153320312e+01
2.317626972198486328e+02 7.102237701416015625e+01 2.299536514282226562e+01 2.339059448242187500e+01
2.302946014404296875e+02 7.328406047821044922e+01 2.258843994140625000e+01 2.330510139465332031e+01
2.278888826370239258e+02 7.662249374389648438e+01 2.381915855407714844e+01 2.290558624267578125e+01
2.254795408248901367e+02 7.813122844696044922e+01 2.402598762512207031e+01 2.338561439514160156e+01
2.229856481552124023e+02 8.115304660797119141e+01 2.485341835021972656e+01 2.459994316101074219e+01
2.212300720214843750e+02 8.435801792144775391e+01 2.462007141113281250e+01 2.412156486511230469e+01
2.181010360717773438e+02 8.809209442138671875e+01 2.331807708740234375e+01 2.196078491210937500e+01
2.161051578521728516e+02 9.065451812744140625e+01 2.423771286010742188e+01 2.186923980712890625e+01
2.143617601394653320e+02 9.104144954681396484e+01 2.464914512634277344e+01 2.415859413146972656e+01
2.128104810714721680e+02 9.280451393127441406e+01 2.474285316467285156e+01 2.454442977905273438e+01
2.099768323898315430e+02 9.614807796478271484e+01 2.410524177551269531e+01 2.412352180480957031e+01
2.063574390411376953e+02 9.755738735198974609e+01 2.497864913940429688e+01 2.407055854797363281e+01
2.042754163742065430e+02 1.003655519485473633e+02 2.519315528869628906e+01 2.502075767517089844e+01
2.012650194168090820e+02 1.021225605010986328e+02 2.487717247009277344e+01 2.444292831420898438e+01
1.980966434478759766e+02 1.049850931167602539e+02 2.545978927612304688e+01 2.487161064147949219e+01
1.952817449569702148e+02 1.070127916336059570e+02 2.583320045471191406e+01 2.464076805114746094e+01
1.917567777633666992e+02 1.092894029617309570e+02 2.654981422424316406e+01 2.539349937438964844e+01
1.887674922943115234e+02 1.115410680770874023e+02 2.735405349731445312e+01 2.576930427551269531e+01
1.859584589004516602e+02 1.134067468643188477e+02 2.685499382019042969e+01 2.635734367370605469e+01
1.837586364746093750e+02 1.146242494583129883e+02 2.718614196777343750e+01 2.733688926696777344e+01
1.802916679382324219e+02 1.184780912399291992e+02 2.739511871337890625e+01 2.552422523498535156e+01
1.775163784027099609e+02 1.212116127014160156e+02 2.793101119995117188e+01 2.498772430419921875e+01
1.748111753463745117e+02 1.233861284255981445e+02 2.730413246154785156e+01 2.550681114196777344e+01
1.724199628829956055e+02 1.245048475265502930e+02 2.779977607727050781e+01 2.666687965393066406e+01
1.687684650421142578e+02 1.271447162628173828e+02 2.766228103637695312e+01 2.648861312866210938e+01
1.663843479156494141e+02 1.277856798171997070e+02 2.736342239379882812e+01 2.821666526794433594e+01
1.647299623489379883e+02 1.298631782531738281e+02 2.588932609558105469e+01 2.727918243408203125e+01
1.615301752090454102e+02 1.317727146148681641e+02 2.642320823669433594e+01 2.488840866088867188e+01
1.592683191299438477e+02 1.324988536834716797e+02 2.417317771911621094e+01 2.609787368774414062e+01
1.562676362991333008e+02 1.343477497100830078e+02 2.626016807556152344e+01 2.594617843627929688e+01
1.529214744567871094e+02 1.360283555984497070e+02 2.518569183349609375e+01 2.564308738708496094e+01
1.501818065643310547e+02 1.386090326309204102e+02 2.323920822143554688e+01 2.373103141784667969e+01
1.504347486495971680e+02 1.418337745666503906e+02 2.534808540344238281e+01 2.404232788085937500e+01
1.481580524444580078e+02 1.426568880081176758e+02 2.599955368041992188e+01 2.401370048522949219e+01
1.476455526351928711e+02 1.455948038101196289e+02 2.500023078918457031e+01 2.230821800231933594e+01
1.491224603652954102e+02 1.457517976760864258e+02 2.272952079772949219e+01 2.177760887145996094e+01
1.475021295547485352e+02 1.426635646820068359e+02 2.581439781188964844e+01 2.168409347534179688e+01
1.487037153244018555e+02 1.312472066879272461e+02 2.461631965637207031e+01 2.642117500305175781e+01
1.505114345550537109e+02 1.320634632110595703e+02 2.485035324096679688e+01 2.572469711303710938e+01
1.532907104492187500e+02 1.259625749588012695e+02 2.533361053466796875e+01 2.619257164001464844e+01
1.549928293228149414e+02 1.171147260665893555e+02 2.683025169372558594e+01 2.899067878723144531e+01
1.561394405364990234e+02 1.172375640869140625e+02 2.514474105834960938e+01 2.505220794677734375e+01
1.570236482620239258e+02 1.107320013046264648e+02 2.461322593688964844e+01 2.642001533508300781e+01
1.582111701965332031e+02 1.051195144653320312e+02 2.509654998779296875e+01 2.697189331054687500e+01
1.589695367813110352e+02 1.007537555694580078e+02 2.493447685241699219e+01 2.608880996704101562e+01
1.606318597793579102e+02 9.616826820373535156e+01 2.474719047546386719e+01 2.519797897338867188e+01
1.610789976119995117e+02 9.227689838409423828e+01 2.480960273742675781e+01 2.487830162048339844e+01
1.628672866821289062e+02 8.538705348968505859e+01 2.530083465576171875e+01 2.553003120422363281e+01
1.634900341033935547e+02 8.181388282775878906e+01 2.721284103393554688e+01 2.651565933227539062e+01
1.657524280548095703e+02 8.117195510864257812e+01 2.301747512817382812e+01 2.261654663085937500e+01
1.668586063385009766e+02 7.558983707427978516e+01 2.244150161743164062e+01 2.384574699401855469e+01
1.671456136703491211e+02 7.063541507720947266e+01 2.256693458557128906e+01 2.450874900817871094e+01
1.686300382614135742e+02 6.738763904571533203e+01 2.174711799621582031e+01 2.342584037780761719e+01
1.692830686569213867e+02 6.535633563995361328e+01 2.076519966125488281e+01 2.006114768981933594e+01
1.731495733261108398e+02 6.005481624603271484e+01 2.109475135803222656e+01 2.044311714172363281e+01
1.752798433303833008e+02 5.253039360046386719e+01 2.866061973571777344e+01 2.723437881469726562e+01
1.735363321304321289e+02 5.735146903991699219e+01 2.419444084167480469e+01 2.399524307250976562e+01
1.765420923233032227e+02 5.113382530212402344e+01 2.936344718933105469e+01 2.768594741821289062e+01
1.770957574844360352e+02 5.671402072906494141e+01 2.825039482116699219e+01 2.419169425964355469e+01
1.749611625671386719e+02 5.991968631744384766e+01 2.479961395263671875e+01 2.168971061706542969e+01
1.792529983520507812e+02 5.750976371765136719e+01 2.924203491210937500e+01 2.213472366333007812e+01
1.766190700531005859e+02 5.694156360626220703e+01 2.888115310668945312e+01 2.298486137390136719e+01
1.756926145553588867e+02 5.856021118164062500e+01 2.458565711975097656e+01 2.248703765869140625e+01
1.763155641555786133e+02 5.951133537292480469e+01 2.608809471130371094e+01 2.147510910034179688e+01
1.758450937271118164e+02 5.873243141174316406e+01 2.903787803649902344e+01 2.171223831176757812e+01
1.756938190460205078e+02 6.028790283203125000e+01 2.439555740356445312e+01 2.061640167236328125e+01
1.771577644348144531e+02 5.741760635375976562e+01 3.013601684570312500e+01 2.398146820068359375e+01
1.786555929183959961e+02 4.843042278289794922e+01 2.847301673889160156e+01 2.907083320617675781e+01
1.764371681213378906e+02 5.898751354217529297e+01 2.420166015625000000e+01 2.124136543273925781e+01
1.763415212631225586e+02 5.975774383544921875e+01 2.666580390930175781e+01 2.115940093994140625e+01
1.785326004028320312e+02 5.521420574188232422e+01 3.018875122070312500e+01 2.479353523254394531e+01
1.791624841690063477e+02 5.764180660247802734e+01 2.858892631530761719e+01 2.122504615783691406e+01
1.823162422180175781e+02 5.089123725891113281e+01 2.889469146728515625e+01 2.740259933471679688e+01
1.956256980895996094e+02 4.134908199310302734e+01 2.748827362060546875e+01 2.762085914611816406e+01
1.987929430007934570e+02 4.108966445922851562e+01 2.612488365173339844e+01 2.704560852050781250e+01
2.012460594177246094e+02 3.880710792541503906e+01 3.325186920166015625e+01 2.970932388305664062e+01
2.002597427368164062e+02 3.691153907775878906e+01 3.343336486816406250e+01 2.997381973266601562e+01
2.082153596878051758e+02 3.462102413177490234e+01 3.047949790954589844e+01 2.745104408264160156e+01
2.140538215637207031e+02 2.848154640197753906e+01 2.846625518798828125e+01 2.878059768676757812e+01
1.995114860534667969e+02 5.412835121154785156e+01 2.323194885253906250e+01 2.208980178833007812e+01
2.020630044937133789e+02 5.354484558105468750e+01 2.405260276794433594e+01 2.241869354248046875e+01
2.044394378662109375e+02 5.326237773895263672e+01 2.313349151611328125e+01 2.130941963195800781e+01
2.076100234985351562e+02 5.251216697692871094e+01 2.322014617919921875e+01 2.144683456420898438e+01
2.095071220397949219e+02 5.247231769561767578e+01 2.341268157958984375e+01 2.113287925720214844e+01
2.123460626602172852e+02 5.158481693267822266e+01 2.396890068054199219e+01 2.123307609558105469e+01
2.145991830825805664e+02 5.079430007934570312e+01 2.308788871765136719e+01 2.160392761230468750e+01
2.167629117965698242e+02 5.084296417236328125e+01 2.307582283020019531e+01 2.049571228027343750e+01
2.187589960098266602e+02 4.987256336212158203e+01 2.306330680847167969e+01 2.203052330017089844e+01
2.212682371139526367e+02 5.126647186279296875e+01 2.216532325744628906e+01 2.076020812988281250e+01
2.233973960876464844e+02 4.868794345855712891e+01 2.344609832763671875e+01 2.214880180358886719e+01
2.251739721298217773e+02 4.934544944763183594e+01 2.228712654113769531e+01 2.155943679809570312e+01
2.271462411880493164e+02 4.904909610748291016e+01 2.280778312683105469e+01 2.153532981872558594e+01
2.288350667953491211e+02 4.854276180267333984e+01 2.216605567932128906e+01 2.236978340148925781e+01
2.300070152282714844e+02 4.771510791778564453e+01 2.262488555908203125e+01 2.223991203308105469e+01
2.302143821716308594e+02 4.731053543090820312e+01 2.376908874511718750e+01 2.289705657958984375e+01
2.325988273620605469e+02 4.707420825958251953e+01 2.168769073486328125e+01 2.282036399841308594e+01
2.344175987243652344e+02 4.629770183563232422e+01 2.356124114990234375e+01 2.302329444885253906e+01
2.358266134262084961e+02 4.705718135833740234e+01 2.163603401184082031e+01 2.202231025695800781e+01
2.349170579910278320e+02 4.442716884613037109e+01 2.297861289978027344e+01 2.305542945861816406e+01
2.355597381591796875e+02 4.005321216583251953e+01 2.694268035888671875e+01 2.517870903015136719e+01
2.300364570617675781e+02 3.790197849273681641e+01 3.066369628906250000e+01 2.728685569763183594e+01
2.404447908401489258e+02 4.536412620544433594e+01 2.222688102722167969e+01 2.240050888061523438e+01
2.413603773117065430e+02 4.250683879852294922e+01 2.375673866271972656e+01 2.290751075744628906e+01
2.427567567825317383e+02 4.317061996459960938e+01 2.263630485534667969e+01 2.274951171875000000e+01
2.437587594985961914e+02 4.313738822937011719e+01 2.282822227478027344e+01 2.216766738891601562e+01
2.442128973007202148e+02 4.386335563659667969e+01 2.353554725646972656e+01 2.128242111206054688e+01
2.448118314743041992e+02 4.057708549499511719e+01 2.548768806457519531e+01 2.337521743774414062e+01
2.448321561813354492e+02 4.200399875640869141e+01 2.349740028381347656e+01 2.222839927673339844e+01
2.459387340545654297e+02 4.064150333404541016e+01 2.404193496704101562e+01 2.267424583435058594e+01
2.458521280288696289e+02 4.226527404785156250e+01 2.302827262878417969e+01 2.194816589355468750e+01
2.452250394821166992e+02 4.228196239471435547e+01 2.394193458557128906e+01 2.126930427551269531e+01
2.446158056259155273e+02 4.318342399597167969e+01 2.314383125305175781e+01 2.096502304077148438e+01
2.447329664230346680e+02 4.243741130828857422e+01 2.208555030822753906e+01 2.060048866271972656e+01
2.461451921463012695e+02 4.256562519073486328e+01 2.179060173034667969e+01 2.076497459411621094e+01
2.454141435623168945e+02 4.239550209045410156e+01 2.214577293395996094e+01 2.089700698852539062e+01
2.460940818786621094e+02 4.244886398315429688e+01 2.223189544677734375e+01 2.044685363769531250e+01
2.440936632156372070e+02 4.637217903137207031e+01 2.141328239440917969e+01 1.985654830932617188e+01
2.427282838821411133e+02 4.653732585906982422e+01 2.157013511657714844e+01 2.082914924621582031e+01
2.416834049224853516e+02 4.594590282440185547e+01 2.221091842651367188e+01 2.378522682189941406e+01
2.416440200805664062e+02 4.968330001831054688e+01 2.204366302490234375e+01 1.794423675537109375e+01
2.401221218109130859e+02 5.020599842071533203e+01 2.204738998413085938e+01 2.228136253356933594e+01
2.387355480194091797e+02 5.198502349853515625e+01 2.261225509643554688e+01 2.166722106933593750e+01
2.379268388748168945e+02 5.432009029388427734e+01 2.223603630065917969e+01 2.198947334289550781e+01
2.370224113464355469e+02 5.509599399566650391e+01 2.235500335693359375e+01 2.217030906677246094e+01
2.369828643798828125e+02 5.702079772949218750e+01 2.189322662353515625e+01 2.189316558837890625e+01
2.358537139892578125e+02 5.846585464477539062e+01 2.158109283447265625e+01 2.186311340332031250e+01
2.352667837142944336e+02 5.985327243804931641e+01 2.094958686828613281e+01 2.178349876403808594e+01
2.346394491195678711e+02 6.128814029693603516e+01 2.156360054016113281e+01 2.246782493591308594e+01
2.335672025680541992e+02 6.262488651275634766e+01 2.193779945373535156e+01 2.279034996032714844e+01
2.327181339263916016e+02 6.386848163604736328e+01 2.246558761596679688e+01 2.267826652526855469e+01
2.326819086074829102e+02 6.483526992797851562e+01 2.268408012390136719e+01 2.258290100097656250e+01
2.316648015975952148e+02 6.714311504364013672e+01 2.336374855041503906e+01 2.241726112365722656e+01
2.308691663742065430e+02 6.849614810943603516e+01 2.222029304504394531e+01 2.235345268249511719e+01
2.296050653457641602e+02 7.056912803649902344e+01 2.287183952331542969e+01 2.138023757934570312e+01
2.288006162643432617e+02 7.152654838562011719e+01 2.335793495178222656e+01 2.194202041625976562e+01
2.281366062164306641e+02 7.333963871002197266e+01 2.411071395874023438e+01 2.216124534606933594e+01
2.266988525390625000e+02 7.412091922760009766e+01 2.391859436035156250e+01 2.290299034118652344e+01
2.256765899658203125e+02 7.354091930389404297e+01 2.376087188720703125e+01 2.395734596252441406e+01
2.257445507049560547e+02 7.576210117340087891e+01 2.202326583862304688e+01 2.306823539733886719e+01
2.245993127822875977e+02 7.728777885437011719e+01 2.289063072204589844e+01 2.220087051391601562e+01
2.217773323059082031e+02 7.789825153350830078e+01 2.319980621337890625e+01 2.346367454528808594e+01
2.202290763854980469e+02 7.970771789550781250e+01 2.461858367919921875e+01 2.321021270751953125e+01
2.184763326644897461e+02 8.084266471862792969e+01 2.439766120910644531e+01 2.338542556762695312e+01
2.173044462203979492e+02 8.143476295471191406e+01 2.435296058654785156e+01 2.392303085327148438e+01
2.169337625503540039e+02 8.285354137420654297e+01 2.405553245544433594e+01 2.322473335266113281e+01
2.167507648468017578e+02 8.382875061035156250e+01 2.421590805053710938e+01 2.361051177978515625e+01
2.146439790725708008e+02 8.471527385711669922e+01 2.402464866638183594e+01 2.389462471008300781e+01
2.131535806655883789e+02 8.577400779724121094e+01 2.425536155700683594e+01 2.353361129760742188e+01
2.122679109573364258e+02 8.683771324157714844e+01 2.408266258239746094e+01 2.364043045043945312e+01
2.112508230209350586e+02 8.833605289459228516e+01 2.359272956848144531e+01 2.315962028503417969e+01
2.087170495986938477e+02 9.064867019653320312e+01 2.298695945739746094e+01 2.287500762939453125e+01
2.075379018783569336e+02 9.035430622100830078e+01 2.297749519348144531e+01 2.404030418395996094e+01
2.065411891937255859e+02 9.215040588378906250e+01 2.485782241821289062e+01 2.447267913818359375e+01
2.048972368240356445e+02 9.268982315063476562e+01 2.455972862243652344e+01 2.523327636718750000e+01
2.035147743225097656e+02 9.351630592346191406e+01 2.228240203857421875e+01 2.494633102416992188e+01
2.020909814834594727e+02 9.609626197814941406e+01 2.220053672790527344e+01 2.296657180786132812e+01
2.013262882232666016e+02 9.654766273498535156e+01 2.313875198364257812e+01 2.399900436401367188e+01
2.005780601501464844e+02 9.737996959686279297e+01 2.230044555664062500e+01 2.226935005187988281e+01
1.998601474761962891e+02 9.599736881256103516e+01 2.172546005249023438e+01 2.310930442810058594e+01
2.012482032775878906e+02 9.514126110076904297e+01 2.445730590820312500e+01 2.359013557434082031e+01
2.004769086837768555e+02 9.282027053833007812e+01 2.372107124328613281e+01 2.361727142333984375e+01
1.999438047409057617e+02 9.089025211334228516e+01 2.367618751525878906e+01 2.344613456726074219e+01
2.001704854965209961e+02 8.718443202972412109e+01 2.484840583801269531e+01 2.448282814025878906e+01
1.992116975784301758e+02 8.651174640655517578e+01 2.491759300231933594e+01 2.376083946228027344e+01
1.991775617599487305e+02 8.411099243164062500e+01 2.446447181701660156e+01 2.389714050292968750e+01
1.985912666320800781e+02 8.185381984710693359e+01 2.480184936523437500e+01 2.365357398986816406e+01
1.984218692779541016e+02 8.093193912506103516e+01 2.399838638305664062e+01 2.196903800964355469e+01
1.978330326080322266e+02 7.952124023437500000e+01 2.377239608764648438e+01 2.212451171875000000e+01
1.973069572448730469e+02 7.731185054779052734e+01 2.380458831787109375e+01 2.160267066955566406e+01
1.967265491485595703e+02 7.516304683685302734e+01 2.390030288696289062e+01 2.238526344299316406e+01
1.952134447097778320e+02 7.344348049163818359e+01 2.388287925720214844e+01 2.276969337463378906e+01
1.939763259887695312e+02 7.151600456237792969e+01 2.342091369628906250e+01 2.284785079956054688e+01
1.924553499221801758e+02 6.911213779449462891e+01 2.310204887390136719e+01 2.342040061950683594e+01
1.908554229736328125e+02 6.810240554809570312e+01 2.266895294189453125e+01 2.328733825683593750e+01
1.892732734680175781e+02 6.616591167449951172e+01 2.271372222900390625e+01 2.343433570861816406e+01
1.882571220397949219e+02 6.488647174835205078e+01 2.242668151855468750e+01 2.288094902038574219e+01
1.886420011520385742e+02 6.357753276824951172e+01 2.213673591613769531e+01 2.280855751037597656e+01
1.873579425811767578e+02 6.273730278015136719e+01 1.941032028198242188e+01 2.232400131225585938e+01
1.856200609207153320e+02 6.146606636047363281e+01 2.172517967224121094e+01 2.242283248901367188e+01
1.847417335510253906e+02 5.991724777221679688e+01 2.183803558349609375e+01 2.220117950439453125e+01
1.833501453399658203e+02 5.837195777893066406e+01 2.197402572631835938e+01 2.175691604614257812e+01
1.815239105224609375e+02 5.794636249542236328e+01 2.217093658447265625e+01 2.170061302185058594e+01
1.796755943298339844e+02 5.582615184783935547e+01 2.251275634765625000e+01 2.220025062561035156e+01
1.777628002166748047e+02 5.563938522338867188e+01 2.312286758422851562e+01 2.206892395019531250e+01
1.761167964935302734e+02 5.662562656402587891e+01 1.943455123901367188e+01 1.963142204284667969e+01
1.743880033493041992e+02 5.564607715606689453e+01 2.061033058166503906e+01 2.024197959899902344e+01
1.727675390243530273e+02 5.487410831451416016e+01 2.147230720520019531e+01 2.004350090026855469e+01
1.710592908859252930e+02 5.211931896209716797e+01 2.222791481018066406e+01 2.158801460266113281e+01
1.699382314682006836e+02 5.254246902465820312e+01 2.221621131896972656e+01 2.118152618408203125e+01
1.674641695022583008e+02 5.217565822601318359e+01 2.192718315124511719e+01 2.032945442199707031e+01
1.665164365768432617e+02 5.223065185546875000e+01 2.269902229309082031e+01 2.055735778808593750e+01
1.648428506851196289e+02 5.165360164642333984e+01 2.195665550231933594e+01 2.000029182434082031e+01
1.632630062103271484e+02 5.236417865753173828e+01 2.182741165161132812e+01 1.956885337829589844e+01
1.621018447875976562e+02 5.271624660491943359e+01 2.050394439697265625e+01 1.806659126281738281e+01
1.601682195663452148e+02 5.324993419647216797e+01 2.016596412658691406e+01 1.750511360168457031e+01
1.613377695083618164e+02 5.429295825958251243e+01 1.803806877136230469e+01 1.601614952087403054e+01
1.603183879852294922e+02 5.474613523483276367e+01 1.886378097534179688e+01 1.592834568023681641e+01
1.623152236938476562e+02 5.476116180419921875e+01 1.940189361572265625e+01 1.678500366210937500e+01
1.638939266204833984e+02 5.136262416839599609e+01 2.232383346557617188e+01 1.950833320617675781e+01
1.685758914947509766e+02 5.091468429565429688e+01 2.166819381713867188e+01 2.081266784667968750e+01
1.744170074462890625e+02 5.030782985687255859e+01 2.285272216796875000e+01 2.235840034484863281e+01
1.793111944198608398e+02 5.184988212585449219e+01 2.274701118469238281e+01 2.194277572631835938e+01
1.835393276214599609e+02 5.205164051055908203e+01 2.325609970092773438e+01 2.217221641540527344e+01
1.899414510726928711e+02 5.295528316497802734e+01 2.397740364074707031e+01 2.243792915344238281e+01
1.944305019378662109e+02 5.403463840484619141e+01 2.328860092163085938e+01 2.209240531921386719e+01
1.996332302093505859e+02 5.463622283935546875e+01 2.340221786499023438e+01 2.227456665039062500e+01
2.041492385864257812e+02 5.567010116577148438e+01 2.363112640380859375e+01 2.206005096435546875e+01
2.092360525131225586e+02 5.686789798736572266e+01 2.345033454895019531e+01 2.164300346374511719e+01
2.133216619491577148e+02 5.831619834899902344e+01 2.316465950012207031e+01 2.073414993286132812e+01
2.185064992904663086e+02 5.906848239898681641e+01 2.230701637268066406e+01 2.012908744812011719e+01
2.227709054946899414e+02 5.985301780700683594e+01 2.273490715026855469e+01 2.090639877319335938e+01
2.260394115447998047e+02 6.006498718261718750e+01 2.470403671264648438e+01 2.201312255859375000e+01
2.308143625259399414e+02 5.933341121673583984e+01 2.310986137390136719e+01 2.237581825256347656e+01
2.355208120346069336e+02 5.985602951049804688e+01 2.205300331115722656e+01 2.237284088134765625e+01
2.386811189651489258e+02 6.144027805328369141e+01 2.222111320495605469e+01 2.215060997009277344e+01
2.424064722061157227e+02 6.247541999816894531e+01 2.103917503356933594e+01 2.223405838012695312e+01
2.420906486511230469e+02 6.433216190338134766e+01 2.065238189697265625e+01 2.145860099792480469e+01
2.403567752838134766e+02 6.543984508514404297e+01 2.018312454223632812e+01 2.111886024475097656e+01
2.367087888717651367e+02 6.662250423431396484e+01 1.980187416076660156e+01 2.047961616516113281e+01
2.303515863418579102e+02 5.968869209289550781e+01 2.192739677429199219e+01 2.815417861938476562e+01
2.167549076080322266e+02 5.534867477416992188e+01 3.715677261352539062e+01 2.778456115722656250e+01
2.068041877746582031e+02 4.139216041564941406e+01 3.629753112792968750e+01 3.425802993774414062e+01
2.070338382720947266e+02 1.915315437316894531e+01 4.438878250122070312e+01 4.285757827758789062e+01
2.129360179901123047e+02 9.799407958984375000e+00 3.559217453002929688e+01 4.347122955322265625e+01
1.951326580047607422e+02 1.864515304565429688e+01 4.405266952514648438e+01 4.463003540039062500e+01
2.106744680404663086e+02 6.914638614654541016e+01 2.395725440979003906e+01 2.364465904235839844e+01
2.094160871505737305e+02 7.069591617584228516e+01 2.173810768127441406e+01 2.333040428161621094e+01
2.061357803344726562e+02 7.146198177337646484e+01 2.142420196533203125e+01 2.160954475402832031e+01
2.012977418899536133e+02 7.256725692749023438e+01 2.249277305603027344e+01 2.175785064697265625e+01
1.972725181579589844e+02 7.317740440368652344e+01 2.284324645996093750e+01 2.131375503540039062e+01
1.937755784988403320e+02 7.427217769622802734e+01 2.232909965515136719e+01 2.170166206359863281e+01
1.902970895767211914e+02 7.412103557586669922e+01 2.156508445739746094e+01 2.219600105285644531e+01
1.862299499511718750e+02 7.546255397796630859e+01 2.203831481933593750e+01 2.209665107727050781e+01
1.825009222030639648e+02 7.538052749633789062e+01 2.156517219543457031e+01 2.206366729736328125e+01
1.794185075759887695e+02 7.682947158813476562e+01 1.976734733581542969e+01 2.237582397460937500e+01
1.758145217895507812e+02 7.684582901000976562e+01 2.293407440185546875e+01 2.316802215576171875e+01
1.728256015777587891e+02 7.862949943542480469e+01 2.184200668334960938e+01 2.238251113891601562e+01
1.688129224777221680e+02 7.887653255462646484e+01 2.372282600402832031e+01 2.275597572326660156e+01
1.648525476455688477e+02 7.878410053253173828e+01 2.502364921569824219e+01 2.231832695007324219e+01
1.619828500747680664e+02 8.007732677459716797e+01 2.237281608581542969e+01 2.241180610656738281e+01
1.591676712036132812e+02 7.766934204101562500e+01 2.345774078369140625e+01 2.222592926025390625e+01
1.553701114654541016e+02 7.965321159362792969e+01 2.315109634399414062e+01 2.286200332641601562e+01
1.511860294342041016e+02 8.087299156188964844e+01 2.367695236206054688e+01 2.347575759887695312e+01
1.476106567382812500e+02 8.019619750976562500e+01 2.353923034667968750e+01 2.372451782226562500e+01
1.460931262969970703e+02 8.096750831604003906e+01 2.192102432250976562e+01 2.337020492553710938e+01
1.467961931228637695e+02 8.113130855560302734e+01 2.175127983093261719e+01 2.331324195861816406e+01
1.492419528961181641e+02 8.083549880981445312e+01 2.191087722778320312e+01 2.388562774658203125e+01
1.519634790420532227e+02 8.028599166870117188e+01 2.679050254821777344e+01 2.370735168457031250e+01
1.570105123519897461e+02 7.858331203460693359e+01 2.702770423889160156e+01 2.362774848937988281e+01
1.593111371994018555e+02 7.877818775177001953e+01 2.568087959289550781e+01 2.308045005798339844e+01
1.643364171981811523e+02 7.797292518615722656e+01 2.421253395080566406e+01 2.335769271850585938e+01
1.673340167999267578e+02 7.758878707885742188e+01 2.220650100708007812e+01 2.272915649414062500e+01
1.707678489685058594e+02 7.719559860229492188e+01 2.293620300292968750e+01 2.292350006103515625e+01
1.740460853576660156e+02 7.812160491943359375e+01 2.005384063720703125e+01 2.122048950195312500e+01
1.773527507781982422e+02 7.743201160430908203e+01 1.800587081909179688e+01 2.106410789489746094e+01
1.791301279067993164e+02 7.784523963928222656e+01 1.728791618347167969e+01 2.072818374633789062e+01
1.787885618209838867e+02 7.655269813537597656e+01 1.961538124084472656e+01 2.143165206909179688e+01
1.837065320014953613e+02 7.612945175170898438e+01 1.594126033782958984e+01 2.166512298583984375e+01
1.807685937881469727e+02 7.685286903381347656e+01 2.022672843933105469e+01 2.130052566528320312e+01
1.810921659469604492e+02 7.539612674713134766e+01 1.989183998107910156e+01 2.095599937438964844e+01
1.822142581939697266e+02 7.791348648071289062e+01 1.865007400512695312e+01 1.860170745849609375e+01
1.871346855163574219e+02 7.335961818695068359e+01 1.731526947021484375e+01 2.199278450012207031e+01
1.863612451553344727e+02 6.961611652374267578e+01 1.934807395935058594e+01 2.188161277770996094e+01
1.887496242523193359e+02 6.337842082977294922e+01 1.986492538452148438e+01 2.232627296447753906e+01
1.918932676315307617e+02 5.808652114868164062e+01 1.821169471740722656e+01 2.190802001953125000e+01
1.958479080200195312e+02 4.855815505981445312e+01 1.891103363037109375e+01 2.427075958251953125e+01
1.992784090042114258e+02 3.990515995025634766e+01 2.062848472595214844e+01 2.415595054626464844e+01
1.984876213073730469e+02 3.407718658447265625e+01 2.104552459716796875e+01 2.320192718505859375e+01
2.004156475067138672e+02 2.854914760589599609e+01 2.043743515014648438e+01 2.133427619934082031e+01
2.038642301559448242e+02 2.373298263549804688e+01 2.013124275207519531e+01 2.183216857910156250e+01
2.075858631134033203e+02 2.019764995574951172e+01 1.873295974731445312e+01 2.190297126770019531e+01
2.078753566741943359e+02 1.801666545867919922e+01 1.954975509643554688e+01 2.116671943664550781e+01
2.079543361663818359e+02 1.852208995819091797e+01 2.018280410766601562e+01 1.909424018859863281e+01
2.093887805938720703e+02 1.941987419128417969e+01 1.825550460815429688e+01 1.878908920288085938e+01
2.117108154296875000e+02 1.970256042480468750e+01 1.803876495361328125e+01 2.050031280517578125e+01
2.118298959732055664e+02 2.225766754150390625e+01 1.728329277038574219e+01 2.101897430419921875e+01
2.128494739532470703e+02 2.403176784515380859e+01 1.745025253295898438e+01 1.991614723205566406e+01
2.132860145568847656e+02 2.690308475494384055e+01 1.769460296630859375e+01 1.941789054870605469e+01
2.137037563323974609e+02 2.986981296539305930e+01 1.667416763305664062e+01 1.861923789978027344e+01
2.142475757598876953e+02 3.047139644622802024e+01 1.657543563842773438e+01 1.988158607482910156e+01
2.145497064590454102e+02 3.260650062561034446e+01 1.704633903503417969e+01 1.993330001831054688e+01
2.150394983291625977e+02 3.483186626434325461e+01 1.714368247985839844e+01 2.015258979797363281e+01
2.159943981170654297e+02 3.642576122283934836e+01 1.712575149536132812e+01 2.044093513488769531e+01
2.162135438919067383e+02 3.775145912170408735e+01 1.721459770202636719e+01 2.027869796752929688e+01
2.167699508666992188e+02 4.015281486511228337e+01 1.590447235107421875e+01 1.896718215942382812e+01
2.180449099540710449e+02 3.909823226928708806e+01 1.586451053619384766e+01 2.074108886718750000e+01
2.183193454742431641e+02 4.078411865234372868e+01 1.628256607055664062e+01 1.945546722412109375e+01
2.185074882507324219e+02 4.059756183624265446e+01 1.629677581787109375e+01 1.993034172058105469e+01
2.191236400604248047e+02 4.137821769714353337e+01 1.653984451293945312e+01 1.986841964721679688e+01
2.189471168518066406e+02 4.131760597229001775e+01 1.740419769287109375e+01 2.034747695922851562e+01
2.195892887115478516e+02 4.360177898406980290e+01 1.624214553833007812e+01 1.921920204162597656e+01
2.211056342124938965e+02 4.347494220733640446e+01 1.555378437042236328e+01 1.993540000915527344e+01
2.214156751632690430e+02 4.458933258056638493e+01 1.598204231262207031e+01 1.958672332763671164e+01
2.211907715797424316e+02 4.495858955383297939e+01 1.519504070281982422e+01 1.925381088256835938e+01
2.219251689910888672e+02 4.473463630676266689e+01 1.494482040405273438e+01 1.959976577758789062e+01
2.222438416481018066e+02 4.472229671478268642e+01 1.520205974578857422e+01 1.988160133361816406e+01
2.230053205490112305e+02 4.545233726501462002e+01 1.449255561828613281e+01 1.965024185180664062e+01
2.228016500473022461e+02 4.414980411529538173e+01 1.609353828430175781e+01 2.005313682556152344e+01
2.230831184387207031e+02 4.349063014984128017e+01 1.624728393554687500e+01 1.977514839172363281e+01
2.234781980514526367e+02 4.148188495635983486e+01 1.702824592590332031e+01 1.991134452819824219e+01
2.237099065780639648e+02 3.759712696075436611e+01 1.907826423645019531e+01 2.181288719177246094e+01
2.242474603652954102e+02 3.469911193847653408e+01 1.720709800720214844e+01 2.154105377197265625e+01
2.242954874038696289e+02 3.417548942565915127e+01 1.768917655944824219e+01 2.025671005249023438e+01
2.239864082336425781e+02 3.390016078948971767e+01 1.795096588134765625e+01 2.121399879455566406e+01
2.228122224807739258e+02 3.510313892364499111e+01 1.897387504577636719e+01 2.168601036071777344e+01
2.208209295272827148e+02 4.545756721496579189e+01 1.921628761291503906e+01 2.403277206420898438e+01
2.207401142120361328e+02 5.342001247406003017e+01 2.021031570434570312e+01 2.272266578674316406e+01
2.205074567794799805e+02 4.464762115478512783e+01 1.841108131408691406e+01 2.017717742919921875e+01
2.197798786163330078e+02 4.065954875946042080e+01 1.926432418823242188e+01 2.087125587463378906e+01
2.186160564422607422e+02 4.012834167480465908e+01 1.991605758666992188e+01 2.170474243164062500e+01
2.175755500793457031e+02 4.558647537231442470e+01 2.007603454589843750e+01 2.316264343261718750e+01
2.155245170593261719e+02 5.588443565368649502e+01 2.264880371093750000e+01 2.362749862670898438e+01
2.157259874343872070e+02 4.895313930511471767e+01 2.141322898864746094e+01 2.278605079650878906e+01
2.147810678482055664e+02 4.115819835662838955e+01 2.222680473327636719e+01 2.481125831604003906e+01
2.148621883392333984e+02 4.387650012969968571e+01 2.034434890747070312e+01 2.280517387390136008e+01
2.144211082458496094e+02 5.036286544799801845e+01 2.362364196777343750e+01 2.575382995605468750e+01
2.141362018585205078e+02 5.395591735839840908e+01 2.446084213256835938e+01 2.461054229736328125e+01
2.119880495071411133e+02 4.748819351196286220e+01 2.377332115173339844e+01 2.431970977783203125e+01
2.121386766433715820e+02 4.514535427093503017e+01 2.573106956481933594e+01 2.337841987609863281e+01
2.109454526901245117e+02 4.667074298858639736e+01 2.314851570129394531e+01 2.772684288024902344e+01
2.100626487731933594e+02 5.494672107696530361e+01 2.596275329589843750e+01 2.534811973571777344e+01
2.084122114181518555e+02 4.998919296264645595e+01 2.577064704895019531e+01 2.606817626953125000e+01
2.084535598754882812e+02 4.716098213195797939e+01 2.636609649658203125e+01 2.594664382934570312e+01
2.087628479003906250e+02 5.393256187438962002e+01 2.630036163330078125e+01 2.431571578979492188e+01
2.079590301513671875e+02 5.626477336883542080e+01 2.403724670410156250e+01 2.471261787414550781e+01
2.059672937393188477e+02 5.276537132263180752e+01 2.815151786804199219e+01 2.415542984008789062e+01
2.058235979080200195e+02 5.614115715026852627e+01 2.311185264587402344e+01 2.516485977172851562e+01
2.050476093292236328e+02 6.319432640075680752e+01 2.403110885620117188e+01 2.311716079711914062e+01
2.053359069824218750e+02 5.819621467590329189e+01 2.314073944091796875e+01 2.347704696655273438e+01
2.045837306976318359e+02 5.909421825408932705e+01 2.542070388793945312e+01 2.583882331848144531e+01
2.046532793045043945e+02 6.271683883666989345e+01 2.179044914245605469e+01 2.209588623046875000e+01
2.019086046218872070e+02 5.805248355865475673e+01 2.541161918640136719e+01 2.472449302673339844e+01
2.025982627868652344e+02 6.351123332977292080e+01 2.294202423095703125e+01 2.532425117492675781e+01
2.000404434204101562e+02 6.247071743011471767e+01 2.464138031005859375e+01 2.450023841857910156e+01
2.009656305313110352e+02 6.187192726135251064e+01 2.383817863464355469e+01 2.575248336791992188e+01
2.006590862274169922e+02 6.537153339385983486e+01 2.248992538452148438e+01 2.304936790466308594e+01
1.988775281906127930e+02 6.746380233764645595e+01 2.383677101135253906e+01 2.279924011230468750e+01
1.981877107620239258e+02 6.816839122772213955e+01 2.389343070983886719e+01 2.340649604797363281e+01
1.960880832672119141e+02 6.892198944091794033e+01 2.388921737670898438e+01 2.327702331542968750e+01
1.948374061584472656e+02 6.933484745025631923e+01 2.393567657470703125e+01 2.355017662048339844e+01
1.941448211669921875e+02 7.023999118804928798e+01 2.371817779541015625e+01 2.313541984558105469e+01
1.926374950408935547e+02 7.079534626007077236e+01 2.226566696166992188e+01 2.161704826354980469e+01
1.909290094375610352e+02 7.099276208877560634e+01 2.265387535095214844e+01 1.518552684783935547e+01
1.895265245437622070e+02 7.242438983917233486e+01 2.191383171081542969e+01 2.024291038513183594e+01
1.888420019149780273e+02 7.163560199737545986e+01 2.278953742980957031e+01 2.062607383728027344e+01
1.867870931625366211e+02 7.306137466430661220e+01 2.283561134338378906e+01 1.974861907958984375e+01
1.854777307510375977e+02 7.346136474609372158e+01 2.247572898864746094e+01 2.025622558593750000e+01
1.847111024856567383e+02 7.327377891540524502e+01 2.231698417663574219e+01 2.144553756713867188e+01
1.832951679229736328e+02 7.381097793579098720e+01 2.297755050659179688e+01 2.103418731689453125e+01
1.822698326110839844e+02 7.450504302978512783e+01 2.282642364501953125e+01 2.117816925048828125e+01
1.815954399108886719e+02 7.435694408416745205e+01 2.226563262939453125e+01 2.181523323059082031e+01
1.813225421905517578e+02 7.415775203704831142e+01 2.183173751831054688e+01 2.223130989074707031e+01
1.798180351257324219e+02 7.459337615966794033e+01 2.185719299316406250e+01 2.210607147216796875e+01
1.790666580200195312e+02 7.463413906097409267e+01 2.141074371337890625e+01 2.120094490051269531e+01
1.789576158523559570e+02 7.485606193542477627e+01 2.085644340515136719e+01 2.147240066528320312e+01
1.788471994400024414e+02 7.474666690826413173e+01 1.827300071716308594e+01 2.168813133239746094e+01
1.785304117202758789e+02 7.474223709106442470e+01 1.794112205505371094e+01 2.243436431884765625e+01
1.784871196746826172e+02 7.566180038452145595e+01 1.821586990356445312e+01 2.238611602783203125e+01
1.784924249649047852e+02 7.571827507019040127e+01 1.761232566833496094e+01 2.234894943237304688e+01
1.785877571105957031e+02 7.510946941375729580e+01 1.804042816162109375e+01 2.148829841613769531e+01
1.782626838684082031e+02 7.486233806610104580e+01 2.058674621582031250e+01 2.228853034973144531e+01
1.779129886627197266e+02 7.446593952178952236e+01 1.779584884643554688e+01 2.140908622741699219e+01
1.782900867462158203e+02 7.433471584320065517e+01 1.957975387573242188e+01 2.212405586242675781e+01
1.788126850128173828e+02 7.322498321533200283e+01 1.983900833129882812e+01 2.148571777343750000e+01
1.791807603836059570e+02 6.909809875488278408e+01 2.095030784606933594e+01 2.381312561035156250e+01
1.805075998306274414e+02 6.575589370727536220e+01 2.118527030944824219e+01 2.412854003906250000e+01
1.816963186264038086e+02 6.318907260894772548e+01 2.079140663146972656e+01 2.243913841247558594e+01
1.813993034362792969e+02 5.930709457397458095e+01 2.173905181884765625e+01 2.389249420166015625e+01
1.844518308639526367e+02 5.512342071533200283e+01 2.197124671936035156e+01 2.348256683349609375e+01
1.879954223632812500e+02 5.076725387573239345e+01 2.182845306396484375e+01 2.435955047607421875e+01
1.912483224868774414e+02 4.791250228881833095e+01 2.036775016784667969e+01 2.348650360107421875e+01
1.951965494155883789e+02 4.636909103393551845e+01 1.976640892028808594e+01 2.203173065185546875e+01
1.952213392257690430e+02 4.598227977752682705e+01 2.148445320129394531e+01 2.540991401672363281e+01
2.001234426498413086e+02 5.444866085052487392e+01 2.079584693908691406e+01 2.340442848205566406e+01
2.016307392120361328e+02 5.788630104064938564e+01 2.091959762573242188e+01 2.566749954223632812e+01
2.028520078659057617e+02 5.206749153137204189e+01 2.057803535461425781e+01 2.240954971313476562e+01
2.039899129867553711e+02 4.913299846649167080e+01 2.238378334045410156e+01 2.202412605285644531e+01
2.054030790328979492e+02 4.970243453979489345e+01 2.169354438781738281e+01 2.121735382080078125e+01
2.061454257965087891e+02 5.103176879882809658e+01 2.527544021606445312e+01 2.592151641845703125e+01
2.063615465164184570e+02 5.548603820800778408e+01 2.570391654968261719e+01 2.600354766845703125e+01
2.070090217590332031e+02 5.001813507080075283e+01 2.607931518554687500e+01 2.619873046875000000e+01
2.098265438079833984e+02 5.155558967590329189e+01 2.229693222045898438e+01 2.129238510131835938e+01
2.118533210754394531e+02 5.226069164276120205e+01 2.472702789306640625e+01 2.365551185607910156e+01
2.120263195037841797e+02 5.560480308532712002e+01 2.438387680053710938e+01 2.354388046264648438e+01
2.120649433135986328e+02 5.350961399078366298e+01 2.551565933227539062e+01 2.539656639099121094e+01
2.140566978454589844e+02 5.368179035186764736e+01 2.401951599121093750e+01 2.324648857116699219e+01
2.149454936981201172e+02 5.390507221221920986e+01 2.300660324096679688e+01 2.290189933776855469e+01
2.159588766098022461e+02 5.584161472320553798e+01 2.379649543762207031e+01 2.482018089294433594e+01
2.162950353622436523e+02 5.603463745117184658e+01 2.503679084777832031e+01 2.410659027099609375e+01
2.173099880218505859e+02 5.412005424499508877e+01 2.323067092895507812e+01 2.353660964965820312e+01
2.167308101654052734e+02 5.190923500061032314e+01 2.419573593139648438e+01 2.636960220336914062e+01
2.173069362640380859e+02 5.493997287750241298e+01 2.523118209838867188e+01 2.685466575622558594e+01
2.155028247833251953e+02 4.956255626678463955e+01 2.434109115600585938e+01 3.078798866271972656e+01
1.942814941406250000e+02 2.831750106811520595e+01 4.731068420410156250e+01 5.210673522949218750e+01
1.951342277526855469e+02 2.925285911560055752e+01 4.857289886474609375e+01 5.272236251831054688e+01
1.965620212554931641e+02 3.069089126586911220e+01 4.984301376342773438e+01 5.336137390136718750e+01
1.983880252838134766e+02 3.335818099975583095e+01 4.821358871459960938e+01 5.406838989257812500e+01
1.996655998229980469e+02 3.453803253173825283e+01 4.702660369873046875e+01 5.130919647216796875e+01
2.003860511779785156e+02 3.480440139770504970e+01 4.556337738037109375e+01 4.929733276367187500e+01
2.005506782531738281e+02 3.494508171081540127e+01 4.494222259521484375e+01 4.857577133178710938e+01
2.012931175231933594e+02 3.559599685668942470e+01 4.356340789794921875e+01 4.801382446289062500e+01
2.006472740173339844e+02 3.446949768066403408e+01 4.292134857177734375e+01 4.675394439697265625e+01
2.005487861633300781e+02 3.447817993164059658e+01 4.248018646240234375e+01 4.287410736083984375e+01
1.993229236602783203e+02 3.147438621520993252e+01 4.268008041381835938e+01 4.628907394409179688e+01
1.985061607360839844e+02 2.881626892089840908e+01 4.194382476806640625e+01 4.622992706298828125e+01
1.980826473236083984e+02 2.823475646972653408e+01 4.116133499145507812e+01 4.468184661865234375e+01
1.970442733764648438e+02 2.739075660705563564e+01 4.108538818359375000e+01 4.225165176391601562e+01
1.956229324340820312e+02 2.495018386840817470e+01 4.259960937500000000e+01 4.424905395507812500e+01
1.948408203125000000e+02 2.416222953796383877e+01 4.335467529296875000e+01 4.211626815795898438e+01
1.937959327697753906e+02 2.263232612609860439e+01 4.348653411865234375e+01 4.198736953735351562e+01
1.936988372802734375e+02 2.028837776184079189e+01 4.370629882812500000e+01 4.222082901000976562e+01
1.951451416015625000e+02 1.900978279113766689e+01 4.443606567382812500e+01 4.251126480102539062e+01
1.974563808441162109e+02 1.863932418823239345e+01 4.505757522583007812e+01 4.217114257812500000e+01
1.984002590179443359e+02 1.753600502014157314e+01 4.606160354614257812e+01 4.267764663696289062e+01
2.006340694427490234e+02 1.828345680236813564e+01 4.664690017700195312e+01 4.205406570434570312e+01
2.016372127532958984e+02 2.177894210815426845e+01 4.636000442504882812e+01 4.092735290527343750e+01
2.026854743957519531e+02 2.383633995056149502e+01 4.627613067626953125e+01 4.266070175170898438e+01
2.037301139831542969e+02 2.630760574340817470e+01 4.570250701904296875e+01 4.324438476562500000e+01
2.041610641479492188e+02 3.025311851501462002e+01 4.589508056640625000e+01 4.308501815795898438e+01
2.020144500732421875e+02 3.043066787719723720e+01 4.624917602539062500e+01 4.509497070312500000e+01
2.003950519561767578e+02 3.278952598571774502e+01 4.696857833862304688e+01 4.423780441284179688e+01
1.973395309448242188e+02 3.160027313232419033e+01 4.688192749023437500e+01 4.362966156005859375e+01
1.949708461761474609e+02 3.158879852294919033e+01 4.769241714477539062e+01 4.300275421142578125e+01
1.918787860870361328e+02 3.074613189697262783e+01 4.781684494018554688e+01 4.464971160888671875e+01
1.871645469665527344e+02 3.230321884155270595e+01 5.021015167236328125e+01 4.240884399414062500e+01
1.818799133300781250e+02 3.112963867187498579e+01 5.037121582031250000e+01 4.350586700439453125e+01
1.796599540710449219e+02 3.322947120666502485e+01 5.366646575927734375e+01 4.363022232055664062e+01
1.949996910095214844e+02 4.613862800598143110e+01 3.752800750732421875e+01 2.909483718872070312e+01
2.057602396011352539e+02 5.207834815979002485e+01 2.396439933776855469e+01 2.485188674926757812e+01
2.053073329925537109e+02 5.566373825073240766e+01 2.253976821899414062e+01 2.275218200683593750e+01
2.030495281219482422e+02 5.701569938659666548e+01 2.012634658813476562e+01 2.222845077514648438e+01
2.020461282730102539e+02 5.727962684631346235e+01 2.143613243103027344e+01 2.243291091918945312e+01
1.998321924209594727e+02 5.797434043884275923e+01 2.155042839050292969e+01 2.229294967651367188e+01
1.980270309448242188e+02 5.764681434631346235e+01 2.184445953369140625e+01 2.238720321655273438e+01
1.978796205520629883e+02 5.793445396423338423e+01 2.192949485778808594e+01 2.218507003784179688e+01
1.956396226882934570e+02 5.738114166259764204e+01 2.232620048522949219e+01 2.274681854248046875e+01
1.943688850402832031e+02 5.811296749114988813e+01 2.264150238037109375e+01 2.297045326232910156e+01
1.920756635665893555e+02 5.889940452575682173e+01 2.385938453674316406e+01 2.261803817749023438e+01
1.897049465179443359e+02 5.850096130371092329e+01 2.454972457885742188e+01 2.269902801513671875e+01
1.890048446655273438e+02 5.867398452758787641e+01 2.346694183349609375e+01 2.298374938964843750e+01
1.860049161911010742e+02 5.593122959136961470e+01 2.698187446594238281e+01 2.362058067321777344e+01
1.912657737731933594e+02 5.851299095153807173e+01 2.352105712890625000e+01 2.363525009155273438e+01
1.915408725738525391e+02 5.715735626220703125e+01 2.527603530883789062e+01 2.306954956054687500e+01
1.903098354339599609e+02 5.105218601226806641e+01 3.039019393920898438e+01 2.803064537048339844e+01
1.797989025115966797e+02 2.724766159057617188e+01 4.281838607788085938e+01 3.997341918945312500e+01
1.817850666046142578e+02 2.257779693603515625e+01 4.159395217895507812e+01 3.892987823486328125e+01
1.842300300598144531e+02 2.176377296447753906e+01 3.882351684570312500e+01 3.821350479125976562e+01
1.891279964447021484e+02 2.231225967407226562e+01 3.766332626342773438e+01 3.812426757812500000e+01
1.925050964355468750e+02 2.139506530761718750e+01 3.874504852294921875e+01 3.677214813232421875e+01
1.983783817291259766e+02 1.977104949951171875e+01 3.847162246704101562e+01 4.132967376708984375e+01
1.988105220794677734e+02 1.522026252746582031e+01 4.201414108276367188e+01 4.544084548950195312e+01
2.016148090362548828e+02 1.893735313415527344e+01 4.395581436157226562e+01 4.238286972045898438e+01
