3.060000000000000000e+02 1.600000000000000000e+02 1.100000000000000000e+01 1.200000000000000000e+01
3.062197442054748535e+02 1.574625968933105469e+02 1.121462535858154297e+01 1.155535125732421875e+01
3.060897789001464844e+02 1.561232695579528809e+02 1.132606506347656250e+01 1.154763126373291016e+01
3.065263500213623047e+02 1.559498753547668457e+02 1.193470001220703125e+01 1.169867610931396484e+01
3.085449967384338379e+02 1.561281266212463379e+02 1.139413356781005859e+01 1.173961162567138672e+01
3.093854937553405762e+02 1.569004640579223633e+02 1.165710163116455078e+01 1.137447166442871094e+01
3.100367941856384277e+02 1.567286705970764160e+02 1.153545856475830078e+01 1.165962505340576172e+01
3.096217865943908691e+02 1.570193262100219727e+02 1.118013668060302734e+01 1.179960060119628906e+01
3.097168078422546387e+02 1.573537869453430176e+02 1.109741306304931641e+01 1.203707790374755859e+01
3.093957934379577637e+02 1.578909306526184082e+02 1.097865390777587891e+01 1.197171306610107422e+01
3.085567479133605957e+02 1.574888796806335449e+02 1.093889904022216797e+01 1.221930789947509766e+01
3.082275557518005371e+02 1.570254688262939453e+02 1.088934421539306641e+01 1.224625015258789062e+01
3.070014276504516602e+02 1.571348295211791992e+02 1.113346672058105469e+01 1.249555778503417969e+01
3.064165844917297363e+02 1.565650396347045898e+02 1.182448101043701172e+01 1.249341392517089844e+01
3.057565789222717285e+02 1.562893595695495605e+02 1.144776058197021484e+01 1.240476703643798828e+01
3.059750609397888184e+02 1.559656763076782227e+02 1.164877414703369141e+01 1.174976158142089844e+01
3.051699752807617188e+02 1.552798252105712891e+02 1.148119354248046875e+01 1.181720352172851562e+01
3.045395264625549316e+02 1.538935160636901855e+02 1.148746776580810547e+01 1.175030231475830078e+01
3.036020221710205078e+02 1.536568465232849121e+02 1.147126388549804688e+01 1.211096668243408203e+01
3.030846767425537109e+02 1.533428602218627930e+02 1.150789260864257812e+01 1.186920738220214844e+01
3.032260708808898926e+02 1.527708249092102051e+02 1.155453777313232422e+01 1.173703670501708984e+01
3.023900661468505859e+02 1.527956686019897461e+02 1.154595565795898438e+01 1.169388008117675781e+01
3.024903044700622559e+02 1.528387393951416016e+02 1.140266513824462891e+01 1.157430267333984375e+01
3.029627370834350586e+02 1.521359477043151855e+02 1.138261222839355469e+01 1.146377658843994141e+01
3.022876758575439453e+02 1.529484906196594238e+02 1.143051910400390625e+01 1.115036678314208984e+01
3.019097867012023926e+02 1.531746277809143066e+02 1.137184429168701172e+01 1.163539791107177734e+01
3.020716524124145508e+02 1.533510589599609375e+02 1.133623313903808594e+01 1.163330078125000000e+01
3.022668442726135254e+02 1.540394210815429688e+02 1.144625377655029297e+01 1.116240692138671875e+01
3.033965158462524414e+02 1.542240467071533203e+02 1.110147666931152344e+01 1.097956466674804688e+01
3.033982901573181152e+02 1.544545598030090332e+02 1.079662036895751953e+01 1.139656352996826172e+01
3.028819141387939453e+02 1.552550673484802246e+02 1.124625396728515625e+01 1.145129871368408203e+01
3.033255662918090820e+02 1.557665433883666992e+02 1.124835014343261719e+01 1.161698722839355469e+01
3.036562056541442871e+02 1.553695540428161621e+02 1.110614109039306641e+01 1.107092761993408203e+01
3.041555895805358887e+02 1.556030378341674805e+02 1.120242786407470703e+01 1.183126258850097656e+01
3.040144195556640625e+02 1.550641307830810547e+02 1.107429504394531250e+01 1.149314880371093750e+01
3.043377614021301270e+02 1.553414030075073242e+02 1.133212566375732422e+01 1.204931449890136719e+01
3.044025340080261230e+02 1.545668134689331055e+02 1.125446414947509766e+01 1.161437034606933594e+01
3.053211078643798828e+02 1.543387136459350586e+02 1.140199279785156250e+01 1.194066047668457031e+01
3.051833262443542480e+02 1.538386931419372559e+02 1.173509311676025391e+01 1.213266849517822266e+01
3.065298094749450684e+02 1.543481717109680176e+02 1.193667316436767578e+01 1.206670284271240234e+01
3.078915576934814453e+02 1.549827885627746582e+02 1.155075454711914062e+01 1.208986186981201172e+01
3.090904259681701660e+02 1.565695476531982422e+02 1.120471477508544922e+01 1.257071685791015625e+01
3.096937355995178223e+02 1.601767940521240234e+02 1.146399974822998047e+01 1.232257080078125000e+01
3.111564865112304688e+02 1.665677103996276855e+02 1.220597076416015625e+01 1.263668537139892578e+01
3.113155784606933594e+02 1.770334596633911133e+02 1.217114639282226562e+01 1.191530799865722656e+01
3.137303137779235840e+02 1.868841738700866699e+02 1.178836917877197266e+01 1.224783802032470703e+01
3.153184170722961426e+02 1.967347350120544434e+02 1.212671947479248047e+01 1.222945499420166016e+01
3.173407611846923828e+02 1.933833274841308594e+02 1.165555572509765625e+01 1.132213973999023438e+01
3.193518447875976562e+02 1.846728429794311523e+02 1.202604675292968750e+01 1.179103279113769531e+01
3.216379785537719727e+02 1.772536902427673340e+02 1.215620231628417969e+01 1.183344364166259766e+01
3.231304936408996582e+02 1.711028289794921875e+02 1.178390407562255859e+01 1.156026458740234375e+01
3.247394485473632812e+02 1.660283946990966797e+02 1.186566925048828125e+01 1.181334304809570312e+01
3.265351629257202148e+02 1.607359657287597656e+02 1.145465278625488281e+01 1.126323699951171875e+01
3.293995313644409180e+02 1.539945549964904785e+02 1.600756263732910156e+01 1.405174922943115234e+01
3.290753011703491211e+02 1.523017373085021973e+02 1.190970802307128906e+01 1.278282070159912109e+01
3.295234408378601074e+02 1.515083413124084473e+02 1.238215351104736328e+01 1.252682399749755859e+01
3.309809565544128418e+02 1.514019684791564941e+02 1.259855365753173828e+01 1.317976665496826172e+01
3.370076408386230469e+02 1.348822321891784668e+02 1.097246170043945312e+01 1.198779201507568359e+01
3.316079082489013672e+02 1.514046354293823242e+02 1.277623367309570312e+01 1.238323211669921875e+01
3.376789236068725586e+02 1.352703628540039062e+02 1.102924537658691406e+01 1.221954536437988281e+01
3.359018249511718750e+02 1.358874239921569824e+02 1.221334838867187500e+01 1.528445339202880859e+01
3.287487826347351074e+02 1.579232058525085449e+02 1.345997714996337891e+01 1.449446773529052734e+01
3.287163157463073730e+02 1.709354658126831055e+02 1.228670597076416016e+01 1.275707244873046875e+01
3.291640591621398926e+02 1.821017847061157227e+02 1.241561031341552734e+01 1.212412643432617188e+01
3.297111239433288574e+02 1.936097984313964844e+02 1.205847263336181641e+01 1.232571983337402344e+01
3.310699262619018555e+02 1.929814791679382324e+02 1.137578010559082031e+01 1.159870433807373047e+01
3.320568094253540039e+02 1.841533880233764648e+02 1.134609794616699219e+01 1.131782531738281250e+01
3.347139105796813965e+02 1.768104391098022461e+02 1.083108234405517578e+01 1.197068405151367188e+01
3.352965621948242188e+02 1.687871050834655762e+02 1.142207717895507812e+01 1.231822109222412109e+01
3.367568459510803223e+02 1.634536533355712891e+02 1.121417903900146484e+01 1.086368751525878906e+01
3.377555260658264160e+02 1.587725481986999512e+02 1.159677410125732422e+01 1.147771358489990234e+01
3.367681593894958496e+02 1.542485671043395996e+02 1.190150928497314453e+01 1.260123348236083984e+01
3.365005664825439453e+02 1.510415048599243164e+02 1.148414611816406250e+01 1.275017547607421875e+01
3.359065275192260742e+02 1.489704828262329102e+02 1.234907722473144531e+01 1.322060394287109375e+01
3.330691137313842773e+02 1.470868349075317383e+02 1.135297203063964844e+01 1.271541976928710938e+01
3.320465755462646484e+02 1.473387951850891113e+02 1.107306671142578125e+01 1.319474124908447266e+01
3.308334622383117676e+02 1.484682092666625977e+02 1.072512340545654297e+01 1.155747985839843750e+01
3.300806975364685059e+02 1.500007224082946777e+02 1.180208301544189453e+01 1.284388256072998047e+01
3.268060536384582520e+02 1.535880088806152344e+02 1.134774303436279297e+01 1.193876457214355469e+01
3.256684031486511230e+02 1.581425080299377441e+02 1.013689899444580078e+01 1.104856967926025391e+01
3.237750883102416992e+02 1.655560679435729980e+02 1.202108955383300781e+01 1.232416439056396484e+01
3.229727044105529785e+02 1.774328317642211914e+02 1.200409603118896484e+01 1.257120132446289062e+01
3.213365759849548340e+02 1.882703113555908203e+02 1.205009555816650391e+01 1.220308876037597656e+01
3.210417189598083496e+02 1.927249379158020020e+02 1.178799152374267578e+01 1.175706958770751953e+01
3.219351353645324707e+02 1.844646139144897461e+02 1.192262554168701172e+01 1.138402557373046875e+01
3.226763257980346680e+02 1.758575000762939453e+02 1.216381263732910156e+01 1.230225944519042969e+01
3.227776584625244141e+02 1.688683476448059082e+02 1.173653411865234375e+01 1.142263126373291016e+01
3.228612275123596191e+02 1.628977003097534180e+02 1.165505886077880859e+01 1.064843368530273438e+01
3.225117392539978027e+02 1.568574361801147461e+02 1.179023838043212891e+01 1.072114944458007812e+01
3.220769300460815430e+02 1.548490200042724609e+02 1.150187492370605469e+01 1.135304832458496094e+01
3.225832023620605469e+02 1.512375464439392090e+02 1.095560073852539062e+01 1.221859645843505859e+01
3.237132577896118164e+02 1.497713232040405273e+02 1.110245323181152344e+01 1.228262710571289062e+01
3.242198963165283203e+02 1.487010784149169922e+02 1.077692794799804688e+01 1.122069740295410156e+01
3.243751268386840820e+02 1.479148416519165039e+02 1.068933677673339844e+01 1.162138748168945312e+01
3.238462610244750977e+02 1.479201374053955078e+02 1.106622505187988281e+01 1.162664222717285156e+01
3.236247930526733398e+02 1.494445562362670898e+02 1.165527915954589844e+01 1.196678924560546875e+01
3.251837615966796875e+02 1.507191801071166992e+02 1.090645980834960938e+01 1.136310577392578125e+01
3.248878431320190430e+02 1.526383223533630371e+02 1.181740760803222656e+01 1.271757793426513672e+01
3.250325651168823242e+02 1.539019675254821777e+02 1.130701637268066406e+01 1.147802639007568359e+01
3.249282240867614746e+02 1.549183468818664551e+02 1.220681095123291016e+01 1.120044040679931641e+01
3.240195612907409668e+02 1.539809880256652832e+02 1.164440631866455078e+01 1.160001468658447266e+01
3.246948571205139160e+02 1.529080195426940918e+02 1.137992382049560547e+01 1.198096370697021484e+01
3.241342916488647461e+02 1.503837075233459473e+02 1.196423912048339844e+01 1.395120716094970703e+01
3.245924615859985352e+02 1.456365838050842285e+02 1.191240882873535156e+01 1.257142734527587891e+01
3.262435040473937988e+02 1.416590442657470703e+02 1.139921855926513672e+01 1.215276527404785156e+01
3.290824708938598633e+02 1.388267898559570312e+02 1.146199989318847656e+01 1.191122627258300781e+01
3.300756583213806152e+02 1.358727202415466309e+02 1.129483127593994141e+01 1.155683040618896484e+01
3.301967172622680664e+02 1.311910357475280762e+02 1.028287696838378906e+01 1.092099285125732422e+01
3.280894484519958496e+02 1.266401910781860352e+02 1.104567813873291016e+01 1.228975677490234375e+01
3.249387459754943848e+02 1.193507189750671387e+02 1.134225368499755859e+01 1.273555278778076172e+01
3.196520686149597168e+02 1.101054024696350098e+02 1.199334812164306641e+01 1.297638416290283203e+01
3.130306749343872070e+02 1.011689801216125488e+02 1.195660591125488281e+01 1.301398181915283203e+01
3.045474743843078613e+02 9.264568138122558594e+01 1.276576900482177734e+01 1.348446846008300781e+01
2.976351456642150879e+02 8.489902210235595703e+01 1.315200710296630859e+01 1.403408432006835938e+01
2.920364346504211426e+02 7.734592437744140625e+01 1.215653133392333984e+01 1.319666099548339844e+01
2.850793900489807129e+02 7.070142173767089844e+01 1.166032695770263672e+01 1.230125999450683594e+01
2.777158155441284180e+02 6.477395057678222656e+01 1.213260841369628906e+01 1.248034858703613281e+01
2.711869482994079590e+02 5.990016412734985352e+01 1.158923053741455078e+01 1.191546726226806641e+01
2.646583132743835449e+02 5.534615707397460938e+01 1.204110431671142578e+01 1.290699958801269531e+01
2.574456877708435059e+02 5.142360687255859375e+01 1.211001682281494141e+01 1.232372856140136719e+01
2.496692090034484863e+02 4.735168170928955078e+01 1.243141078948974609e+01 1.264867782592773438e+01
2.442078900337219238e+02 4.481261777877807617e+01 1.163953685760498047e+01 1.166746425628662109e+01
2.368335270881652832e+02 4.263466548919677734e+01 1.140199565887451172e+01 1.149457931518554688e+01
2.299617242813110352e+02 4.121717357635498047e+01 1.173024559020996094e+01 1.137154006958007812e+01
2.235718464851379395e+02 4.011015081405639648e+01 1.172167110443115234e+01 1.168368816375732422e+01
2.166044526100158691e+02 4.047158718109130859e+01 1.231328105926513672e+01 1.262976074218750000e+01
2.101766319274902344e+02 4.081313276290893555e+01 1.149623489379882812e+01 1.095867061614990234e+01
2.033530087471008301e+02 4.133673048019409180e+01 1.193294048309326172e+01 1.130792903900146484e+01
1.960756850242614746e+02 4.396309947967529297e+01 1.127920246124267578e+01 1.104102325439453125e+01
1.889445033073425293e+02 4.656007909774780273e+01 1.156828403472900391e+01 1.133850002288818359e+01
1.825260887145996094e+02 4.922907733917236328e+01 1.125461959838867188e+01 1.088869476318359375e+01
1.758913893699645996e+02 5.215587043762207031e+01 1.149945545196533203e+01 1.127096366882324219e+01
1.699481840133666992e+02 5.735487508773803711e+01 1.108500099182128906e+01 1.078707027435302734e+01
1.624128589630126953e+02 6.267900991439819336e+01 1.115751266479492188e+01 1.082566738128662109e+01
1.565641293525695801e+02 6.812332868576049805e+01 1.035569286346435547e+01 1.027147197723388672e+01
1.526546487808227539e+02 6.834236145019531250e+01 1.068780708312988281e+01 1.048330879211425781e+01
1.573851356506347656e+02 6.500811576843261719e+01 1.090879058837890625e+01 1.095199012756347656e+01
1.608871521949768066e+02 6.289230918884277344e+01 1.085219478607177734e+01 1.025321006774902344e+01
1.641428475379943848e+02 6.074932861328125000e+01 1.089490032196044922e+01 1.038098716735839844e+01
1.679457726478576660e+02 5.970543146133422852e+01 1.076784420013427734e+01 1.062096118927001953e+01
1.721361870765686035e+02 5.896766376495361328e+01 1.108964443206787109e+01 1.112619781494140625e+01
1.752930293083190918e+02 5.846081447601318359e+01 1.092994403839111328e+01 1.105353164672851562e+01
1.793811731338500977e+02 6.098399972915649414e+01 1.115949821472167969e+01 1.118009281158447266e+01
1.820617575645446777e+02 6.066512346267700195e+01 1.166509723663330078e+01 1.196849918365478516e+01
1.866498470306396484e+02 6.388896846771240234e+01 1.050592422485351562e+01 1.059045028686523438e+01
1.903668246269226074e+02 6.742305231094360352e+01 1.096595096588134766e+01 1.082537174224853516e+01
1.938928017616271973e+02 7.157899856567382812e+01 1.123257350921630859e+01 1.064680671691894531e+01
1.974729232788085938e+02 7.513659000396728516e+01 1.108357620239257812e+01 1.049386215209960938e+01
2.013479766845703125e+02 7.944350624084472656e+01 1.145092010498046875e+01 1.178217124938964844e+01
2.039651861190795898e+02 8.389997482299804688e+01 1.171760749816894531e+01 1.234978675842285156e+01
2.083402013778686523e+02 8.933213472366333008e+01 1.173749732971191406e+01 1.273223972320556641e+01
2.106774883270263672e+02 9.575607919692993164e+01 1.293571853637695312e+01 1.313579273223876953e+01
2.149607195854187012e+02 1.037650518417358398e+02 1.249021244049072266e+01 1.342483139038085938e+01
2.178369216918945312e+02 1.110120434761047363e+02 1.308495330810546875e+01 1.379945468902587891e+01
2.219681715965270996e+02 1.191038889884948730e+02 1.321507740020751953e+01 1.357604503631591797e+01
2.259645824432373047e+02 1.286619334220886230e+02 1.201807785034179688e+01 1.273572826385498047e+01
2.294863514900207520e+02 1.382539324760437012e+02 1.218469142913818359e+01 1.311825847625732422e+01
2.313281641006469727e+02 1.480948176383972168e+02 1.392522239685058594e+01 1.589668560028076172e+01
2.362571091651916504e+02 1.581275043487548828e+02 1.222763347625732422e+01 1.316020774841308594e+01
2.400226640701293945e+02 1.699018115997314453e+02 1.262787437438964844e+01 1.333769035339355469e+01
2.428654813766479492e+02 1.821699681282043457e+02 1.252611732482910156e+01 1.330175876617431641e+01
2.461281633377075195e+02 1.950965943336486816e+02 1.224763298034667969e+01 1.295941638946533203e+01
2.469053649902343750e+02 1.887799763679504395e+02 1.214630889892578125e+01 1.300436115264892578e+01
2.487929048538208008e+02 1.791768689155578613e+02 1.200848960876464844e+01 1.285371494293212891e+01
2.492675170898437500e+02 1.712282552719116211e+02 1.214059448242187500e+01 1.266410446166992188e+01
2.502980604171752930e+02 1.626996116638183594e+02 1.197290229797363281e+01 1.272946357727050781e+01
2.511598811149597168e+02 1.558987407684326172e+02 1.162807559967041016e+01 1.193263053894042969e+01
2.519070925712585449e+02 1.500131254196166992e+02 1.189994144439697266e+01 1.408728790283203125e+01
2.523710088729858398e+02 1.435233707427978516e+02 1.187545967102050781e+01 1.270937538146972656e+01
2.533395738601684570e+02 1.382048316001892090e+02 1.134648323059082031e+01 1.267783260345458984e+01
2.535537481307983398e+02 1.332754268646240234e+02 1.169809150695800781e+01 1.246087837219238281e+01
2.544744620323181152e+02 1.298889865875244141e+02 1.124936008453369141e+01 1.184123039245605469e+01
2.550740823745727539e+02 1.263541464805603027e+02 1.126207160949707031e+01 1.183958721160888672e+01
2.554457278251647949e+02 1.240083355903625488e+02 1.158579349517822266e+01 1.197497272491455078e+01
2.568150234222412109e+02 1.223079333305358887e+02 1.091268539428710938e+01 1.124147701263427734e+01
2.575175805091857910e+02 1.202509946823120117e+02 1.143814754486083984e+01 1.180833816528320312e+01
2.576322469711303711e+02 1.193489208221435547e+02 1.144989204406738281e+01 1.181962776184082031e+01
2.586881175041198730e+02 1.194335145950317383e+02 1.116101932525634766e+01 1.151710128784179688e+01
2.591136541366577148e+02 1.197987632751464844e+02 1.107081413269042969e+01 1.133124351501464844e+01
2.602583265304565430e+02 1.210626673698425293e+02 1.120711326599121094e+01 1.165371608734130859e+01
2.602326641082763672e+02 1.227298660278320312e+02 1.142885208129882812e+01 1.177251243591308594e+01
2.608821744918823242e+02 1.248927426338195801e+02 1.188793754577636719e+01 1.272057056427001953e+01
2.617070350646972656e+02 1.287864174842834473e+02 1.153133010864257812e+01 1.242168521881103516e+01
2.631530880928039551e+02 1.320336513519287109e+02 1.126628780364990234e+01 1.141176795959472656e+01
2.641113119125366211e+02 1.363400888442993164e+02 1.043622779846191406e+01 1.150170516967773438e+01
2.646078143119812012e+02 1.401137399673461914e+02 1.037500095367431641e+01 1.121541595458984375e+01
