3.800000000000000000e+01 2.500000000000000000e+01 3.600000000000000000e+01 6.800000000000000000e+01
3.746599960327148438e+01 2.709619903564453125e+01 3.559156036376953125e+01 6.644406127929687500e+01
3.794817161560058594e+01 2.842398071289062500e+01 3.585850906372070312e+01 6.604913330078125000e+01
3.795556449890136719e+01 2.934843444824218750e+01 3.500406265258789062e+01 6.582006835937500000e+01
3.873332786560058594e+01 3.029549407958984375e+01 3.452522659301757812e+01 6.515400695800781250e+01
3.836440467834472656e+01 3.130979156494140625e+01 3.363837814331054688e+01 6.516549682617187500e+01
3.781146812438964844e+01 3.283344650268554688e+01 3.324074172973632812e+01 6.455117034912109375e+01
3.779911422729492188e+01 3.330141067504882812e+01 3.359206390380859375e+01 6.419895172119140625e+01
3.706843376159667969e+01 3.316397857666015625e+01 3.379800796508789062e+01 6.352230834960937500e+01
3.654534912109375000e+01 3.393852424621582031e+01 3.368148803710937500e+01 6.316840744018554688e+01
3.586586761474610796e+01 3.393308448791505327e+01 3.346893310546875000e+01 6.247472763061523438e+01
3.646034240722657671e+01 3.398698997497560015e+01 3.303340148925781250e+01 6.247536087036132812e+01
3.627023887634278765e+01 3.455746269226075640e+01 3.334819412231445312e+01 6.300732803344726562e+01
3.655440902709962359e+01 3.423714447021485796e+01 3.339960479736328125e+01 6.380818176269531250e+01
3.662026977539065342e+01 3.388567924499514561e+01 3.296974182128906250e+01 6.345257949829101562e+01
3.557357406616213780e+01 3.507439613342287998e+01 3.382431793212890625e+01 6.297701644897460938e+01
3.625138282775883170e+01 3.501335144042973013e+01 3.333605575561523438e+01 6.340359497070312500e+01
3.567061424255375357e+01 3.489614295959476920e+01 3.304245376586914062e+01 6.359537887573242188e+01
3.521118545532230826e+01 3.553149795532230826e+01 3.286948394775390625e+01 6.333975982666015625e+01
3.488874435424808951e+01 3.574406051635746451e+01 3.326613616943359375e+01 6.279326629638671875e+01
3.506909751892094107e+01 3.573122787475590201e+01 3.273306655883789062e+01 6.316574859619140625e+01
3.604199218750004263e+01 3.594618797302250357e+01 3.284597778320312500e+01 6.264273452758789062e+01
3.643497085571293326e+01 3.512389373779301138e+01 3.306443023681640625e+01 6.308505249023437500e+01
3.775177574157719107e+01 3.532551574707035513e+01 3.288161087036132812e+01 6.311335754394531250e+01
3.778834342956547232e+01 3.545577049255375357e+01 3.338957595825195312e+01 6.287649917602539062e+01
3.822552108764652701e+01 3.570249366760258170e+01 3.338706207275390625e+01 6.323476791381835938e+01
3.806340599060062857e+01 3.624338531494144888e+01 3.323956680297851562e+01 6.364227294921875000e+01
3.813590431213383170e+01 3.649608612060551138e+01 3.308161544799804688e+01 6.416554260253906250e+01
3.845528221130376778e+01 3.630683517456060372e+01 3.413437271118164062e+01 6.370369720458984375e+01
3.830106925964361153e+01 3.630517005920415841e+01 3.380775833129882812e+01 6.394677352905273438e+01
3.900965499877935372e+01 3.601594161987310372e+01 3.390102386474609375e+01 6.347452545166015625e+01
3.937816619873052559e+01 3.563690757751470528e+01 3.401481628417968750e+01 6.330214309692382812e+01
3.981433868408208809e+01 3.567615318298345528e+01 3.380491638183593750e+01 6.319612503051757812e+01
3.986347389221197091e+01 3.636895561218267403e+01 3.394414901733398438e+01 6.275728225708007812e+01
4.120721817016608668e+01 3.663123703002936793e+01 3.374988555908203125e+01 6.278980255126953125e+01
4.096375465393074933e+01 3.584866905212410870e+01 3.391216659545898438e+01 6.330679702758789062e+01
4.204315185546883527e+01 3.557358169555672589e+01 3.385713195800781250e+01 6.342353057861328125e+01
4.239838409423836652e+01 3.660237121582039777e+01 3.399514770507812500e+01 6.315559387207031250e+01
4.407774734497078839e+01 3.580410766601571027e+01 3.389379119873046875e+01 6.500300598144531250e+01
4.414245033264168683e+01 3.596274566650399152e+01 3.369791793823242188e+01 6.425337219238281250e+01
4.561328887939461652e+01 3.564951324462899152e+01 3.348553466796875000e+01 6.447050476074218750e+01
4.556242179870613995e+01 3.675137710571297589e+01 3.294339370727539062e+01 6.369872283935546875e+01
4.514444541931160870e+01 3.608858108520516339e+01 3.515584182739257812e+01 6.444438934326171875e+01
4.620948982238778058e+01 3.747184944152840558e+01 3.408437728881835938e+01 6.335616683959960938e+01
4.607236671447762433e+01 3.647290611267098370e+01 3.540816879272460938e+01 6.342389297485351562e+01
4.793830680847176495e+01 3.731727409362801495e+01 3.460618972778320312e+01 6.309730911254882812e+01
4.839179992675789777e+01 3.655832290649422589e+01 3.532196044921875000e+01 6.453258514404296875e+01
4.868606567382821027e+01 3.727850723266610089e+01 3.509715270996093750e+01 6.396692657470703125e+01
5.011320686340340558e+01 3.742003822326668683e+01 3.468970870971679688e+01 6.337560653686523438e+01
5.089660453796395245e+01 3.702132415771492902e+01 3.490237808227539062e+01 6.362202453613281250e+01
5.253582954406748229e+01 3.743619728088388854e+01 3.454902267456054688e+01 6.324670028686523438e+01
5.192740249633799010e+01 3.827978706359873229e+01 3.555448150634765625e+01 6.322825241088867188e+01
5.352276611328134948e+01 3.801612091064463073e+01 3.461303710937500000e+01 6.302662658691406250e+01
5.428865432739267760e+01 3.815261840820322448e+01 3.562033843994140625e+01 6.294610595703125000e+01
5.447985076904306823e+01 3.907324981689463073e+01 3.638697814941406250e+01 6.250318908691406250e+01
5.658476829528818541e+01 3.737154388427744323e+01 3.515268325805664062e+01 6.351225280761718750e+01
5.614067459106455260e+01 3.702227401733408385e+01 3.561583709716796875e+01 6.447275543212890625e+01
5.656741714477549010e+01 3.874705505371103698e+01 3.617804718017578125e+01 6.332424926757812500e+01
5.653740692138681823e+01 3.958151435852060729e+01 3.633377075195312500e+01 6.267446517944335938e+01
5.830436897277841979e+01 3.967442703247080260e+01 3.469157028198242188e+01 6.309035491943359375e+01
5.808285522460947448e+01 3.878955459594736510e+01 3.481535339355468750e+01 6.411540985107421875e+01
5.835783576965341979e+01 4.130235290527353698e+01 3.542612838745117188e+01 6.174430847167968750e+01
5.919831466674814635e+01 4.059108161926279479e+01 3.563448333740234375e+01 6.252228927612304688e+01
6.022433853149424010e+01 4.154177284240732604e+01 3.490375518798828125e+01 6.206182479858398438e+01
6.191059494018564635e+01 3.834322357177744323e+01 3.611972808837890625e+01 6.496936035156250000e+01
6.279476737976084166e+01 3.988500404357920104e+01 3.698440933227539062e+01 6.374587631225585938e+01
6.340523147583017760e+01 3.856515502929697448e+01 3.612271881103515625e+01 6.595399475097656250e+01
6.495860481262216979e+01 3.920002746582041198e+01 3.581785202026367188e+01 6.481700134277343750e+01
6.606066513061531964e+01 3.828856658935555402e+01 3.668181610107421875e+01 6.555964660644531250e+01
6.582023048400887433e+01 3.999715232849129620e+01 3.725992965698242188e+01 6.342628860473632812e+01
6.728310394287117902e+01 4.040743446350106183e+01 3.653384399414062500e+01 6.252294540405273438e+01
6.684240722656258527e+01 3.988542556762703839e+01 3.736094665527343750e+01 6.359627532958984375e+01
6.764684677124031964e+01 3.968113136291512433e+01 3.634783172607421875e+01 6.288805770874023438e+01
6.859948730468758527e+01 4.097817039489754620e+01 3.679110717773437500e+01 6.237710952758789062e+01
6.957173728942879620e+01 3.937532806396492902e+01 3.657741165161132812e+01 6.446318054199218750e+01
7.067561531066903058e+01 3.923951721191414777e+01 3.615095138549804688e+01 6.436479187011718750e+01
7.037727165222176495e+01 3.927821350097664777e+01 3.642111587524414062e+01 6.473251342773437500e+01
7.240649032592781964e+01 3.939298248291024152e+01 3.543053436279296875e+01 6.438996887207031250e+01
7.233726501464852277e+01 3.869955062866219464e+01 3.612504577636718750e+01 6.514911651611328125e+01
7.366905403137215558e+01 3.890023040771492902e+01 3.590450668334960938e+01 6.500122070312500000e+01
7.349970054626473370e+01 3.985748291015633527e+01 3.707635879516601562e+01 6.451985168457031250e+01
7.475569343566903058e+01 3.870481491088875714e+01 3.670751571655273438e+01 6.567192840576171875e+01
7.647948646545418683e+01 3.886266708374031964e+01 3.738798141479492188e+01 6.512287139892578125e+01
7.665101242065438214e+01 3.924544906616219464e+01 3.806647491455078125e+01 6.459937286376953125e+01
7.746721076965340558e+01 3.960278320312508527e+01 3.805143356323242188e+01 6.372740173339843750e+01
7.858835792541512433e+01 4.046422767639168683e+01 3.800475692749023438e+01 6.349039840698242188e+01
7.879961395263680402e+01 4.034143638610848370e+01 3.829302978515625000e+01 6.395216751098632812e+01
8.139575958251961652e+01 4.115315628051766339e+01 3.752616882324218750e+01 6.339536285400390625e+01
8.292167282104500714e+01 4.002040863037117902e+01 3.734807586669921875e+01 6.425852966308593750e+01
8.458984756469735089e+01 4.096909713745125714e+01 3.706696319580078125e+01 6.222823333740234375e+01
8.381420898437507105e+01 3.984972572326667262e+01 3.783512878417968750e+01 6.377889633178710938e+01
8.556519699096686793e+01 4.043301010131843043e+01 3.772403717041015625e+01 6.355829620361328125e+01
8.602734565734870387e+01 4.068568801879889918e+01 3.820837020874023438e+01 6.235839080810546875e+01
8.694834136962897730e+01 4.105164527893073512e+01 3.758258056640625000e+01 6.234202194213867188e+01
8.989108657836921168e+01 3.994841194152839137e+01 3.663321685791015625e+01 6.348032760620117188e+01
9.071961975097663355e+01 3.971914672851569605e+01 3.689215087890625000e+01 6.287864685058593750e+01
9.165586471557622872e+01 4.020719718933111153e+01 3.667107391357421875e+01 6.141431045532226562e+01
9.253392791748052559e+01 4.050291442871099434e+01 3.852947998046875000e+01 6.183905029296875000e+01
9.431063079833990059e+01 4.097654724121099434e+01 3.678674316406250000e+01 6.170761108398437500e+01
9.470929908752447091e+01 4.061476135253911934e+01 3.728831100463867188e+01 6.099078369140625000e+01
9.449554634094243966e+01 3.980261802673345528e+01 3.811829757690429688e+01 6.085545730590820312e+01
9.582464027404789420e+01 4.011371231079105826e+01 3.920798873901368609e+01 6.049465179443359375e+01
9.654195594787603341e+01 4.038776588439945670e+01 3.998983383178710938e+01 6.194166183471679688e+01
9.718875885009771309e+01 4.010169792175297232e+01 4.029653930664062500e+01 6.148117446899414062e+01
1.007280807495117756e+02 3.969435501098637076e+01 3.683821105957031250e+01 6.251628875732421875e+01
1.015851612091065022e+02 3.701361083984379263e+01 3.805472946166992188e+01 6.421438598632812500e+01
1.026448554992676350e+02 3.840033149719242545e+01 3.728885650634765625e+01 6.236693954467773438e+01
1.058376979827881428e+02 3.630591583251957388e+01 3.706668472290039062e+01 6.367286682128906250e+01
1.071290493011475178e+02 3.777082252502445670e+01 3.611052322387695312e+01 6.148243331909179688e+01
1.086048240661621804e+02 3.590717315673833809e+01 3.644957733154295454e+01 6.303721618652343750e+01
1.095509490966797443e+02 3.673306655883794747e+01 3.568411254882812500e+01 6.273220062255859375e+01
1.108658409118652912e+02 3.443494796752935372e+01 3.526589202880859375e+01 6.339504241943359375e+01
1.112372684478760334e+02 3.488924217224126778e+01 3.562122726440429688e+01 6.227832412719726562e+01
1.123381195068359943e+02 3.480286598205573512e+01 3.576188659667968750e+01 6.259739303588867188e+01
1.133455810546875568e+02 3.304574584960944605e+01 3.478903198242187500e+01 6.339218139648437500e+01
1.131944923400879475e+02 3.323553085327155543e+01 3.799051666259765625e+01 6.466277313232421875e+01
1.154855327606201740e+02 2.997698211669928980e+01 3.539419937133789062e+01 6.620704650878906250e+01
1.163025226593018147e+02 2.902009201049811793e+01 3.561329269409179688e+01 6.677864837646484375e+01
1.170401859283447834e+02 3.133343505859382105e+01 3.533370590209960938e+01 6.480853271484375000e+01
1.163532199859619709e+02 2.892180252075202418e+01 3.636794662475585938e+01 6.812560272216796875e+01
1.164329166412354084e+02 3.169631195068366480e+01 3.640285873413085938e+01 6.491763305664062500e+01
1.169392509460449787e+02 3.153942108154303980e+01 3.519103240966796875e+01 6.510417175292968750e+01
1.166539993286133381e+02 2.926700210571296168e+01 3.527557373046875000e+01 6.866245269775390625e+01
1.168894691467285725e+02 3.196134376525886012e+01 3.538755035400390625e+01 6.372822189331054688e+01
1.161807041168213459e+02 2.903680038452155543e+01 3.539890670776367188e+01 6.662952423095703125e+01
1.175728378295899006e+02 3.180371093750007105e+01 3.375817871093750000e+01 6.426901245117187500e+01
1.169430980682373615e+02 3.393397521972663355e+01 3.419534683227539062e+01 6.231970214843750000e+01
1.152073707580566975e+02 3.392047882080086652e+01 3.471964263916015625e+01 6.214251708984375000e+01
1.173910675048828693e+02 3.460557556152352277e+01 3.450732421875000000e+01 6.135823059082031250e+01
1.179373016357422443e+02 3.429439544677744323e+01 3.455941772460937500e+01 6.074182128906250000e+01
1.193569183349609943e+02 3.463064384460459166e+01 3.423873901367187500e+01 6.106184768676757812e+01
1.193530426025391193e+02 3.491556549072275573e+01 3.513267517089843750e+01 6.085771179199218750e+01
1.189309368133545490e+02 3.529377746582041198e+01 3.694845962524414062e+01 6.135942077636718750e+01
1.206121215820313068e+02 3.517645454406748229e+01 3.602859497070312500e+01 5.950251388549804688e+01
1.216803417205811115e+02 3.329891777038584166e+01 3.632966995239257812e+01 6.103018569946289062e+01
1.222094631195068928e+02 3.284260749816905900e+01 3.751337051391601562e+01 6.081077194213867188e+01
1.253113975524902912e+02 3.297653198242198869e+01 3.653633880615234375e+01 6.012966918945312500e+01
1.242867698669434162e+02 3.267633628845226212e+01 3.851956939697265625e+01 6.009859085083007812e+01
1.273061218261719318e+02 3.226393318176279479e+01 3.723471069335937500e+01 6.155791854858398438e+01
1.287100582122803303e+02 3.268900680542002135e+01 3.690385818481445312e+01 6.031882476806640625e+01
1.292971763610840412e+02 3.272249984741222306e+01 3.788121795654296875e+01 5.936806488037109375e+01
1.306427555084229084e+02 3.252803230285655900e+01 3.744884872436523438e+01 6.050886154174804688e+01
1.312621059417725178e+02 3.231021308898937150e+01 3.729048538208007812e+01 6.046546554565429688e+01
1.314429588317871662e+02 3.262332916259776994e+01 3.745990753173828125e+01 5.987652587890625000e+01
1.321508197784424397e+02 3.337464523315441056e+01 3.719587326049804688e+01 5.943004608154296875e+01
1.334546318054199787e+02 3.352016067504895602e+01 3.696973419189453125e+01 5.946215057373046875e+01
1.347657203674316975e+02 3.416070365905774509e+01 3.664467620849609375e+01 5.893986892700195312e+01
1.343563728332520100e+02 3.460773468017590915e+01 3.689792633056640625e+01 5.852120971679687500e+01
1.377453517913818928e+02 3.471980857849133884e+01 3.516299819946289062e+01 5.878935623168945312e+01
1.383980255126953693e+02 3.482318115234387790e+01 3.511465454101562500e+01 5.898475646972656250e+01
1.390251216888428303e+02 3.487781524658215915e+01 3.539586257934570312e+01 5.922908020019531250e+01
1.405446853637695881e+02 3.417614364624036227e+01 3.539663696289062500e+01 6.049695587158203125e+01
1.416140918731690022e+02 3.596573257446301852e+01 3.441512680053710938e+01 6.064226531982421875e+01
1.427941379547119709e+02 3.600584793090833102e+01 3.294393539428710938e+01 6.075832366943359375e+01
1.421616897583008381e+02 3.847824859619153415e+01 3.405923461914062500e+01 6.030798339843750000e+01
1.424419364929199787e+02 3.895796394348157321e+01 3.356278228759765625e+01 6.094674301147460938e+01
1.418243045806885334e+02 3.970018196105969821e+01 3.494244003295898438e+01 6.080558395385742188e+01
1.432773456573486897e+02 4.056976699829115773e+01 3.460610580444335938e+01 5.974057769775390625e+01
1.440535926818848225e+02 4.136371994018568898e+01 3.529300689697265625e+01 6.104042816162109375e+01
1.453843402862549397e+02 4.160733413696303273e+01 3.570205307006835938e+01 6.021791839599609375e+01
1.448996582031250568e+02 4.043134880065932180e+01 3.813067626953125000e+01 6.138330459594726562e+01
1.488215065002441975e+02 4.027261161804213430e+01 3.677849578857421875e+01 6.152528762817382812e+01
1.495494308471680256e+02 4.049191284179701711e+01 3.759796142578125000e+01 6.142959594726562500e+01
1.497960491180420490e+02 4.031854820251477634e+01 3.811320877075195312e+01 6.087070083618164062e+01
1.527809810638428303e+02 3.820194625854503556e+01 3.715863418579101562e+01 6.303462982177734375e+01
1.520564880371094318e+02 3.951722526550304337e+01 3.759210205078125000e+01 6.143581008911132812e+01
1.521582279205322834e+02 3.840818595886240416e+01 3.765035629272460938e+01 6.192490005493164062e+01
1.551101646423340412e+02 3.912145042419443541e+01 3.469738006591796875e+01 6.176659011840820312e+01
1.537092323303223225e+02 3.973577499389658385e+01 3.686133575439453125e+01 6.042350006103515625e+01
1.531293392181397053e+02 3.865043449401866837e+01 3.840138626098632812e+01 6.182756423950195312e+01
1.544613246917725178e+02 3.885578346252452775e+01 3.672360610961914062e+01 6.159226608276367188e+01
1.541980686187744709e+02 4.005813598632823869e+01 3.571799850463867188e+01 6.152001953125000000e+01
1.536317119598389240e+02 4.089237594604503556e+01 3.676405715942382812e+01 6.222698211669921875e+01
1.530144939422607990e+02 4.084708023071300431e+01 3.744380569458007812e+01 6.152515411376953125e+01
1.536491241455078693e+02 4.120279693603526994e+01 3.662806701660156250e+01 6.089199829101562500e+01
1.537823333740234943e+02 4.126279258728038712e+01 3.746914672851562500e+01 6.186809158325195312e+01
1.539086036682129475e+02 4.051938056945810729e+01 3.686357879638671875e+01 6.189855575561523438e+01
1.542157497406006428e+02 3.996432685852060729e+01 3.583490371704101562e+01 6.154835128784179688e+01
1.527497386932373615e+02 3.962795257568369323e+01 3.715909194946289062e+01 6.166752624511718750e+01
1.527058849334717365e+02 3.824295234680185729e+01 3.846548843383789062e+01 6.220626449584960938e+01
1.533641033172607990e+02 3.640163993835459166e+01 3.772633743286132812e+01 6.386401748657226562e+01
1.535265045166016193e+02 3.895495796203623229e+01 3.617253112792968750e+01 6.286166000366210938e+01
1.521400737762451740e+02 3.791650772094736510e+01 3.641492080688476562e+01 6.422391510009765625e+01
1.533700370788574787e+02 3.869535064697275573e+01 3.584452056884765625e+01 6.537257385253906250e+01
1.513468723297119709e+02 3.929236602783213073e+01 3.812617111206054688e+01 6.539466857910156250e+01
1.539856109619141193e+02 3.944172286987314635e+01 3.723536682128906250e+01 6.493639373779296875e+01
1.520848999023438068e+02 3.820653533935556823e+01 3.946145629882812500e+01 6.608247375488281250e+01
1.549700031280518147e+02 3.886082839965830260e+01 3.759414291381835938e+01 6.507057952880859375e+01
1.538569068908691975e+02 3.895758438110361510e+01 3.983968353271484375e+01 6.462789154052734375e+01
1.552809600830078693e+02 3.901863861083994323e+01 3.836753845214843750e+01 6.522599792480468750e+01
1.555585384368897053e+02 3.815834426879892760e+01 3.863130569458007812e+01 6.654701995849609375e+01
1.559225673675537678e+02 3.988131332397470885e+01 3.789497756958007812e+01 6.601563262939453125e+01
1.566340274810791584e+02 3.929902267456064635e+01 3.924566268920898438e+01 6.589226531982421875e+01
1.561824798583984943e+02 3.916105270385752135e+01 4.039382934570312500e+01 6.576911163330078125e+01
1.562623329162598225e+02 4.029047775268564635e+01 3.996196746826171875e+01 6.519599151611328125e+01
1.563827533721924397e+02 3.941129302978525573e+01 4.026494979858398438e+01 6.652012634277343750e+01
1.562143249511719318e+02 4.140960311889658385e+01 4.086175537109375000e+01 6.550565338134765625e+01
1.558363265991211506e+02 4.111841201782236510e+01 4.123323059082031250e+01 6.641805267333984375e+01
1.557167663574219318e+02 4.333975219726572448e+01 4.094955444335937500e+01 6.602062988281250000e+01
1.558644485473633381e+02 4.372847747802744323e+01 4.168870544433593750e+01 6.577131652832031250e+01
1.538119411468506428e+02 4.324203872680674010e+01 4.160911941528320312e+01 6.601854705810546875e+01
1.551840629577637287e+02 4.429783248901377135e+01 3.920423126220703125e+01 6.504700469970703125e+01
1.553893966674805256e+02 4.483723068237313214e+01 3.793859863281250000e+01 6.525411224365234375e+01
1.553042259216309162e+02 4.419902801513680402e+01 3.794330596923828125e+01 6.585549926757812500e+01
1.553810348510742756e+02 4.520425415039071027e+01 3.732005310058593750e+01 6.615203857421875000e+01
1.556277465820313068e+02 4.433866500854500714e+01 3.784028625488281250e+01 6.570528411865234375e+01
1.559191799163818928e+02 4.563896942138680402e+01 3.707349014282226562e+01 6.553916931152343750e+01
1.556484909057617756e+02 4.475328826904305402e+01 3.705734252929687500e+01 6.422091674804687500e+01
1.543980884552002522e+02 4.623986434936531964e+01 3.832653427124023438e+01 6.531616973876953125e+01
1.541313877105713459e+02 4.663094329833992902e+01 3.799842453002929688e+01 6.557754516601562500e+01
1.541371707916260334e+02 4.654914474487313214e+01 3.818598556518554688e+01 6.594412994384765625e+01
1.524820690155029865e+02 4.498551940917977277e+01 3.840648269653320312e+01 6.809132385253906250e+01
1.528536643981934162e+02 4.710155487060555402e+01 3.816701507568359375e+01 6.452459716796875000e+01
1.528132057189941975e+02 4.593158340454110089e+01 3.782654571533203125e+01 6.589675140380859375e+01
1.517771663665772053e+02 4.668158340454110089e+01 3.778953933715820312e+01 6.602269744873046875e+01
1.527443523406982990e+02 4.565633010864266339e+01 3.664177322387695312e+01 6.669570159912109375e+01
1.528603057861328693e+02 4.721592712402352277e+01 3.582301330566406250e+01 6.599621582031250000e+01
1.516674404144287678e+02 4.756372833251961652e+01 3.743147659301757812e+01 6.592558288574218750e+01
1.511225032806397053e+02 4.710701370239266339e+01 3.711915969848632812e+01 6.608180999755859375e+01
1.499487247467041584e+02 4.617288970947274152e+01 3.774816513061523438e+01 6.705665588378906250e+01
1.506318168640137287e+02 4.749679946899422589e+01 3.609980010986328125e+01 6.524176788330078125e+01
1.508947563171387287e+02 4.753249359130867902e+01 3.547052764892578125e+01 6.535009765625000000e+01
1.503346061706543537e+02 4.777237319946296168e+01 3.525127410888671875e+01 6.497876739501953125e+01
1.506466960906982990e+02 4.893284988403327418e+01 3.353285598754882812e+01 6.445420074462890625e+01
1.496772956848145100e+02 4.765916824340827418e+01 3.529065704345703125e+01 6.479412078857421875e+01
1.500694427490234943e+02 4.793296432495124293e+01 3.484716796875000000e+01 6.529921722412109375e+01
1.498062114715576740e+02 4.784775543212897730e+01 3.502859878540039062e+01 6.503273010253906250e+01
1.500328979492188068e+02 4.714344787597663355e+01 3.417706298828125000e+01 6.530761718750000000e+01
1.501075801849365803e+02 4.752652359008796168e+01 3.441933059692382812e+01 6.577927398681640625e+01
1.499548130035400959e+02 4.758154296875007105e+01 3.495325851440429688e+01 6.539532470703125000e+01
1.503194713592529865e+02 4.840811157226569605e+01 3.426095962524414062e+01 6.491664123535156250e+01
1.490725250244141193e+02 4.751580810546883527e+01 3.567907714843750000e+01 6.548268127441406250e+01
1.492592792510986897e+02 4.871966934204110089e+01 3.363360214233398438e+01 6.459154510498046875e+01
1.492702426910400959e+02 4.808137512207039777e+01 3.498249435424804688e+01 6.473515319824218750e+01
1.491719226837158772e+02 4.712985610961922589e+01 3.632592391967773438e+01 6.608692169189453125e+01
1.501836032867432209e+02 4.738035583496102277e+01 3.455120468139648438e+01 6.504846191406250000e+01
1.500181789398193928e+02 4.613326263427742902e+01 3.558140945434570312e+01 6.560900878906250000e+01
1.500263576507568928e+02 4.594812011718758527e+01 3.673872756958007812e+01 6.510867309570312500e+01
1.500152835845947834e+02 4.547332382202156964e+01 3.698406600952148438e+01 6.567675018310546875e+01
1.492106132507324787e+02 4.572497177124031964e+01 3.921883392333984375e+01 6.409410858154296875e+01
1.491892185211182209e+02 4.609170150756844464e+01 3.672886276245117188e+01 6.456472015380859375e+01
1.475450344085693928e+02 4.588868713378914777e+01 3.855301284790039062e+01 6.492861938476562500e+01
1.483977680206299397e+02 4.543056869506844464e+01 3.709678268432617188e+01 6.488883209228515625e+01
1.455200080871582600e+02 4.597905349731453839e+01 3.861013031005859375e+01 6.511028289794921875e+01
1.458151721954346272e+02 4.646730422973641339e+01 3.730805587768554688e+01 6.486212921142578125e+01
1.452680549621582600e+02 4.588786697387703839e+01 3.558039093017578125e+01 6.608792877197265625e+01
1.422898902893066975e+02 4.632261657714852277e+01 3.694095611572265625e+01 6.577186584472656250e+01
1.433206367492676350e+02 4.500908660888680402e+01 3.604821014404296875e+01 6.586920166015625000e+01
1.417555236816406818e+02 4.478663253784188214e+01 3.546931457519531250e+01 6.695861053466796875e+01
1.406857357025147053e+02 4.602530670166024152e+01 3.571484756469726562e+01 6.718336486816406250e+01
1.393736019134522053e+02 4.537504196167000714e+01 3.615918350219726562e+01 6.664048004150390625e+01
1.380958251953125568e+02 4.528697967529305402e+01 3.713664245605468750e+01 6.542192077636718750e+01
1.389276580810547443e+02 4.706085968017586652e+01 3.608168029785156250e+01 6.321629333496093750e+01
1.368227081298828693e+02 4.502834320068367902e+01 3.829940795898437500e+01 6.468867492675781250e+01
1.374501438140869709e+02 4.565435409545906964e+01 3.764663314819335938e+01 6.335860443115234375e+01
1.339183406829834553e+02 4.302228736877449933e+01 4.148698806762695312e+01 6.140964889526367188e+01
1.316354484558106037e+02 4.529369735717780543e+01 4.198526763916015625e+01 6.558789825439453125e+01
1.349379329681397053e+02 4.676489257812507105e+01 3.516872024536132812e+01 5.992218017578125000e+01
1.297608699798584553e+02 3.228184127807624293e+01 3.987228775024414062e+01 7.922666168212890625e+01
1.287435207366943928e+02 3.720476150512702418e+01 4.558575820922851562e+01 6.858007049560546875e+01
1.274074115753174397e+02 3.613622665405280543e+01 3.988077926635742188e+01 7.425144195556640625e+01
1.298313407897949787e+02 3.747035217285163355e+01 3.367055511474609375e+01 7.273583984375000000e+01
1.268057670593262287e+02 2.899368667602546168e+01 3.528775787353515625e+01 8.246370697021484375e+01
1.297993907928467365e+02 3.831884002685553980e+01 3.429751968383789062e+01 7.250999450683593750e+01
1.287299938201904865e+02 3.434113693237311793e+01 3.485358047485351562e+01 7.737863922119140625e+01
1.290960483551025959e+02 4.146988296508796168e+01 3.347135543823242188e+01 7.070391082763671875e+01
1.300577259063721272e+02 4.362893676757819605e+01 3.298861312866210938e+01 6.452268981933593750e+01
1.293669357299805256e+02 4.387216949462899152e+01 3.268914794921875000e+01 6.777397155761718750e+01
1.295352144241333576e+02 4.189851379394541198e+01 3.180763816833496094e+01 6.769706726074218750e+01
1.306744565963745686e+02 4.247407531738291198e+01 3.036002540588378906e+01 6.878973388671875000e+01
1.314627122879028889e+02 4.282222366333017760e+01 3.028336143493652344e+01 6.814197540283203125e+01
1.292359209060669514e+02 3.873698043823252135e+01 3.085777854919433594e+01 7.077230072021484375e+01
1.288473749160767170e+02 3.673737335205088073e+01 3.145023918151855469e+01 7.263088989257812500e+01
1.300812063217163654e+02 3.725704193115244323e+01 3.082324409484863281e+01 7.260989379882812500e+01
1.276274776458740803e+02 2.875342559814463073e+01 3.469537734985351562e+01 8.110052490234375000e+01
1.289482212066650959e+02 3.127606582641611510e+01 3.355724716186523438e+01 7.941886138916015625e+01
1.310078001022339436e+02 4.076551055908213073e+01 3.121875953674316406e+01 6.874420166015625000e+01
1.298582668304443928e+02 3.150362396240244323e+01 3.267271804809570312e+01 7.750711059570312500e+01
1.324609117507935139e+02 3.862792587280283385e+01 2.977187156677246094e+01 7.052062225341796875e+01
1.320387496948242756e+02 3.046427536010752135e+01 3.119265747070312500e+01 7.932051849365234375e+01
1.312778129577637287e+02 3.445137786865244323e+01 3.266968536376953125e+01 7.428462219238281250e+01
1.291520004272461506e+02 2.045499038696299010e+01 3.608200073242187500e+01 9.038744354248046875e+01
1.302260360717774006e+02 1.476892471313486510e+01 3.889688110351562500e+01 9.235012054443359375e+01
1.320688629150391193e+02 1.873051834106455260e+01 3.791807556152343750e+01 8.965801239013671875e+01
1.315663185119629475e+02 1.491509246826181823e+01 3.919770050048828125e+01 8.953141784667968750e+01
1.307458229064941975e+02 1.354948425292978698e+01 3.924503326416015625e+01 9.343243408203125000e+01
1.325377941131592365e+02 1.251824951171884948e+01 4.014940261840820312e+01 8.925271606445312500e+01
1.307211570739746662e+02 1.514122009277353698e+01 4.005980682373046875e+01 9.279318237304687500e+01
1.303971652984619709e+02 1.435978698730478698e+01 3.707378768920898438e+01 9.289715576171875000e+01
1.324546604156494709e+02 1.257057952880869323e+01 5.280172348022460938e+01 9.360038757324218750e+01
1.308281517028809162e+02 1.560239410400400573e+01 3.932280731201171875e+01 8.831632995605468750e+01
1.321101131439209553e+02 1.305494308471689635e+01 3.943289566040039062e+01 9.272370147705078125e+01
1.304707202911377522e+02 3.181789016723642760e+01 3.399833297729492188e+01 7.609395599365234375e+01
1.309863872528076740e+02 1.424244689941416198e+01 4.657518386840820312e+01 9.140660095214843750e+01
1.294676485061646076e+02 3.811848831176767760e+01 2.925850486755371094e+01 6.140076446533203125e+01
1.294452142715454670e+02 4.112922286987314635e+01 2.838229179382324219e+01 6.640488433837890625e+01
1.342416782379150959e+02 2.012669372558603698e+01 4.594292831420898438e+01 8.477221679687500000e+01
1.291275806427002522e+02 3.950647354125986510e+01 3.260560226440429688e+01 6.871440887451171875e+01
1.297096347808838459e+02 1.662629318237314635e+01 3.642824935913085938e+01 9.062796783447265625e+01
1.278136329650879475e+02 1.220203018188486510e+01 5.535453033447265625e+01 9.660774993896484375e+01
1.280069770812988850e+02 1.618369293212900573e+01 3.758350372314453125e+01 8.484272766113281250e+01
1.295507526397705647e+02 1.261126327514658385e+01 4.983063888549804688e+01 9.262216949462890625e+01
1.321092529296875568e+02 1.419003295898447448e+01 5.316474914550781250e+01 8.404794311523437500e+01
1.302953815460205647e+02 1.272365570068369323e+01 5.000300216674804688e+01 9.445191955566406250e+01
1.293322563171387287e+02 1.518568420410166198e+01 4.526705169677734375e+01 8.153027343750000000e+01
1.260426816940308186e+02 3.688023376464853698e+01 3.114460182189941406e+01 6.619549560546875000e+01
1.271881799697876545e+02 2.782570648193369323e+01 3.001852226257324219e+01 8.160523986816406250e+01
1.277217836380005451e+02 3.005873489379892760e+01 2.979585838317871094e+01 7.952045440673828125e+01
1.260464363098145100e+02 2.595996475219736510e+01 3.272006988525390625e+01 8.298615264892578125e+01
1.267562618255615803e+02 1.756517791748056823e+01 3.374954605102539062e+01 9.218354797363281250e+01
1.296384429931641193e+02 1.515493774414072448e+01 4.871940612792968750e+01 9.055935668945312500e+01
1.284098978042603107e+02 3.621482467651377135e+01 2.872071647644042969e+01 6.748502349853515625e+01
1.297184562683106037e+02 1.595280456542978698e+01 4.383763885498046875e+01 9.339039611816406250e+01
1.328969650268555256e+02 1.314683532714853698e+01 4.200991821289062500e+01 8.006867980957031250e+01
1.310882053375244709e+02 1.665968322753916198e+01 4.287389755249023438e+01 8.470228576660156250e+01
1.258271265029907795e+02 2.720153808593759948e+01 3.117992973327636719e+01 8.022108459472656250e+01
1.260578775405884357e+02 2.445261383056650573e+01 3.075037956237792969e+01 8.476777648925781250e+01
1.269854888916016193e+02 1.825234222412119323e+01 3.228181457519531250e+01 9.117564392089843750e+01
1.253060474395752522e+02 1.544219589233408385e+01 4.097898483276367188e+01 9.033908843994140625e+01
1.253622207641602131e+02 2.021186447143564635e+01 3.547018432617187500e+01 8.887888336181640625e+01
1.271879158020020100e+02 1.660641479492197448e+01 4.968128204345703125e+01 8.751150512695312500e+01
1.265542631149292561e+02 4.446876335144052916e+01 2.873005104064941406e+01 6.085278701782226562e+01
1.239835748672485920e+02 4.414227294921884948e+01 3.192616081237792969e+01 6.532754516601562500e+01
1.257944049835205647e+02 4.236832427978525573e+01 3.052598190307617188e+01 6.705378723144531250e+01
1.242768220901489826e+02 4.504718780517588073e+01 3.067252159118652344e+01 6.481726074218750000e+01
1.244000396728516193e+02 4.416417312622080260e+01 3.061047363281250000e+01 6.463144683837890625e+01
1.239975099563599201e+02 4.480424690246591979e+01 3.062810325622558594e+01 6.394730758666992188e+01
1.227013473510742756e+02 4.623600006103525573e+01 3.189773559570312500e+01 6.139396667480468750e+01
1.220779104232788654e+02 4.878994750976572448e+01 3.158172798156738281e+01 5.925013732910156250e+01
1.225310020446777912e+02 4.583041572570810729e+01 3.208414459228515625e+01 6.396267318725585938e+01
1.219964637756348225e+02 4.860305213928232604e+01 3.223233795166015625e+01 6.257610702514648438e+01
1.205428028106690022e+02 4.555869674682628556e+01 3.266242599487304688e+01 6.604576873779296875e+01
1.218535175323486897e+02 4.552700042724620744e+01 3.243020248413085938e+01 6.571733093261718750e+01
1.194537754058838459e+02 4.265949630737317477e+01 3.386169052124023438e+01 6.958286285400390625e+01
1.207909984588623615e+02 4.647267913818372165e+01 3.258099746704101562e+01 6.517059326171875000e+01
1.207407741546631428e+02 4.645006561279311086e+01 3.201511001586914062e+01 6.401431274414062500e+01
1.215400686264038654e+02 4.784213829040541555e+01 3.181770515441894531e+01 6.181552505493164062e+01
1.207508831024170490e+02 4.411291503906264211e+01 3.325470352172851562e+01 6.598252868652343750e+01
1.207376937866211506e+02 4.560165405273451711e+01 3.345063781738281250e+01 6.470478820800781250e+01
1.210620136260986897e+02 4.717071151733412648e+01 3.260703659057617188e+01 6.407225799560546875e+01
1.204543895721436115e+02 4.527783966064467336e+01 3.233115005493164062e+01 6.508757019042968750e+01
1.202653408050537678e+02 4.553848648071303273e+01 3.192764663696289062e+01 6.393305206298828125e+01
1.198759479522705647e+02 4.524133682250990773e+01 3.195762252807617188e+01 6.416774749755859375e+01
1.193709278106690022e+02 4.438587951660170461e+01 3.188219833374023438e+01 6.586706542968750000e+01
1.194945135116577717e+02 4.446652984619154836e+01 3.173230171203613281e+01 6.692811584472656250e+01
1.192094478607178303e+02 4.512704849243179694e+01 3.105745315551757812e+01 6.668329620361328125e+01
1.173620872497559162e+02 4.548428726196304694e+01 3.259255218505859375e+01 6.729805755615234375e+01
1.174938831329346272e+02 4.545128631591812507e+01 3.257833480834960938e+01 6.778323364257812500e+01
1.164317646026611897e+02 4.543111419677750007e+01 3.339271163940429688e+01 6.765565490722656250e+01
1.164687728881836506e+02 4.587180709838882819e+01 3.254502868652343750e+01 6.787538909912109375e+01
1.151763076782227131e+02 4.561818695068376428e+01 3.332012939453125000e+01 6.723767089843750000e+01
1.153877258300781818e+02 4.535897064209001428e+01 3.269334411621093750e+01 6.774681091308593750e+01
1.137369537353516193e+02 4.636624526977557537e+01 3.293969726562500000e+01 6.724062347412109375e+01
1.129598350524902912e+02 4.773852157592793333e+01 3.324602508544921875e+01 6.637175750732421875e+01
1.120510997772217365e+02 4.797786712646504270e+01 3.325471878051757812e+01 6.706025695800781250e+01
1.107404060363770100e+02 4.840266799926777708e+01 3.352356719970703125e+01 6.818811798095703125e+01
1.088095149993897053e+02 4.855402755737324583e+01 3.387594985961914062e+01 6.771300506591796875e+01
1.078059635162354084e+02 4.886051940917988645e+01 3.454198837280273438e+01 6.743003845214843750e+01
1.071525135040283772e+02 4.832961654663105833e+01 3.365072250366210938e+01 6.733150482177734375e+01
1.071499176025391193e+02 4.974932861328144895e+01 3.271530151367187500e+01 6.723513793945312500e+01
1.068728904724121662e+02 4.964180374145527708e+01 3.158873748779296875e+01 6.796453094482421875e+01
1.059283266067505451e+02 5.030701828002949583e+01 3.148212242126464844e+01 6.736704254150390625e+01
1.048818302154541726e+02 5.149971389770529129e+01 3.223226547241209516e+01 6.810025787353515625e+01
1.055038499832153889e+02 5.277923583984396316e+01 3.165604209899902344e+01 6.602133178710937500e+01
1.042490873336792561e+02 5.325655364990255691e+01 3.147269630432128906e+01 6.623252868652343750e+01
1.038332023620606037e+02 5.374232101440451004e+01 3.310593414306640625e+01 6.645227813720703125e+01
1.034856033325195881e+02 5.403693771362326004e+01 3.290830993652343750e+01 6.676364898681640625e+01
1.046690120697022053e+02 5.412103271484396316e+01 3.220099258422851562e+01 6.551351928710937500e+01
1.032344474792481037e+02 5.355625915527365066e+01 3.289359283447265625e+01 6.639865112304687500e+01
1.039729843139649006e+02 5.377725982666036941e+01 3.224075317382812500e+01 6.631549072265625000e+01
1.041397285461426350e+02 5.410382461547872879e+01 3.276277923583984375e+01 6.603548431396484375e+01
1.029964275360107990e+02 5.344700622558615066e+01 3.244482803344726562e+01 6.523078918457031250e+01
1.023600673675537820e+02 5.385225296020530550e+01 3.217087173461912641e+01 6.589002227783203125e+01
1.027477569580078836e+02 5.463921737670922596e+01 3.270123291015623579e+01 6.703490447998046875e+01
1.019504547119141193e+02 5.444667816162133533e+01 3.246762084960937500e+01 6.503927612304687500e+01
1.026479415893555256e+02 5.513371276855492908e+01 3.174707031250000000e+01 6.625177001953125000e+01
1.006789798736572834e+02 5.486191558837914783e+01 3.302863693237304688e+01 6.649664306640625000e+01
1.007572708129883381e+02 5.508703994751000721e+01 3.204019165039062500e+01 6.555086517333984375e+01
1.006656436920166584e+02 5.567057037353539783e+01 3.217298507690429688e+01 6.579557800292968750e+01
1.014885759353638406e+02 5.649526214599634955e+01 3.057526206970213423e+01 6.519090270996093750e+01
1.010755243301392170e+02 5.790975952148463080e+01 2.860258293151855469e+01 6.411274719238281250e+01
1.012449321746826740e+02 5.952341651916529486e+01 2.900778579711914062e+01 6.234803390502929688e+01
1.014807844161987873e+02 5.974224853515650580e+01 2.879142189025878906e+01 6.220933532714843750e+01
9.973797130584722481e+01 5.979512786865259955e+01 2.900373268127441406e+01 6.182203674316406250e+01
1.005848093032837482e+02 6.067149734497095892e+01 2.917509269714355469e+01 6.103907012939453125e+01
9.901885890960699044e+01 5.968947219848658392e+01 2.764731025695800781e+01 6.162651824951171875e+01
1.005420026779175373e+02 6.133651161193873236e+01 2.630694007873535156e+01 6.061663436889648438e+01
9.896833229064947091e+01 6.016240882873560736e+01 2.691698837280273438e+01 6.199222946166992188e+01
9.907873153686529122e+01 5.980124282836939642e+01 2.788799285888671875e+01 6.253031158447265625e+01
9.824384117126470528e+01 5.891681671142603705e+01 2.637884902954101562e+01 6.407679748535156250e+01
9.938809204101568184e+01 6.180100250244166205e+01 2.769694519042968750e+01 6.166316223144531250e+01
9.865280342102056466e+01 6.169005584716822455e+01 2.717269515991210938e+01 6.132751464843750000e+01
9.804219818115240059e+01 6.149211311340357611e+01 2.810552978515625000e+01 6.110467147827148438e+01
9.911867809295659981e+01 6.089692497253443548e+01 2.781463050842285156e+01 6.231175613403320312e+01
9.732331848144536934e+01 5.980057716369654486e+01 2.984274291992187500e+01 6.243363571166992188e+01
9.880988311767583809e+01 6.066056632995631048e+01 2.948065185546875000e+01 6.190475845336914062e+01
9.736048698425298653e+01 6.048609542846705267e+01 3.092924880981445312e+01 6.188303375244140625e+01
9.814139175415044747e+01 6.035653305053736517e+01 3.142241668701171875e+01 6.298195648193359375e+01
9.635120582580572091e+01 5.909160232543970892e+01 3.268580245971679688e+01 6.409677886962890625e+01
9.439528942108159981e+01 5.809300231933619330e+01 3.152211952209472656e+01 6.241595458984375000e+01
9.386120223999029122e+01 5.666618728637720892e+01 3.253514862060546875e+01 6.470832061767578125e+01
9.236443328857427559e+01 5.537403106689478705e+01 3.366822814941406250e+01 6.587045288085937500e+01
9.152934455871589137e+01 5.571150970459011376e+01 3.320382308959960938e+01 6.557868957519531250e+01
8.961293792724616480e+01 5.476391983032253563e+01 3.404518127441406250e+01 6.547109222412109375e+01
9.012205505371100855e+01 5.582247924804714501e+01 3.228372192382812500e+01 6.413095092773437500e+01
8.998541069030768824e+01 5.491057968139675438e+01 3.302956008911132812e+01 6.479592132568359375e+01
8.951326370239264918e+01 5.478527450561550438e+01 3.276674652099609375e+01 6.561153411865234375e+01
8.910322952270514918e+01 5.299219131469753563e+01 3.299138641357421875e+01 6.656647491455078125e+01
8.841070365905768824e+01 5.349076461792019188e+01 3.299386978149414062e+01 6.721236419677734375e+01
8.656920623779305402e+01 5.336822891235379984e+01 3.352091979980468750e+01 6.714745330810546875e+01
8.564673233032235089e+01 5.352090454101590922e+01 3.402939605712890625e+01 6.705473327636718750e+01
8.428596496582039777e+01 5.388301086425809672e+01 3.291687011718750000e+01 6.489866638183593750e+01
8.375820922851571027e+01 5.322070693969754984e+01 3.310815429687500000e+01 6.547129058837890625e+01
8.309481048583992902e+01 5.255810546875028422e+01 3.248834228515625000e+01 6.516308593750000000e+01
8.240302085876474791e+01 5.112887191772490780e+01 3.180099868774414062e+01 6.544013214111328125e+01
8.069517517089853698e+01 5.122211074829131405e+01 3.327626037597656250e+01 6.518824005126953125e+01
7.747098541259775573e+01 5.048456954956084530e+01 3.499864196777343750e+01 6.568111419677734375e+01
7.767601776123056823e+01 4.974724578857451718e+01 3.384901428222656250e+01 6.614608764648437500e+01
7.752059555053720885e+01 4.916408538818389218e+01 3.297809600830078125e+01 6.552476501464843750e+01
7.580489349365244323e+01 4.944596099853545468e+01 3.218438720703125000e+01 6.523109436035156250e+01
7.366330337524424010e+01 4.831769561767607968e+01 3.342763519287109375e+01 6.583781433105468750e+01
7.271265983581552916e+01 4.780544281005889218e+01 3.174441909790039062e+01 6.620048522949218750e+01
7.105336380004892760e+01 4.946685028076201718e+01 3.365221405029296875e+01 6.555795288085937500e+01
6.905284690856943541e+01 5.237811470031768124e+01 3.421350479125976562e+01 6.295470809936523438e+01
6.609577941894541198e+01 5.348715019226104062e+01 3.415310668945312500e+01 6.232007217407226562e+01
6.562694549560558244e+01 5.263106918334992201e+01 3.401687622070312500e+01 6.265514373779296875e+01
6.549083900451672946e+01 5.145327758789095185e+01 3.221897506713867188e+01 6.436195373535156250e+01
6.424453353881848727e+01 5.326927375793489716e+01 3.078154754638671875e+01 6.250254440307617188e+01
6.465885639190686618e+01 5.535201454162630341e+01 3.040878868103027344e+01 5.947643661499023438e+01
6.667344665527356540e+01 4.747776031494173310e+01 3.104150390625000000e+01 6.719392395019531250e+01
6.590747833251965915e+01 4.995616340637239716e+01 3.235290527343750000e+01 6.270725631713867188e+01
6.639595603942883884e+01 4.665281295776399872e+01 3.227475357055664062e+01 6.759201812744140625e+01
6.621118736267102634e+01 5.096473884582552216e+01 3.340414810180664062e+01 6.337272262573242188e+01
6.704444694519057180e+01 4.995281219482455981e+01 3.250963211059570312e+01 6.432063293457031250e+01
6.661904811859145070e+01 5.087310600280795825e+01 3.187591743469238281e+01 6.238129043579101562e+01
6.743336296081557180e+01 4.729369735717807544e+01 3.251648330688476562e+01 6.513301849365234375e+01
6.792434692382828132e+01 4.955849456787144902e+01 3.374856567382812500e+01 6.399057006835937500e+01
6.712175083160416023e+01 4.964465141296422246e+01 3.162798881530761719e+01 6.323889541625976562e+01
6.686490821838394538e+01 4.963711166381871465e+01 3.142969894409179688e+01 6.234557342529296875e+01
6.652210330963150398e+01 4.792543411254918340e+01 3.191035270690917969e+01 6.265322113037109375e+01
6.742776870727554694e+01 4.616500854492223027e+01 3.470856475830078125e+01 6.468426513671875000e+01
6.640876388549820319e+01 4.816889190673863652e+01 3.332337188720703125e+01 6.023098754882812500e+01
6.589076042175310022e+01 4.741263198852576011e+01 3.293918228149414062e+01 6.183669281005859375e+01
6.697732067108171350e+01 4.803643608093298667e+01 3.095946693420410156e+01 6.224199295043945312e+01
6.609941482543962366e+01 4.687583160400427573e+01 3.326834869384765625e+01 6.242449951171875000e+01
6.528275489807145959e+01 4.809321594238318198e+01 3.246204757690429688e+01 6.069297790527343750e+01
6.457846641540544397e+01 4.690765380859411948e+01 3.222717666625976562e+01 6.190785217285156250e+01
6.381335830688493616e+01 4.662039947509802573e+01 3.148213958740234375e+01 6.155816650390625000e+01
6.290800285339372522e+01 4.643050193786658042e+01 3.133896255493164062e+01 6.238902664184570312e+01
6.109860324859636194e+01 4.631820487976111167e+01 3.134275627136230469e+01 6.283345413208007812e+01
5.964721298217790491e+01 4.724286651611365073e+01 3.165587615966796875e+01 6.210601806640625000e+01
5.950444221496599084e+01 4.700855445861853354e+01 3.159624862670898438e+01 6.330520248413085938e+01
5.795915126800554162e+01 4.663150978088415854e+01 3.171954536437988281e+01 6.225283432006835938e+01
5.703848075866716272e+01 4.632623291015661948e+01 3.225833511352539062e+01 6.265145874023437500e+01
5.486812591552752849e+01 4.639721488952675088e+01 3.264428710937500000e+01 6.307516860961914062e+01
5.359924125671405193e+01 4.637152862548866494e+01 3.236249160766601562e+01 6.290612792968750000e+01
5.193414592742938396e+01 4.565653800964393838e+01 3.197870826721191406e+01 6.276002883911132812e+01
5.168701744079608318e+01 4.517254066467323526e+01 3.165430068969726562e+01 6.363535690307617188e+01
5.040149021148701536e+01 4.548841285705606197e+01 3.190582084655761719e+01 6.309083175659179688e+01
4.934700775146505691e+01 4.508673667907756055e+01 3.164889526367187500e+01 6.235913467407226562e+01
4.861306381225607254e+01 4.464273071289103711e+01 3.204503631591796875e+01 6.300166320800781250e+01
4.834556579589866487e+01 4.413177490234417633e+01 3.225521850585937500e+01 6.305580139160156250e+01
4.810740661621116487e+01 4.377586936950726226e+01 3.255346679687500000e+01 6.342862319946289062e+01
4.725831222534202425e+01 4.550503158569378570e+01 3.286553192138671875e+01 6.325083160400390625e+01
4.558213233947776644e+01 4.489009666442913726e+01 3.292690658569335938e+01 6.355253982543945312e+01
4.521538162231468050e+01 4.564966201782269195e+01 3.283187103271484375e+01 6.417462921142578125e+01
4.362945747375511019e+01 4.669940948486370758e+01 3.211564254760742188e+01 6.255677795410156250e+01
4.443100738525414783e+01 4.724299812316938585e+01 3.227647399902343750e+01 6.398804855346679688e+01
4.247127342224145252e+01 4.747516632080122179e+01 3.287971878051757812e+01 6.266981506347656250e+01
4.375241851806664783e+01 4.736849212646528429e+01 3.263320922851562500e+01 6.329713439941406250e+01
4.268337249755883533e+01 4.720973968505903429e+01 3.181744384765625000e+01 6.267327880859375000e+01
