1.440000000000000000e+02 2.800000000000000000e+01 2.400000000000000000e+01 2.900000000000000000e+01
1.447844409942626953e+02 2.797179412841796875e+01 2.364933395385742188e+01 2.997776794433593750e+01
1.444892854690551758e+02 2.805959510803222656e+01 2.369479942321777344e+01 3.014840316772460938e+01
1.454742584228515625e+02 2.856198406219482422e+01 2.380218505859375000e+01 3.019855690002441406e+01
1.449441375732421875e+02 2.873562812805175781e+01 2.414083862304687500e+01 3.044204330444335938e+01
1.455858669281005859e+02 2.888801097869873047e+01 2.380109024047851562e+01 3.027732276916503906e+01
1.457082004547119141e+02 2.856134891510009766e+01 2.404894638061523438e+01 3.053993034362792969e+01
1.454512100219726562e+02 2.893017292022705078e+01 2.420501708984375000e+01 3.062251853942871094e+01
1.457939538955688477e+02 2.880765533447265625e+01 2.399217033386230469e+01 3.062956237792968750e+01
1.449585876464843750e+02 2.913612174987792969e+01 2.397566223144531250e+01 3.033130264282226562e+01
1.449393787384033203e+02 2.868149757385253906e+01 2.394709396362304688e+01 3.022982406616210938e+01
1.440361766815185547e+02 2.857661819458007812e+01 2.348883438110351562e+01 3.032868194580078125e+01
1.421202421188354492e+02 2.736015415191650391e+01 2.388698768615722656e+01 3.057150077819824219e+01
1.412964620590209961e+02 2.665326976776123047e+01 2.365498542785644531e+01 3.054459571838378906e+01
1.397874612808227539e+02 2.683908271789550781e+01 2.405152702331542969e+01 3.045019149780273438e+01
1.391137237548828125e+02 2.591758346557617188e+01 2.392813110351562500e+01 3.051769256591796875e+01
1.389028797149658203e+02 2.544557952880859375e+01 2.380875778198242188e+01 3.058105468750000000e+01
1.386708660125732422e+02 2.523885726928710938e+01 2.414685440063476562e+01 3.063549041748046875e+01
1.378346605300903320e+02 2.440689373016357422e+01 2.355341148376464844e+01 3.051951026916503906e+01
1.380037689208984375e+02 2.455401706695556641e+01 2.405111694335937500e+01 3.064098930358886719e+01
1.375595388412475586e+02 2.404595851898193359e+01 2.392038154602050781e+01 3.045413398742675781e+01
1.371933984756469727e+02 2.366799545288085938e+01 2.397869682312011719e+01 3.048140716552734375e+01
1.371249504089355469e+02 2.352047252655029297e+01 2.434314727783203125e+01 3.061033058166503906e+01
1.366538953781127930e+02 2.397110462188720703e+01 2.447699928283691406e+01 3.059045982360839844e+01
1.373378400802612305e+02 2.334798908233642578e+01 2.467170143127441406e+01 3.093024253845214844e+01
1.376213884353637695e+02 2.424957275390625000e+01 2.448785972595214844e+01 3.107763671875000000e+01
1.382154321670532227e+02 2.397148609161376953e+01 2.420356559753417969e+01 3.133403587341308594e+01
1.396744365692138672e+02 2.443071937561035156e+01 2.410876846313476562e+01 3.119790267944335938e+01
1.399576644897460938e+02 2.530562782287597656e+01 2.390966796875000000e+01 3.144799423217773438e+01
1.413318777084350586e+02 2.570944976806640625e+01 2.367782783508300781e+01 3.139715576171875000e+01
1.418917655944824219e+02 2.609392070770263672e+01 2.370606231689453125e+01 3.123601722717285156e+01
1.434196405410766602e+02 2.654481601715087891e+01 2.362525749206542969e+01 3.166607475280761719e+01
1.436567239761352539e+02 2.659643936157226562e+01 2.373504447937011719e+01 3.150092315673828125e+01
1.448404331207275391e+02 2.711451625823974609e+01 2.353725814819335938e+01 3.112626838684082031e+01
1.452392082214355469e+02 2.711706829071044922e+01 2.354737091064453125e+01 3.111612892150878906e+01
1.465499897003173828e+02 2.745202732086181641e+01 2.341886520385742188e+01 3.093508720397949219e+01
1.471205587387084961e+02 2.844757270812988281e+01 2.358563423156738281e+01 3.109328842163085938e+01
1.480103940963745117e+02 2.813255596160888672e+01 2.351763343811035156e+01 3.087328529357910156e+01
1.493807010650634766e+02 2.828563976287841797e+01 2.364719772338867188e+01 3.101342201232910156e+01
1.501504240036010742e+02 2.826159763336181641e+01 2.328438758850097656e+01 3.064846611022949219e+01
1.506345624923706055e+02 2.795038795471191406e+01 2.343810462951660156e+01 3.100861740112304688e+01
1.516273488998413086e+02 2.839688014984130859e+01 2.331317329406738281e+01 3.103166389465332031e+01
1.523249855041503906e+02 2.878022289276123047e+01 2.345856475830078125e+01 3.115406227111816406e+01
1.535904970169067383e+02 2.872052192687988281e+01 2.329556846618652344e+01 3.093232345581054688e+01
1.542359476089477539e+02 2.816080951690673828e+01 2.325875663757324219e+01 3.090700340270996094e+01
1.559907350540161133e+02 2.864270591735839844e+01 2.347833824157714844e+01 3.133569717407226562e+01
1.565313796997070312e+02 2.906574821472167969e+01 2.344851684570312500e+01 3.071849441528320312e+01
1.575203914642333984e+02 2.863878154754638672e+01 2.352777481079101562e+01 3.101076698303222656e+01
1.593371782302856445e+02 2.950524139404296875e+01 2.351337242126464844e+01 3.077377319335937500e+01
1.599845542907714844e+02 2.997839546203613281e+01 2.334195709228515625e+01 3.061159896850585938e+01
1.612007427215576172e+02 2.991241455078125000e+01 2.347957229614257812e+01 3.069815063476562500e+01
1.630234031677246094e+02 2.939927768707275391e+01 2.368143463134765625e+01 3.086207389831542969e+01
1.638155145645141602e+02 3.013340091705322266e+01 2.355354118347167969e+01 3.030816459655761719e+01
1.647688541412353516e+02 3.058014297485351562e+01 2.336079025268554688e+01 3.064691925048828125e+01
1.664959344863891602e+02 3.011104106903076172e+01 2.383212089538574219e+01 3.075744056701660156e+01
1.675377531051635742e+02 3.084755039215087891e+01 2.382821083068847656e+01 3.088508415222167969e+01
1.685488147735595703e+02 3.077229881286621094e+01 2.377593612670898438e+01 3.088139724731445312e+01
1.694470615386962891e+02 3.086791992187500000e+01 2.377511215209960938e+01 3.116296386718750000e+01
1.695650568008422852e+02 3.056641960144042969e+01 2.420316886901855469e+01 3.167039871215820312e+01
1.704081058502197266e+02 3.103613281250000000e+01 2.445003890991210938e+01 3.152580261230468750e+01
1.706794729232788086e+02 3.199699211120605469e+01 2.494160652160644531e+01 3.167345046997070312e+01
1.704914646148681641e+02 3.198297405242919922e+01 2.492264938354492188e+01 3.161817359924316406e+01
1.710595178604125977e+02 3.218348598480224609e+01 2.460632133483886719e+01 3.175448799133300781e+01
1.704292259216308594e+02 3.159228897094726562e+01 2.446897125244140625e+01 3.220503997802734375e+01
1.692885723114013672e+02 3.194975471496582031e+01 2.455504226684570312e+01 3.170562362670898438e+01
1.676359605789184570e+02 3.118187332153320312e+01 2.454150962829589844e+01 3.212479400634765625e+01
1.669988784790039062e+02 3.118670654296875000e+01 2.489625549316406250e+01 3.170556640625000000e+01
1.649959983825683594e+02 3.054075527191162109e+01 2.442737579345703125e+01 3.192607307434082031e+01
1.635528783798217773e+02 3.005641555786132812e+01 2.398979377746582031e+01 3.202999114990234375e+01
1.614484090805053711e+02 2.981231117248535156e+01 2.418535041809082031e+01 3.173333358764648438e+01
1.596100625991821289e+02 4.277499866485595703e+01 2.426437187194824219e+01 1.921358299255371094e+01
1.572815313339233398e+02 2.973254203796386719e+01 2.418329811096191406e+01 3.176857376098632812e+01
1.557389593124389648e+02 2.894606208801269531e+01 2.386496925354003906e+01 3.163438034057617188e+01
1.539933080673217773e+02 2.819211006164550781e+01 2.357891273498535156e+01 3.142599105834960938e+01
1.531765708923339844e+02 2.832337379455566406e+01 2.376356506347656250e+01 3.129569625854492188e+01
1.515231933593750000e+02 2.778473281860351562e+01 2.361454010009765625e+01 3.137587738037109375e+01
1.510161886215209961e+02 2.682789325714111328e+01 2.370382118225097656e+01 3.158397483825683594e+01
1.513070974349975586e+02 2.655736064910888672e+01 2.359098243713378906e+01 3.152340126037597656e+01
1.502857751846313477e+02 2.561902141571044922e+01 2.382959556579589844e+01 3.176542091369628906e+01
1.510769748687744141e+02 2.487876319885253906e+01 2.384314346313476562e+01 3.209748458862304688e+01
1.515922508239746094e+02 2.532352638244628906e+01 2.414411926269531250e+01 3.274459457397460938e+01
1.518484220504760742e+02 2.493598556518554688e+01 2.412248420715332031e+01 3.261684417724609375e+01
1.527889442443847656e+02 2.433988571166992188e+01 2.422521972656250000e+01 3.279900360107421875e+01
1.537449722290039062e+02 2.495124435424804688e+01 2.419570159912109375e+01 3.269355010986328125e+01
1.546167726516723633e+02 2.459391403198242188e+01 2.403707695007324219e+01 3.220595550537109375e+01
1.551589546203613281e+02 2.447498130798339844e+01 2.395059204101562500e+01 3.228308486938476562e+01
1.564505271911621094e+02 2.484305000305175781e+01 2.454942321777343750e+01 3.244402694702148438e+01
1.571953868865966797e+02 2.586023521423339844e+01 2.460453414916992188e+01 3.230243301391601562e+01
1.585484533309936523e+02 2.597694396972656250e+01 2.469744300842285156e+01 3.206419372558593750e+01
1.596350393295288086e+02 2.643539714813232422e+01 2.451583290100097656e+01 3.155643653869628906e+01
1.594127817153930664e+02 2.669211578369140625e+01 2.457077598571777344e+01 3.205180358886718750e+01
1.599793548583984375e+02 2.686402130126953125e+01 2.403668975830078125e+01 3.195695495605468750e+01
1.604744958877563477e+02 2.695585250854492188e+01 2.373729515075683594e+01 3.222562408447265625e+01
1.600952367782592773e+02 2.579072189331054688e+01 2.338887977600097656e+01 3.242313385009765625e+01
1.600442876815795898e+02 2.646011924743652344e+01 2.320249366760253906e+01 3.238241958618164062e+01
1.598147583007812500e+02 2.609222412109375000e+01 2.312368011474609375e+01 3.211634826660156250e+01
1.595950546264648438e+02 2.594233131408691406e+01 2.347179412841796875e+01 3.226058578491210938e+01
1.598216905593872070e+02 2.583694458007812500e+01 2.387939262390136719e+01 3.242723083496093750e+01
1.589708642959594727e+02 2.577896118164062500e+01 2.345133018493652344e+01 3.190180969238281250e+01
1.591425580978393555e+02 2.528409576416015625e+01 2.369516181945800781e+01 3.237825012207031250e+01
1.592224788665771484e+02 2.460885334014892578e+01 2.368770980834960938e+01 3.189002037048339844e+01
1.589097137451171875e+02 2.407767677307128906e+01 2.337378692626953125e+01 3.185204696655273438e+01
1.587513284683227539e+02 2.427851104736328125e+01 2.319672203063964844e+01 3.112631225585937500e+01
1.585581779479980469e+02 2.507898139953613281e+01 2.337364196777343750e+01 3.147315597534179688e+01
1.595915269851684570e+02 2.490524959564208984e+01 2.338010978698730469e+01 3.176159858703613281e+01
1.595294446945190430e+02 2.558454227447509766e+01 2.316610908508300781e+01 3.169836235046386719e+01
1.599791669845581055e+02 2.609782886505126953e+01 2.353061103820800781e+01 3.163654136657714844e+01
1.599458370208740234e+02 2.592448616027832031e+01 2.377917098999023438e+01 3.146096420288085938e+01
1.601123914718627930e+02 2.546187782287597656e+01 2.417837715148925781e+01 3.197327804565429688e+01
1.601869697570800781e+02 2.588533020019531250e+01 2.409996032714843750e+01 3.202542114257812500e+01
1.600932273864746094e+02 2.566629028320312500e+01 2.379061889648437500e+01 3.214225769042968750e+01
1.609752941131591797e+02 2.584105300903320312e+01 2.384260177612304688e+01 3.188097381591796875e+01
1.604711847305297852e+02 2.526006889343261719e+01 2.350896263122558594e+01 3.186011123657226562e+01
1.602138462066650391e+02 2.521575450897216797e+01 2.351431655883789062e+01 3.181452369689941406e+01
1.608121061325073242e+02 2.554315280914306641e+01 2.384051704406738281e+01 3.145200920104980469e+01
1.609336729049682617e+02 2.562466621398925781e+01 2.317791938781738281e+01 3.134473800659179688e+01
1.607118368148803711e+02 2.578305721282958984e+01 2.301017189025878906e+01 3.129055976867675781e+01
1.601905050277709961e+02 2.606113243103027344e+01 2.332917213439941406e+01 3.140092849731445312e+01
1.601952209472656250e+02 2.596616840362548828e+01 2.367675018310546875e+01 3.141609764099121094e+01
1.601771411895751953e+02 2.640048122406005859e+01 2.308972549438476562e+01 3.138395881652832031e+01
1.608664226531982422e+02 2.626016139984130859e+01 2.348009872436523438e+01 3.103218269348144531e+01
1.608778018951416016e+02 2.692933464050292969e+01 2.309921646118164062e+01 3.144603347778320312e+01
1.607932996749877930e+02 2.689970779418945312e+01 2.384813117980957031e+01 3.221092987060546875e+01
1.613262796401977539e+02 2.633678436279296875e+01 2.413417625427246094e+01 3.206790161132812500e+01
1.619364900588989258e+02 2.768323135375976562e+01 2.401057243347167969e+01 3.200690460205078125e+01
1.621008539199829102e+02 2.739828491210937500e+01 2.425691795349121094e+01 3.177589416503906250e+01
1.613604440689086914e+02 2.689764785766601562e+01 2.403737449645996094e+01 3.168470001220703125e+01
1.621165609359741211e+02 2.712644004821777344e+01 2.401012611389160156e+01 3.128828811645507812e+01
1.615100879669189453e+02 2.702789974212646484e+01 2.428703689575195312e+01 3.132397651672363281e+01
1.610373239517211914e+02 2.662042617797851562e+01 2.388545799255371094e+01 3.176647186279296875e+01
1.615479984283447266e+02 2.664264297485351562e+01 2.277263259887695312e+01 3.149272918701171875e+01
1.611282920837402344e+02 2.718852138519287109e+01 2.278202819824218750e+01 3.185753059387207031e+01
1.611157073974609375e+02 2.644413757324218750e+01 2.226163482666015625e+01 3.174411010742187500e+01
1.606580286026000977e+02 2.644628906250000000e+01 2.265180015563964844e+01 3.204444885253906250e+01
1.612597665786743164e+02 2.668579483032226562e+01 2.302878379821777344e+01 3.205381011962890625e+01
1.605694074630737305e+02 2.615150070190429688e+01 2.272258186340332031e+01 3.219667816162109375e+01
1.603370580673217773e+02 2.675759696960449219e+01 2.327462196350097656e+01 3.257878494262695312e+01
1.600770168304443359e+02 2.710372352600097656e+01 2.412566757202148438e+01 3.197573471069335938e+01
1.596660308837890625e+02 2.677302360534667969e+01 2.344278717041015625e+01 3.201924514770507812e+01
1.596330165863037109e+02 2.766404342651367188e+01 2.441473007202148438e+01 3.223973846435546875e+01
1.602240724563598633e+02 2.766391181945800781e+01 2.443177604675292969e+01 3.234785079956054688e+01
1.597823753356933594e+02 2.814040184020996094e+01 2.458085632324218750e+01 3.203953933715820312e+01
1.595788145065307617e+02 2.761579036712646484e+01 2.338006782531738281e+01 3.184945869445800781e+01
1.598953456878662109e+02 2.793762302398681641e+01 2.456397628784179688e+01 3.184271049499511719e+01
1.606763839721679688e+02 2.793566608428955078e+01 2.131201934814453125e+01 3.193524742126464844e+01
1.607743520736694336e+02 2.851727199554443359e+01 2.049222755432128906e+01 3.150862312316894531e+01
1.610239276885986328e+02 2.831428623199462891e+01 2.008650588989257812e+01 3.091535758972167969e+01
1.601047220230102539e+02 2.812638664245605469e+01 2.224686241149902344e+01 3.112625503540039062e+01
1.608292655944824219e+02 2.772157573699951172e+01 2.307557678222656250e+01 3.086826515197753906e+01
1.609611015319824219e+02 2.815520668029785156e+01 2.316534423828125000e+01 3.118947982788085938e+01
1.607733192443847656e+02 2.806555557250976562e+01 2.394749450683593750e+01 3.121800994873046875e+01
1.616364688873291016e+02 2.775269794464111328e+01 2.365782546997070312e+01 3.116530418395996094e+01
1.615079965591430664e+02 2.771447563171386719e+01 2.361021995544433594e+01 3.109082412719726562e+01
1.611489601135253906e+02 2.783270168304443359e+01 2.345465087890625000e+01 3.069706916809082031e+01
1.608324127197265625e+02 2.716699695587158203e+01 2.335935211181640625e+01 3.037219810485839844e+01
1.601204214096069336e+02 2.792447280883789062e+01 2.285856056213378906e+01 3.040935516357421875e+01
1.598382530212402344e+02 2.744769859313964844e+01 2.305751037597656250e+01 3.011632156372070312e+01
1.601974077224731445e+02 2.667932891845703125e+01 2.332670402526855469e+01 3.040846252441406250e+01
1.601951293945312500e+02 2.716433238983154297e+01 2.269995880126953125e+01 3.018786048889160156e+01
1.600393571853637695e+02 2.674787521362304688e+01 2.305161857604980469e+01 3.042246246337890625e+01
1.602922716140747070e+02 2.754653549194335938e+01 2.300637626647949219e+01 3.095258331298828125e+01
1.598032732009887695e+02 2.717978286743164062e+01 2.336630058288574219e+01 3.058876800537109375e+01
1.604913749694824219e+02 2.743474769592285156e+01 2.317565917968750000e+01 3.081960678100585938e+01
1.600927257537841797e+02 2.669149112701416016e+01 2.314553451538085938e+01 3.073481559753417969e+01
1.597916831970214844e+02 2.675595855712890625e+01 2.287226867675781250e+01 3.103076171875000000e+01
1.608758373260498047e+02 2.685007858276367188e+01 2.289879989624023438e+01 3.132921600341796875e+01
1.609597396850585938e+02 2.637431430816650391e+01 2.299875640869140625e+01 3.086822319030761719e+01
1.609047966003417969e+02 2.634890460968017578e+01 2.254751586914062500e+01 3.130878257751464844e+01
1.597681169509887695e+02 2.608384895324707031e+01 2.285764884948730469e+01 3.114176559448242188e+01
1.601172475814819336e+02 2.629926872253417969e+01 2.290435218811035156e+01 3.142021560668945312e+01
1.600974082946777344e+02 2.633919048309326172e+01 2.224102783203125000e+01 3.107522010803222656e+01
1.601530342102050781e+02 2.676089859008789062e+01 2.169052124023437500e+01 3.135063934326171875e+01
1.609197168350219727e+02 2.673098564147949219e+01 1.996739768981933594e+01 3.111047744750976562e+01
1.601263456344604492e+02 2.653587818145751953e+01 2.237153053283691406e+01 3.126152610778808594e+01
1.594742975234985352e+02 2.654952716827392578e+01 2.220895195007324219e+01 3.116472434997558594e+01
1.594337062835693359e+02 2.693810081481933594e+01 2.115222549438476562e+01 3.141414260864257812e+01
1.591890487670898438e+02 2.672356510162353516e+01 1.757962036132812500e+01 3.108109855651855469e+01
1.595511865615844727e+02 2.616046524047851562e+01 2.159477806091308594e+01 3.157360076904296875e+01
1.591842947006225586e+02 2.679460430145263672e+01 2.322779273986816406e+01 3.171529579162597656e+01
1.588695363998413086e+02 2.597176647186279297e+01 2.280182838439941406e+01 3.161400794982910156e+01
1.588910465240478516e+02 2.670207118988037109e+01 2.308824539184570312e+01 3.181242561340332031e+01
1.597139310836791992e+02 2.574933815002441406e+01 2.291310310363769531e+01 3.203202438354492188e+01
1.591984834671020508e+02 2.621943950653076172e+01 2.230251884460449219e+01 3.174505043029785156e+01
1.596565704345703125e+02 2.655486774444580078e+01 2.159235382080078125e+01 3.146303367614746094e+01
1.593003511428833008e+02 2.610429477691650391e+01 2.168856620788574219e+01 3.140171623229980469e+01
1.588363437652587891e+02 2.631121921539306641e+01 2.237433242797851562e+01 3.166493034362792969e+01
1.592667169570922852e+02 2.613751792907714844e+01 2.229186058044433594e+01 3.141290664672851562e+01
1.591671953201293945e+02 2.614885139465332031e+01 2.222794914245605469e+01 3.178658676147460938e+01
1.592283592224121094e+02 2.524178791046142578e+01 2.199899291992187500e+01 3.150047874450683594e+01
1.597542257308959961e+02 2.635731887817382812e+01 2.194817543029785156e+01 3.128301239013671875e+01
1.594039802551269531e+02 2.612076187133789062e+01 2.218663024902343750e+01 3.169725799560546875e+01
1.599674606323242188e+02 2.674775695800781250e+01 2.193601226806640625e+01 3.166801452636718750e+01
1.597888565063476562e+02 2.573942852020263672e+01 2.196733856201171875e+01 3.185257911682128906e+01
1.601944599151611328e+02 2.671009349822998047e+01 2.200374221801757812e+01 3.114638710021972656e+01
1.598385286331176758e+02 2.613465690612792969e+01 2.211927604675292969e+01 3.179690933227539062e+01
1.611350154876708984e+02 2.620314788818359375e+01 2.141300582885742188e+01 3.204933166503906250e+01
1.613279590606689453e+02 2.676489925384521484e+01 2.142558670043945312e+01 3.185640144348144531e+01
1.607275476455688477e+02 2.731221294403076172e+01 2.085437583923339844e+01 3.142589759826660156e+01
1.607994041442871094e+02 2.637692642211914062e+01 2.178828430175781250e+01 3.262041473388671875e+01
1.610640039443969727e+02 2.665937614440917969e+01 2.131480979919433594e+01 3.239522171020507812e+01
1.609679183959960938e+02 2.687246704101562500e+01 2.151474761962890625e+01 3.221157836914062500e+01
1.609958047866821289e+02 2.694053268432617188e+01 2.176006126403808594e+01 3.234342193603515625e+01
1.617461528778076172e+02 2.642887115478515625e+01 2.119681930541992188e+01 3.215135192871093750e+01
1.609096870422363281e+02 2.672065448760986328e+01 2.129302978515625000e+01 3.197333335876464844e+01
1.609949445724487305e+02 2.692962074279785156e+01 2.151457405090332031e+01 3.204331588745117188e+01
1.605173387527465820e+02 2.648542976379394531e+01 2.190827751159667969e+01 3.239678573608398438e+01
1.611093826293945312e+02 2.625171279907226562e+01 2.267551422119140625e+01 3.238530731201171875e+01
1.609240455627441406e+02 2.723456001281738281e+01 2.281704711914062500e+01 3.217809677124023438e+01
1.610737361907958984e+02 2.691725921630859375e+01 2.228188705444335938e+01 3.216993713378906250e+01
1.609064331054687500e+02 2.639238739013671875e+01 2.236476898193359375e+01 3.244557189941406250e+01
1.602530612945556641e+02 2.652876472473144531e+01 2.223866653442382812e+01 3.247225570678710938e+01
1.604036178588867188e+02 2.688907241821289062e+01 2.267140960693359375e+01 3.259587860107421875e+01
1.601738224029541016e+02 2.678745460510253906e+01 2.298805618286132812e+01 3.240613937377929688e+01
1.604157056808471680e+02 2.717572593688964844e+01 2.389869880676269531e+01 3.256895828247070312e+01
1.608261852264404297e+02 2.726960372924804688e+01 2.351020431518554688e+01 3.230811309814453125e+01
1.603820390701293945e+02 2.714299583435058594e+01 2.294198417663574219e+01 3.242810440063476562e+01
1.611126613616943359e+02 2.635765075683593750e+01 2.345815658569335938e+01 3.283110046386718750e+01
1.610917043685913086e+02 2.711829757690429688e+01 2.315644264221191406e+01 3.257413482666015625e+01
1.606817779541015625e+02 2.666377258300781250e+01 2.260581207275390625e+01 3.258605957031250000e+01
1.609701709747314453e+02 2.620736122131347656e+01 2.271033096313476562e+01 3.256267929077148438e+01
1.611529026031494141e+02 2.673503112792968750e+01 2.303512954711914062e+01 3.258134460449218750e+01
1.608541517257690430e+02 2.552575492858886719e+01 2.331955146789550781e+01 3.236182022094726562e+01
1.601492414474487305e+02 2.501175498962402344e+01 2.299185371398925781e+01 3.245216751098632812e+01
1.605501918792724609e+02 2.480378913879394531e+01 2.324027633666992188e+01 3.246632003784179688e+01
1.603245820999145508e+02 2.398102569580078125e+01 2.355335807800292969e+01 3.267794799804687500e+01
1.593968315124511719e+02 2.274841117858886719e+01 2.344221496582031250e+01 3.277356338500976562e+01
1.588492050170898438e+02 2.130106353759765625e+01 2.356365203857421875e+01 3.222433471679687500e+01
1.584033460617065430e+02 2.006770896911621094e+01 2.353950691223144531e+01 3.242731094360351562e+01
1.584462471008300781e+02 1.774304962158203125e+01 2.365045166015625000e+01 3.215016174316406250e+01
1.588521776199340820e+02 1.593198776245117188e+01 2.396413993835449219e+01 3.223006439208984375e+01
1.586506948471069336e+02 1.356995391845703125e+01 2.426758766174316406e+01 3.243754577636718750e+01
1.584943141937255859e+02 1.181899261474609375e+01 2.401565170288085938e+01 3.301602172851562500e+01
1.581372003555297852e+02 9.223705291748046875e+00 2.381975364685058594e+01 3.305345916748046875e+01
1.572539787292480469e+02 7.369390487670898438e+00 2.388502502441406250e+01 3.349669265747070312e+01
1.577830276489257812e+02 5.410806655883789062e+00 2.447647857666015625e+01 3.371148300170898438e+01
1.574327068328857422e+02 3.853507995605468750e+00 2.461735153198242188e+01 3.389480590820312500e+01
1.576433057785034180e+02 2.869663238525390625e+00 2.510983467102050781e+01 3.411193084716796875e+01
1.570318183898925781e+02 2.426687240600585938e+00 2.527566528320312500e+01 3.438429641723632812e+01
1.573541278839111328e+02 2.236949920654296875e+00 2.501892471313476562e+01 3.400365447998046875e+01
1.576693544387817383e+02 3.479492187500000000e+00 2.510185050964355469e+01 3.423471069335937500e+01
1.578631420135498047e+02 4.779495239257812500e+00 2.468987655639648438e+01 3.429513549804687500e+01
1.586558437347412109e+02 6.878051757812500000e+00 2.444005966186523438e+01 3.363334655761718750e+01
1.585188407897949219e+02 8.908966064453125000e+00 2.432112121582031250e+01 3.336169433593750000e+01
1.587727050781250000e+02 1.115208244323730469e+01 2.486568450927734375e+01 3.364726638793945312e+01
1.582784385681152344e+02 1.476855087280273438e+01 2.492228698730468750e+01 3.295575714111328125e+01
1.586815280914306641e+02 1.671752166748046875e+01 2.428725051879882812e+01 3.276841735839843750e+01
1.589362030029296875e+02 1.852836418151855469e+01 2.407511138916015625e+01 3.225435256958007812e+01
1.592687969207763672e+02 1.950986289978027344e+01 2.382253646850585938e+01 3.234383010864257812e+01
1.591202535629272461e+02 2.108182525634765625e+01 2.386219215393066406e+01 3.237983703613281250e+01
1.590443258285522461e+02 2.159286689758300781e+01 2.360811805725097656e+01 3.249744796752929688e+01
1.598618202209472656e+02 2.310214042663574219e+01 2.385755920410156250e+01 3.228047561645507812e+01
1.598398675918579102e+02 2.280298042297363281e+01 2.423027610778808594e+01 3.238489913940429688e+01
1.599158000946044922e+02 2.337400436401367188e+01 2.438457870483398438e+01 3.278253936767578125e+01
1.592400941848754883e+02 2.220121192932128906e+01 2.475335502624511719e+01 3.297362899780273438e+01
1.593310747146606445e+02 2.227621459960937500e+01 2.415221977233886719e+01 3.270077514648437500e+01
1.591361122131347656e+02 2.167571067810058594e+01 2.404531860351562500e+01 3.263962173461914062e+01
1.587130975723266602e+02 2.173663711547851562e+01 2.390222740173339844e+01 3.228421783447265625e+01
1.589389009475708008e+02 2.106740379333496094e+01 2.349790763854980469e+01 3.230661392211914062e+01
1.583628520965576172e+02 2.096372795104980469e+01 2.357537460327148438e+01 3.187457656860351562e+01
1.585183639526367188e+02 2.036338233947753906e+01 2.379644012451171875e+01 3.201806259155273438e+01
1.582106294631958008e+02 2.053256511688232422e+01 2.365928459167480469e+01 3.183687782287597656e+01
1.585665340423583984e+02 2.132278537750244141e+01 2.365096664428710938e+01 3.184855461120605469e+01
1.589656801223754883e+02 2.087943267822265625e+01 2.361813163757324219e+01 3.206950378417968750e+01
1.583760404586791992e+02 2.061058044433593750e+01 2.337013435363769531e+01 3.158294677734375000e+01
1.587763442993164062e+02 2.088642215728759766e+01 2.358077239990234375e+01 3.151682853698730469e+01
1.589972295761108398e+02 2.085082340240478516e+01 2.313714027404785156e+01 3.145347404479980469e+01
1.592665758132934570e+02 2.108765506744384766e+01 2.286076164245605469e+01 3.177232170104980469e+01
1.598811883926391602e+02 2.193706035614013672e+01 2.218060874938964844e+01 3.153632545471191406e+01
1.608632421493530273e+02 2.186895084381103516e+01 2.123665809631347656e+01 3.169769096374511719e+01
1.612837200164794922e+02 2.150677490234375000e+01 2.059725570678710938e+01 3.217195129394531250e+01
1.616349830627441406e+02 2.270767116546630859e+01 1.949034118652343750e+01 3.143266487121582031e+01
1.622220020294189453e+02 2.308189010620117188e+01 1.933910751342773438e+01 3.143123626708984375e+01
1.624794607162475586e+02 2.245187759399414062e+01 1.834803962707519531e+01 3.171218872070312500e+01
1.634717321395874023e+02 2.267546367645263672e+01 1.770364570617675781e+01 3.142867469787597656e+01
1.644940872192382812e+02 2.316035652160645242e+01 1.672106170654296875e+01 3.164046859741210938e+01
1.646320796012878418e+02 2.323454952239990945e+01 1.598542118072509766e+01 3.117758369445800781e+01
1.650936517715454102e+02 2.457560253143311257e+01 1.533151817321777344e+01 2.948085975646972656e+01
1.662552247047424316e+02 2.513743019104004617e+01 1.468132305145263672e+01 2.855422592163085938e+01
1.671796889305114746e+02 2.552446556091309304e+01 1.378375720977783203e+01 2.783417892456054688e+01
1.678165330886840820e+02 2.681728839874268289e+01 1.353413200378417969e+01 2.736150932312011719e+01
1.674449586868286133e+02 2.538189029693604226e+01 1.352361869812011719e+01 2.806445884704589844e+01
1.683247771263122559e+02 2.668234252929688211e+01 1.301097583770751953e+01 2.740934753417968750e+01
1.673540101051330566e+02 2.579885292053223367e+01 1.410923290252685547e+01 2.721932601928710938e+01
1.674896879196166992e+02 2.650074291229248757e+01 1.395240211486816406e+01 2.731217384338378906e+01
1.672569179534912109e+02 2.617282772064209695e+01 1.412057876586914062e+01 2.735749244689941406e+01
1.665428285598754883e+02 2.667529487609863992e+01 1.427829551696777344e+01 2.694061660766601562e+01
1.671001868247985840e+02 2.537256813049317117e+01 1.440988636016845703e+01 2.745300674438476562e+01
1.673362078666687012e+02 2.454694938659668679e+01 1.474253940582275391e+01 2.929165267944335938e+01
1.660482239723205566e+02 2.385491847991944070e+01 1.573729991912841797e+01 3.022869300842285156e+01
1.660271358489990234e+02 2.249953269958496804e+01 1.626674270629882812e+01 3.100429153442382812e+01
1.649268035888671875e+02 2.193544101715088601e+01 1.726123809814453125e+01 3.145390129089355469e+01
1.638149595260620117e+02 2.190882873535156961e+01 1.844842720031738281e+01 3.204575347900390625e+01
1.618266239166259766e+02 2.207851028442383523e+01 2.048830032348632812e+01 3.150878143310546875e+01
1.599332399368286133e+02 2.193914222717285867e+01 2.249768638610839844e+01 3.150797653198242188e+01
1.592103309631347656e+02 2.177607345581055398e+01 2.364862823486328125e+01 3.144205474853515625e+01
1.577597303390502930e+02 2.208036518096924539e+01 2.467997169494628906e+01 3.165958213806152344e+01
1.579599199295043945e+02 2.183056640625000711e+01 2.472092247009277344e+01 3.179544067382812500e+01
1.571238107681274414e+02 2.197599983215332742e+01 2.534876823425292969e+01 3.189864730834960938e+01
1.571110582351684570e+02 2.192576217651367898e+01 2.606679344177246094e+01 3.218824005126953125e+01
1.556085739135742188e+02 2.114148902893067117e+01 2.657400512695312500e+01 3.177981185913085938e+01
1.554646329879760742e+02 2.154552841186524148e+01 2.746970558166503906e+01 3.231999969482421875e+01
1.548348159790039062e+02 2.179990386962891336e+01 2.768603515625000000e+01 3.220121765136718750e+01
1.550571289062500000e+02 2.147216415405274148e+01 2.734014892578125000e+01 3.243650054931640625e+01
1.548278427124023438e+02 2.124840545654297586e+01 2.849780273437500000e+01 3.329461669921875000e+01
1.540472583770751953e+02 2.164944458007813211e+01 2.824802780151367188e+01 3.303225708007812500e+01
1.538267774581909180e+02 2.077849960327149148e+01 2.818700599670410156e+01 3.326793670654296875e+01
1.538053989410400391e+02 2.107447814941406961e+01 2.899848556518554688e+01 3.331861877441406250e+01
1.544035043716430664e+02 2.003908920288086648e+01 2.831118583679199219e+01 3.354769134521484375e+01
1.534222860336303711e+02 2.016909980773926492e+01 2.925522041320800781e+01 3.370893478393554688e+01
1.529742498397827148e+02 1.945744132995606179e+01 2.972654914855957031e+01 3.423834609985351562e+01
1.525946826934814453e+02 1.860990715026856179e+01 3.008851242065429688e+01 3.473691177368164062e+01
1.519154195785522461e+02 1.853245544433594461e+01 3.062533760070800781e+01 3.453515625000000000e+01
1.518712034225463867e+02 1.850357437133789773e+01 3.086208534240722656e+01 3.496268463134765625e+01
1.517032308578491211e+02 1.845529556274414773e+01 3.111474800109863281e+01 3.513115692138671875e+01
1.526200790405273438e+02 1.795736885070801492e+01 2.991517639160156250e+01 3.555051803588867188e+01
1.523660955429077148e+02 1.795002937316895242e+01 2.951083564758300781e+01 3.568404769897460938e+01
1.530475158691406250e+02 1.868210220336914773e+01 2.890907287597656250e+01 3.548213958740234375e+01
1.534775676727294922e+02 1.837082862854004617e+01 2.817494583129882812e+01 3.535320663452148438e+01
1.535897178649902344e+02 1.894678306579590554e+01 2.734716033935546875e+01 3.416858291625976562e+01
1.544142007827758789e+02 1.859752845764160867e+01 2.628625297546386719e+01 3.363702011108398438e+01
1.548788805007934570e+02 1.920265007019043679e+01 2.611977195739746094e+01 3.316978836059570312e+01
1.553779449462890625e+02 1.917741012573242898e+01 2.502925109863281250e+01 3.306398773193359375e+01
1.559278163909912109e+02 1.952647018432617898e+01 2.442081069946289062e+01 3.275090789794921875e+01
1.569848585128784180e+02 2.018313407897949929e+01 2.208768653869628906e+01 3.239982986450195312e+01
1.574938898086547852e+02 2.127888679504395242e+01 2.104012870788574219e+01 3.246299362182617188e+01
1.582306394577026367e+02 2.159695529937744851e+01 1.893749427795410156e+01 3.153658866882324219e+01
1.592706556320190430e+02 2.168314933776856179e+01 1.839866065979003906e+01 3.132733535766601562e+01
1.587924308776855469e+02 2.160556697845459695e+01 1.846741485595703125e+01 3.099446296691894531e+01
1.581201066970825195e+02 2.184717178344727273e+01 1.901204490661621094e+01 3.086405181884765625e+01
1.572063856124877930e+02 2.201426410675049539e+01 1.932844734191894531e+01 3.060517692565917969e+01
1.570068473815917969e+02 2.173372077941895242e+01 2.066368103027343750e+01 3.085046005249023438e+01
1.562637605667114258e+02 2.097222328186035867e+01 2.212530326843261719e+01 3.126997756958007812e+01
1.560442161560058594e+02 2.006592750549317117e+01 2.418887329101562500e+01 3.238864517211914062e+01
1.553018264770507812e+02 2.042328262329102273e+01 2.576459503173828125e+01 3.373876953125000000e+01
1.541959409713745117e+02 1.896549797058106179e+01 2.753744697570800781e+01 3.533994674682617188e+01
1.531870050430297852e+02 1.791781616210938211e+01 2.948019981384277344e+01 3.554228973388671875e+01
1.533000659942626953e+02 1.829216003417969461e+01 2.902852249145507812e+01 3.522483062744140625e+01
1.537408638000488281e+02 1.861808967590332742e+01 2.846835327148437500e+01 3.491502761840820312e+01
1.540667343139648438e+02 1.894746589660645242e+01 2.836415863037109375e+01 3.466286087036132812e+01
1.540108880996704102e+02 1.894747924804688211e+01 2.769363975524902344e+01 3.427654266357421875e+01
1.547801666259765625e+02 1.857024574279785867e+01 2.746080780029296875e+01 3.421016311645507812e+01
1.535022230148315430e+02 1.847669982910156961e+01 2.813719367980957031e+01 3.411928558349609375e+01
1.549881000518798828e+02 1.899758720397949929e+01 2.652945327758789062e+01 3.353231430053710938e+01
1.548527908325195312e+02 1.874074172973633523e+01 2.683579254150390625e+01 3.371310424804687500e+01
1.551258001327514648e+02 1.883037376403809304e+01 2.633266639709472656e+01 3.396587753295898438e+01
1.564848194122314453e+02 1.875897026062012429e+01 2.524090957641601562e+01 3.335082626342773438e+01
1.574683465957641602e+02 1.956157302856446023e+01 2.456413841247558594e+01 3.285861206054687500e+01
1.582786493301391602e+02 1.958185768127442117e+01 2.412068748474121094e+01 3.269159317016601562e+01
1.582382450103759766e+02 1.993375396728516336e+01 2.394189834594726562e+01 3.263086700439453125e+01
1.587976856231689453e+02 1.997926902770996804e+01 2.456416702270507812e+01 3.253678512573242188e+01
1.581769180297851562e+02 2.000813102722168679e+01 2.476625823974609375e+01 3.217528915405273438e+01
1.579816455841064453e+02 1.964587783813477273e+01 2.441824722290039062e+01 3.222962951660156250e+01
1.586789970397949219e+02 2.052124500274658914e+01 2.498229980468750000e+01 3.165098381042480469e+01
1.588137826919555664e+02 2.002511692047119851e+01 2.460526084899902344e+01 3.190328025817871094e+01
1.589436922073364258e+02 2.113972377777100320e+01 2.449455070495605469e+01 3.136429786682128906e+01
1.592921743392944336e+02 2.083696365356446023e+01 2.442516517639160156e+01 3.211256408691406250e+01
1.596705837249755859e+02 2.157427883148194070e+01 2.383901596069335938e+01 3.172541236877441406e+01
1.596712713241577148e+02 2.126521301269531961e+01 2.302778053283691406e+01 3.217554473876953125e+01
1.602793779373168945e+02 2.074320411682129617e+01 2.235210990905761719e+01 3.190307998657226562e+01
1.616458759307861328e+02 2.079169750213623757e+01 2.141150283813476562e+01 3.178190803527832031e+01
1.619973859786987305e+02 2.112837696075440164e+01 1.992267036437988281e+01 3.155512809753417969e+01
1.617613878250122070e+02 2.073658657073975320e+01 2.029879570007324219e+01 3.118036842346191406e+01
1.610913057327270508e+02 2.052371597290039773e+01 2.078468132019042969e+01 3.170743560791015625e+01
1.603145284652709961e+02 1.968551158905030007e+01 2.158123207092285156e+01 3.182708168029785156e+01
1.599477033615112305e+02 1.922856712341309304e+01 2.205182075500488281e+01 3.195845413208007812e+01
1.600974864959716797e+02 1.898479270935059304e+01 2.203010177612304688e+01 3.214241409301757812e+01
1.596113462448120117e+02 1.924288177490235086e+01 2.203341865539550781e+01 3.228556823730468750e+01
1.588297252655029297e+02 1.956018638610840554e+01 2.222323226928710938e+01 3.227005386352539062e+01
1.589575977325439453e+02 1.897022819519043679e+01 2.255702590942382812e+01 3.216374588012695312e+01
1.587136659622192383e+02 1.900789737701416726e+01 2.236669731140136719e+01 3.197715568542480469e+01
1.590742940902709961e+02 1.965575504302979226e+01 2.234774208068847656e+01 3.183308219909667969e+01
1.596430835723876953e+02 1.903954505920410867e+01 2.244852066040039062e+01 3.210006332397460938e+01
1.601584730148315430e+02 1.901005172729492898e+01 2.222578620910644531e+01 3.236173248291015625e+01
1.596032285690307617e+02 1.890511131286621804e+01 2.191855049133300781e+01 3.253430557250976562e+01
1.595362749099731445e+02 1.950388908386231179e+01 2.178207206726074219e+01 3.227859878540039062e+01
1.598079366683959961e+02 1.913692092895508523e+01 2.189515113830566406e+01 3.268532562255859375e+01
1.597817659378051758e+02 1.950448989868164773e+01 2.154817008972167969e+01 3.225438690185546875e+01
1.596363496780395508e+02 1.864397621154785867e+01 2.129589653015136719e+01 3.239466476440429688e+01
1.605548934936523438e+02 1.870577812194824929e+01 2.111678314208984375e+01 3.261136245727539062e+01
1.606274509429931641e+02 1.878752899169922586e+01 2.045392227172851562e+01 3.250648498535156250e+01
1.612165412902832031e+02 1.866040611267090554e+01 1.968086242675781250e+01 3.242232131958007812e+01
1.608896913528442383e+02 1.942197799682617898e+01 1.919138908386230469e+01 3.219600677490234375e+01
1.616083126068115234e+02 1.949784755706787820e+01 1.917918014526367188e+01 3.185016822814941406e+01
1.623111734390258789e+02 1.990084838867188211e+01 1.883875083923339844e+01 3.165167236328125000e+01
1.626710386276245117e+02 1.974837017059326882e+01 1.843840217590332031e+01 3.172097206115722656e+01
1.630177783966064453e+02 1.960834312438965554e+01 1.825894546508789062e+01 3.177099990844726562e+01
1.619341897964477539e+02 1.954931926727295632e+01 1.814076805114746094e+01 3.175180244445800781e+01
1.610995826721191406e+02 1.933041954040528054e+01 1.842850494384765625e+01 3.206019973754882812e+01
1.616649541854858398e+02 2.015712738037110086e+01 1.856057167053222656e+01 3.167576599121093750e+01
1.609486484527587891e+02 1.979503917694092507e+01 2.020875167846679688e+01 3.184049415588378906e+01
1.603897867202758789e+02 2.028361225128174539e+01 2.152658653259277344e+01 3.157859611511230469e+01
1.602488126754760742e+02 1.976159477233887429e+01 2.246167182922363281e+01 3.149323654174804688e+01
1.602983064651489258e+02 1.997769641876221414e+01 2.323176383972167969e+01 3.140521049499511719e+01
1.600557355880737305e+02 2.006850433349610086e+01 2.370379829406738281e+01 3.150713348388671875e+01
1.602511529922485352e+02 2.092441749572754617e+01 2.417223167419433594e+01 3.130054092407226562e+01
1.596014814376831055e+02 2.055249786376953836e+01 2.453929328918457031e+01 3.089620208740234375e+01
1.586680030822753906e+02 2.109045982360840554e+01 2.516081237792968750e+01 3.063814926147460938e+01
1.582104835510253906e+02 2.097551441192627664e+01 2.570695495605468750e+01 3.090907096862792969e+01
1.560316362380981445e+02 2.096127414703369851e+01 2.814323234558105469e+01 3.119489097595214844e+01
1.548328981399536133e+02 2.084045791625977273e+01 2.950378227233886719e+01 3.153233337402343750e+01
1.580591287612915039e+02 2.079426383972168679e+01 2.661305809020996094e+01 3.181361007690429688e+01
1.581240196228027344e+02 2.095447826385498757e+01 2.641870117187500000e+01 3.124899482727050781e+01
1.594393024444580078e+02 2.085394001007080789e+01 2.470784378051757812e+01 3.127247428894042969e+01
1.597889232635498047e+02 2.130308532714844461e+01 2.430121994018554688e+01 3.117093658447265625e+01
1.597140378952026367e+02 2.122979545593262429e+01 2.402456855773925781e+01 3.085865402221679688e+01
1.592671241760253906e+02 2.094893074035645242e+01 2.423257446289062500e+01 3.135135269165039062e+01
1.588727674484252930e+02 2.000844001770020242e+01 2.427893257141113281e+01 3.151382827758789062e+01
1.582546033859252930e+02 2.076308441162110086e+01 2.302409553527832031e+01 3.099839019775390625e+01
1.586830854415893555e+02 2.067422294616699929e+01 2.225963020324707031e+01 3.069680404663085938e+01
1.600254287719726562e+02 1.977741527557373757e+01 1.983431243896484375e+01 3.111995124816894531e+01
1.601467418670654297e+02 2.001893138885498757e+01 2.022146987915039062e+01 3.144430732727050781e+01
1.599273347854614258e+02 2.051169490814209695e+01 2.083373832702636719e+01 3.158333778381347656e+01
1.604370794296264648e+02 2.053906250000000711e+01 2.153043556213378906e+01 3.227404022216796875e+01
1.613727779388427734e+02 2.059642601013184304e+01 2.168165206909179688e+01 3.279459762573242188e+01
1.626436300277709961e+02 2.132721900939942117e+01 2.040973854064941406e+01 3.182466506958007812e+01
1.628435592651367188e+02 2.178210830688477273e+01 1.989833068847656250e+01 3.156494140625000000e+01
1.629996290206909180e+02 2.116264247894287820e+01 1.998311805725097656e+01 3.169980812072753906e+01
1.633660297393798828e+02 2.153778266906738992e+01 2.135085678100585938e+01 3.186793136596679688e+01
1.629343824386596680e+02 2.145495796203613992e+01 2.200678443908691406e+01 3.218815231323242188e+01
1.630514469146728516e+02 2.123597908020020242e+01 2.309060287475585938e+01 3.242646408081054688e+01
1.631921453475952148e+02 2.137828445434571023e+01 2.186697578430175781e+01 3.265146636962890625e+01
1.633899068832397461e+02 2.141986274719238992e+01 2.054263496398925781e+01 3.206512069702148438e+01
1.633007116317749023e+02 2.142849063873291726e+01 2.062787055969238281e+01 3.196499443054199219e+01
1.627441978454589844e+02 2.126563835144043679e+01 2.087232208251953125e+01 3.145817947387695312e+01
1.619725532531738281e+02 2.222251415252686257e+01 2.107002258300781250e+01 3.095757484436035156e+01
1.616561717987060547e+02 2.144991874694824929e+01 2.073403549194335938e+01 3.062665939331054688e+01
1.621133508682250977e+02 2.175341606140137429e+01 2.078280448913574219e+01 3.053321456909179688e+01
1.618295307159423828e+02 2.193206119537354226e+01 2.070473861694335938e+01 3.081489372253417969e+01
1.623084545135498047e+02 2.219732284545899148e+01 2.064910507202148438e+01 3.099665069580078125e+01
1.629782323837280273e+02 2.256840896606446023e+01 2.026212501525878906e+01 3.112081909179687500e+01
1.634511985778808594e+02 2.255795669555664773e+01 1.982650756835937500e+01 3.139169311523437500e+01
1.634260082244873047e+02 2.203984451293946023e+01 1.962788009643554688e+01 3.181459045410156250e+01
1.632277936935424805e+02 2.280553627014160867e+01 1.918628883361816406e+01 3.156647109985351562e+01
1.631594095230102539e+02 2.237786483764649148e+01 1.957299613952636719e+01 3.122876739501953125e+01
1.637871122360229492e+02 2.262021923065186257e+01 1.992489814758300781e+01 3.113173103332519531e+01
1.637771463394165039e+02 2.231015110015869851e+01 2.080999565124511719e+01 3.091528129577636719e+01
1.630925502777099609e+02 2.303740692138672586e+01 2.075536727905273438e+01 3.080735778808593750e+01
1.627005348205566406e+02 2.247586154937744851e+01 2.115235900878906250e+01 3.035426139831542969e+01
1.620249366760253906e+02 2.402090740203858132e+01 2.229371643066406250e+01 2.892840003967285156e+01
1.614765157699584961e+02 2.453194713592530007e+01 2.301083564758300781e+01 2.826127815246582031e+01
1.622447214126586914e+02 2.433771324157715554e+01 2.232089042663574219e+01 2.766596603393554688e+01
1.617461843490600586e+02 2.393896961212158914e+01 2.200628089904785156e+01 2.806950187683105469e+01
1.616475086212158203e+02 2.415078449249268289e+01 2.266656875610351562e+01 2.842339134216308594e+01
1.612150926589965820e+02 2.275094699859619851e+01 2.173344993591308594e+01 2.950794792175292969e+01
1.599506759643554688e+02 2.223405456542969461e+01 1.953021240234375000e+01 2.977347564697265625e+01
1.601403551101684570e+02 2.081129169464112039e+01 2.245168113708496094e+01 3.127130699157714844e+01
1.597044763565063477e+02 2.138511562347412820e+01 2.206776237487792969e+01 3.099733161926269531e+01
1.606807193756103516e+02 2.183397388458252664e+01 2.182007980346679688e+01 3.155853843688964844e+01
1.603170661926269531e+02 2.079220676422119851e+01 2.214882659912109375e+01 3.194795036315917969e+01
1.617201566696166992e+02 2.114579582214356179e+01 2.230736732482910156e+01 3.240547561645507812e+01
1.625981092453002930e+02 2.128160667419434304e+01 2.156913185119628906e+01 3.207028579711914062e+01
1.629759359359741211e+02 2.148763275146485086e+01 2.097511482238769531e+01 3.255162048339843750e+01
1.627419948577880859e+02 2.158841323852539773e+01 2.129454421997070312e+01 3.228339385986328125e+01
1.631709737777709961e+02 2.109844017028809304e+01 2.171557807922363281e+01 3.223285293579101562e+01
1.623826313018798828e+02 2.090834045410156961e+01 2.126462936401367188e+01 3.236410522460937500e+01
1.631079082489013672e+02 2.149773788452149148e+01 2.133722305297851562e+01 3.211362457275390625e+01
1.632515802383422852e+02 2.126638031005860086e+01 2.117265129089355469e+01 3.200444030761718750e+01
1.632324399948120117e+02 2.121603107452393289e+01 2.100838661193847656e+01 3.143034934997558594e+01
1.628703651428222656e+02 2.225698566436768289e+01 2.065675354003906250e+01 3.091914939880371094e+01
1.622892255783081055e+02 2.194269657135010476e+01 2.052780342102050781e+01 3.061318016052246094e+01
1.615412759780883789e+02 2.193313312530518289e+01 2.119339561462402344e+01 3.059011650085449219e+01
1.619759407043457031e+02 2.175430393218994851e+01 2.087525939941406250e+01 3.071256828308105469e+01
1.611944818496704102e+02 2.105769634246826882e+01 2.131643486022949219e+01 3.074141883850097656e+01
1.616160106658935547e+02 2.172762775421143289e+01 2.007700729370117188e+01 3.038397789001464844e+01
1.613336162567138672e+02 2.102817630767822976e+01 1.990439987182617188e+01 3.047511863708496094e+01
1.619581899642944336e+02 2.089781188964844461e+01 1.963004493713378906e+01 3.149694824218750000e+01
1.621941814422607422e+02 2.047441482543946023e+01 2.033082962036132812e+01 3.217258453369140625e+01
1.629517593383789062e+02 2.050270843505860086e+01 1.907994079589843750e+01 3.158430480957031250e+01
1.629439783096313477e+02 2.060790634155274148e+01 1.987107658386230469e+01 3.203370666503906250e+01
1.635550460815429688e+02 2.134858417510987039e+01 1.930457305908203125e+01 3.089979362487792969e+01
1.625147895812988281e+02 2.161329555511475320e+01 1.855502319335937500e+01 3.008719062805175781e+01
1.619755840301513672e+02 2.111771869659424539e+01 2.039204025268554688e+01 3.017910575866699219e+01
1.601270322799682617e+02 1.983630466461182351e+01 2.095367622375488281e+01 3.073590660095214844e+01
1.594514770507812500e+02 1.932144260406494851e+01 2.146982574462890625e+01 3.080900382995605469e+01
1.592700586318969727e+02 1.974792480468750711e+01 2.166306114196777344e+01 3.048562622070312500e+01
1.596815643310546875e+02 2.013421535491944070e+01 2.172843170166015625e+01 3.005513191223144531e+01
1.595187616348266602e+02 1.937247085571289773e+01 2.322759056091308594e+01 3.078624725341796875e+01
1.601042318344116211e+02 1.923206520080567117e+01 2.352501869201660156e+01 3.133855819702148438e+01
1.602821760177612305e+02 1.946617603302002664e+01 2.292584419250488281e+01 3.082553672790527344e+01
1.607512826919555664e+02 1.979694366455078836e+01 2.191379356384277344e+01 3.043643188476562500e+01
1.602252388000488281e+02 1.945592594146729226e+01 2.216458129882812500e+01 3.016187858581542969e+01
1.606165399551391602e+02 1.910227680206299539e+01 2.184720420837402344e+01 2.988016319274902344e+01
1.597589120864868164e+02 1.941238784790039773e+01 2.244733238220214844e+01 2.941585540771484375e+01
1.608417854309082031e+02 1.860719203948975320e+01 2.387001037597656250e+01 2.993274116516113281e+01
1.600045299530029297e+02 1.831877231597901101e+01 2.377846908569335938e+01 3.047427177429199219e+01
1.605719146728515625e+02 1.847382545471192117e+01 2.440500640869140625e+01 3.079969406127929688e+01
1.603381242752075195e+02 1.824209403991699929e+01 2.387292289733886719e+01 3.081618118286132812e+01
1.606076154708862305e+02 1.790142345428467507e+01 2.385652351379394531e+01 3.079511451721191406e+01
1.598612260818481445e+02 1.806507205963135476e+01 2.409408378601074219e+01 3.110900688171386719e+01
1.602103261947631836e+02 1.740968227386475320e+01 2.468154335021972656e+01 3.148147773742675781e+01
1.590128297805786133e+02 1.713976097106934304e+01 2.481515312194824219e+01 3.153859329223632812e+01
1.591025457382202148e+02 1.611306762695313211e+01 2.560178565979003906e+01 3.202328491210937500e+01
1.576547145843505859e+02 1.592088127136231179e+01 2.612267684936523438e+01 3.260864639282226562e+01
1.564584474563598633e+02 1.646003341674805398e+01 2.687901115417480469e+01 3.310755157470703125e+01
1.557753038406372070e+02 1.622091865539551492e+01 2.683834648132324219e+01 3.352810287475585938e+01
1.553420553207397461e+02 1.566898345947266336e+01 2.716192054748535156e+01 3.480821228027343750e+01
1.544185371398925781e+02 1.694202423095703836e+01 2.770217895507812500e+01 3.454415893554687500e+01
1.541980924606323242e+02 1.682789611816406961e+01 2.758841133117675781e+01 3.401103210449218750e+01
1.547611589431762695e+02 1.722431945800781961e+01 2.657903861999511719e+01 3.300361633300781250e+01
1.553907375335693359e+02 1.773017215728760476e+01 2.544623947143554688e+01 3.182935905456542969e+01
1.563646039962768555e+02 1.793855190277100320e+01 2.362690925598144531e+01 3.053791999816894531e+01
1.576433324813842773e+02 1.769188880920410867e+01 2.097934913635253906e+01 2.977816390991210938e+01
1.586547164916992188e+02 1.773038673400879617e+01 1.915693664550781250e+01 2.980431747436523438e+01
1.602216014862060547e+02 1.699552631378174539e+01 1.814684677124023438e+01 2.984010887145996094e+01
1.597792310714721680e+02 1.769741344451905007e+01 1.923111915588378906e+01 2.953104591369628906e+01
1.605253334045410156e+02 1.693433189392090554e+01 1.979009246826171875e+01 3.067222976684570312e+01
1.614239835739135742e+02 1.650633621215821023e+01 1.945529365539550781e+01 3.073099517822265625e+01
1.610380029678344727e+02 1.534823417663574929e+01 1.989188194274902344e+01 3.209815597534179688e+01
1.617032756805419922e+02 1.381559371948242898e+01 2.194518661499023438e+01 3.309842681884765625e+01
1.610175352096557617e+02 1.298108100891113992e+01 2.390088081359863281e+01 3.383135604858398438e+01
1.612511014938354492e+02 1.257745361328125711e+01 2.385968208312988281e+01 3.444209289550781250e+01
1.608184976577758789e+02 1.110477828979492898e+01 2.459564781188964844e+01 3.498677825927734375e+01
1.598429021835327148e+02 1.100723838806153054e+01 2.512914466857910156e+01 3.502571487426757812e+01
1.594743881225585938e+02 1.053030586242676492e+01 2.604586029052734375e+01 3.509293746948242188e+01
1.602295083999633789e+02 1.037100982666016336e+01 2.663455772399902344e+01 3.503651428222656250e+01
1.601277761459350586e+02 1.033094215393067117e+01 2.651937294006347656e+01 3.525738143920898438e+01
1.597236690521240234e+02 1.052890586853028054e+01 2.704658126831054688e+01 3.527884292602539062e+01
1.589714651107788086e+02 9.570911407470710230e+00 2.741088294982910156e+01 3.538437652587890625e+01
1.587059898376464844e+02 9.925165176391608668e+00 2.825856018066406250e+01 3.506092453002929688e+01
1.585818376541137695e+02 1.026351356506348367e+01 2.910471916198730469e+01 3.479594039916992188e+01
1.577701587677001953e+02 9.334753036499030543e+00 3.011204910278320312e+01 3.539445877075195312e+01
1.569209032058715820e+02 9.473649978637702418e+00 3.093893241882324219e+01 3.539573287963867188e+01
1.565485372543334961e+02 1.002222251892090554e+01 3.130820655822753906e+01 3.457625198364257812e+01
1.559532890319824219e+02 9.976610183715827418e+00 3.079028320312500000e+01 3.384222030639648438e+01
1.569861135482788086e+02 1.202949905395508523e+01 3.042745399475097656e+01 3.153665924072265625e+01
1.560448179244995117e+02 1.222226619720459695e+01 3.071014595031738281e+01 3.102710151672363281e+01
1.557962474822998047e+02 1.233353328704834695e+01 3.092596054077148438e+01 3.109434700012207031e+01
1.558758144378662109e+02 1.162525653839112039e+01 3.118058395385742188e+01 3.031097984313964844e+01
1.561688356399536133e+02 1.143353557586670632e+01 3.159914970397949219e+01 3.101893043518066406e+01
1.554512157440185547e+02 1.158035850524903054e+01 3.254578781127929688e+01 3.095413589477539062e+01
1.551834163665771484e+02 1.089449882507324929e+01 3.285444259643554688e+01 2.978778457641601562e+01
1.549016265869140625e+02 1.145376110076905007e+01 3.296054840087890625e+01 3.026619911193847656e+01
1.552477207183837891e+02 1.026024246215821023e+01 3.288483047485351562e+01 2.947174835205078125e+01
1.549133453369140625e+02 1.119055366516113992e+01 3.294991302490234375e+01 2.861089706420898438e+01
1.557074089050292969e+02 1.165618896484375711e+01 3.283534240722656250e+01 2.878160095214843750e+01
1.557686767578125000e+02 1.244113922119141336e+01 3.250742340087890625e+01 2.703572082519531250e+01
1.553140449523925781e+02 1.305002593994141336e+01 3.225288391113281250e+01 2.719842529296875000e+01
1.562595281600952148e+02 1.419895935058594461e+01 3.122298622131347656e+01 2.535690307617187500e+01
1.567873945236206055e+02 1.498918914794922586e+01 3.109443855285644531e+01 2.459544372558593750e+01
1.560053300857543945e+02 1.473030567169190164e+01 3.086451530456542969e+01 2.466959190368652344e+01
1.572237911224365234e+02 1.555006122589112039e+01 3.058526229858398438e+01 2.369772911071777344e+01
1.565483236312866211e+02 1.566337871551514382e+01 3.041985511779785156e+01 2.425698280334472656e+01
1.569083738327026367e+02 1.651374435424805398e+01 3.018751716613769531e+01 2.341507720947265625e+01
1.562472124099731445e+02 1.648189258575440164e+01 3.062927055358886719e+01 2.424457359313964844e+01
1.568657388687133789e+02 1.762481307983399148e+01 3.082987022399902344e+01 2.460482025146484375e+01
1.569543571472167969e+02 1.763972568511963601e+01 3.096620178222656250e+01 2.548904228210449219e+01
1.561056804656982422e+02 1.834080505371094461e+01 3.204711532592773438e+01 2.568525695800781250e+01
1.551451416015625000e+02 1.895897865295410867e+01 3.241579437255859375e+01 2.649195480346679688e+01
1.546527862548828125e+02 1.828788375854492898e+01 3.276441192626953125e+01 2.711597442626953125e+01
1.549218349456787109e+02 1.870242786407471414e+01 3.282645797729492188e+01 2.676178550720214844e+01
1.546261329650878906e+02 1.832682991027832742e+01 3.287068176269531250e+01 2.722199630737304688e+01
1.549750709533691406e+02 1.846865653991699929e+01 3.314369201660156250e+01 2.714894485473632812e+01
1.542979393005371094e+02 1.850935268402100320e+01 3.342585754394531250e+01 2.748800849914550781e+01
1.549779720306396484e+02 1.924621295928955789e+01 3.368024826049804688e+01 2.802954673767089844e+01
1.546851730346679688e+02 1.918010139465332742e+01 3.436165618896484375e+01 2.849836349487304688e+01
1.552353019714355469e+02 1.909680080413819070e+01 3.413938903808593750e+01 2.855168342590332031e+01
1.551270542144775391e+02 1.964906215667725320e+01 3.424638748168945312e+01 2.867227363586425781e+01
1.555778827667236328e+02 2.122820758819580789e+01 3.382388687133789062e+01 2.801296043395996094e+01
1.561195735931396484e+02 1.956117820739746804e+01 3.451928329467773438e+01 3.004700088500976562e+01
1.565369358062744141e+02 2.061880111694336648e+01 3.459097671508789062e+01 2.852437591552734375e+01
1.556814441680908203e+02 2.123655700683594461e+01 3.490802383422851562e+01 2.861721801757812500e+01
1.553057460784912109e+02 2.130354499816895242e+01 3.521722030639648438e+01 2.877390670776367188e+01
1.565628833770751953e+02 2.062218284606934304e+01 3.489067459106445312e+01 2.925853347778320312e+01
1.566375064849853516e+02 2.119389247894287820e+01 3.479938125610351562e+01 2.874670600891113281e+01
1.554893856048583984e+02 2.009364128112793679e+01 3.566276168823242188e+01 3.035329055786132812e+01
1.554204635620117188e+02 1.966517925262451882e+01 3.549602508544921875e+01 3.020882606506347656e+01
1.561357631683349609e+02 1.912976074218750711e+01 3.539706039428710938e+01 3.011625671386718750e+01
1.546039657592773438e+02 1.963387966156006570e+01 3.619568634033203125e+01 3.003322029113769531e+01
1.545976715087890625e+02 1.878276348114014382e+01 3.608721160888671875e+01 3.054673194885253906e+01
1.548706264495849609e+02 1.768325614929199929e+01 3.539904403686523438e+01 3.084042739868164062e+01
1.538279800415039062e+02 1.908515262603760476e+01 3.621820831298828125e+01 3.017643547058105469e+01
1.547815933227539062e+02 1.928222465515137429e+01 3.548937225341796875e+01 3.012239456176757812e+01
1.539083595275878906e+02 1.954917716979981179e+01 3.587017822265625000e+01 3.066360855102539062e+01
1.545713195800781250e+02 1.888663864135742898e+01 3.561171722412109375e+01 3.021161651611328125e+01
1.544155368804931641e+02 1.941692256927490945e+01 3.586391067504882812e+01 3.069754219055175781e+01
1.551442070007324219e+02 1.724803161621094461e+01 3.554376220703125000e+01 3.197138977050781250e+01
1.548828315734863281e+02 1.858481407165528054e+01 3.545234680175781250e+01 3.227695083618164062e+01
1.545283660888671875e+02 1.885112953186035867e+01 3.499802398681640625e+01 3.166444015502929688e+01
1.545098762512207031e+02 1.942763900756836648e+01 3.532704162597656250e+01 3.219940948486328125e+01
1.549891929626464844e+02 1.870039939880371804e+01 3.440213012695312500e+01 3.269231033325195312e+01
1.552359256744384766e+02 1.853536224365235086e+01 3.493095779418945312e+01 3.336720275878906250e+01
1.550610942840576172e+02 1.736041259765625711e+01 3.505968856811523438e+01 3.448017883300781250e+01
1.537521762847900391e+02 1.714614295959473367e+01 3.498933792114257812e+01 3.456570053100585938e+01
1.548473339080810547e+02 1.867201232910156961e+01 3.467112350463867188e+01 3.339376831054687500e+01
1.547298831939697266e+02 1.752248573303223367e+01 3.382329177856445312e+01 3.468915939331054688e+01
1.545752544403076172e+02 1.763106536865235086e+01 3.319067001342773438e+01 3.378237915039062500e+01
1.550725822448730469e+02 1.691714096069336648e+01 3.341670227050781250e+01 3.519593048095703125e+01
1.549314346313476562e+02 1.726388359069824929e+01 3.309308624267578125e+01 3.469838333129882812e+01
1.553485603332519531e+02 1.664332771301270242e+01 3.386592102050781250e+01 3.484736251831054688e+01
1.554414367675781250e+02 1.665834617614746804e+01 3.277861785888671875e+01 3.522850418090820312e+01
1.547811508178710938e+02 1.670297813415528054e+01 3.204898834228515625e+01 3.509256362915039062e+01
1.546032199859619141e+02 1.634918594360352273e+01 3.272499465942382812e+01 3.547391510009765625e+01
1.551263599395751953e+02 1.538390350341797586e+01 3.306549453735351562e+01 3.533113098144531250e+01
1.548688507080078125e+02 1.526056861877442117e+01 3.170236968994140625e+01 3.526548385620117188e+01
1.543315124511718750e+02 1.535517883300781961e+01 3.169785308837890625e+01 3.491319274902343750e+01
1.545043334960937500e+02 1.539750480651856179e+01 3.053061676025390625e+01 3.490430068969726562e+01
1.543507375717163086e+02 1.471686172485352273e+01 3.144539833068847656e+01 3.511054229736328125e+01
1.550289287567138672e+02 1.488813018798828836e+01 2.957360458374023438e+01 3.475993347167968750e+01
1.561034879684448242e+02 1.473332595825196023e+01 3.015741157531738281e+01 3.460897064208984375e+01
1.570088510513305664e+02 1.524915122985840554e+01 2.740209007263183594e+01 3.371915054321289062e+01
1.572173776626586914e+02 1.517245483398438211e+01 2.704219627380371094e+01 3.329861450195312500e+01
