5.400000000000000000e+01 1.900000000000000000e+01 8.500000000000000000e+01 9.200000000000000000e+01
5.453358840942382812e+01 1.875587844848632812e+01 8.320122528076171875e+01 9.320867156982421875e+01
5.478012847900390625e+01 1.988175201416015625e+01 8.259559631347656250e+01 9.160038757324218750e+01
5.487162017822265625e+01 2.025269699096679688e+01 8.234785461425781250e+01 9.123551177978515625e+01
5.620718765258789062e+01 2.037460708618164062e+01 8.136122894287109375e+01 8.960585784912109375e+01
5.790689849853515625e+01 2.000343704223632812e+01 7.969380187988281250e+01 9.013408660888671875e+01
5.786312484741210938e+01 2.117335128784179688e+01 7.964371490478515625e+01 8.885999298095703125e+01
5.883523178100585938e+01 2.172263336181640625e+01 7.911808013916015625e+01 8.800001525878906250e+01
5.874808120727539062e+01 2.153036499023437500e+01 7.967531585693359375e+01 8.697415161132812500e+01
5.946407318115234375e+01 2.178038787841796875e+01 7.863386535644531250e+01 8.599992370605468750e+01
5.957581710815429688e+01 2.237423706054687500e+01 7.817847442626953125e+01 8.530801391601562500e+01
6.059378051757812500e+01 2.171284484863281250e+01 7.723208618164062500e+01 8.555157470703125000e+01
6.003782653808593750e+01 2.286848831176757812e+01 7.744494628906250000e+01 8.445082855224609375e+01
6.139899063110351562e+01 2.274699783325195312e+01 7.642128753662109375e+01 8.376543426513671875e+01
6.195716857910156250e+01 2.402210998535156250e+01 7.542465209960937500e+01 8.266986083984375000e+01
6.361268997192382812e+01 2.458876419067382812e+01 7.349187469482421875e+01 8.188982391357421875e+01
6.399411773681640625e+01 2.446619033813476562e+01 7.371726989746093750e+01 8.103524017333984375e+01
6.538660049438476562e+01 2.574013519287109375e+01 7.273793792724609375e+01 8.008073425292968750e+01
6.384556961059570312e+01 2.585580825805664062e+01 7.346193695068359375e+01 7.878203582763671875e+01
6.567404556274414062e+01 2.594519424438476562e+01 7.221562957763671875e+01 7.902593231201171875e+01
6.511787033081054688e+01 2.725532913208007812e+01 7.299753570556640625e+01 7.784261322021484375e+01
6.596415710449218750e+01 2.759084701538085938e+01 7.179049682617187500e+01 7.651154327392578125e+01
6.636375045776367188e+01 2.804185485839843750e+01 7.162464141845703125e+01 7.720010375976562500e+01
6.576515579223632812e+01 2.833122253417968750e+01 7.244371795654296875e+01 7.528024291992187500e+01
6.644269943237304688e+01 2.850588607788085938e+01 7.085648345947265625e+01 7.565311431884765625e+01
6.766544342041012783e+01 2.886777496337887783e+01 6.956257629394531250e+01 7.431611633300781250e+01
6.847663116455075283e+01 2.963556289672848720e+01 6.874742126464843750e+01 7.473201751708984375e+01
6.727302169799801845e+01 2.891082382202145595e+01 6.951706695556640625e+01 7.455127716064453125e+01
6.807822036743161220e+01 3.060305404663083095e+01 6.852251434326171875e+01 7.264188385009765625e+01
6.735153961181640625e+01 3.084155654907226562e+01 6.868479919433593750e+01 7.262920379638671875e+01
6.724513244628906250e+01 3.155213165283203125e+01 6.824462890625000000e+01 7.190626525878906250e+01
6.846438598632815342e+01 3.172039031982424717e+01 6.695642089843750000e+01 7.103291320800781250e+01
6.935609817504885655e+01 3.192003250122073155e+01 6.611302947998046875e+01 7.134371185302734375e+01
6.889104843139651280e+01 3.227785873413088780e+01 6.682578277587890625e+01 7.148322296142578125e+01
6.958617401123046875e+01 3.331216049194335938e+01 6.587944030761718750e+01 7.063971710205078125e+01
6.852404022216796875e+01 3.320732879638671875e+01 6.587086486816406250e+01 7.029075622558593750e+01
7.044516944885256748e+01 3.422655487060549717e+01 6.399915695190429688e+01 6.963462829589843750e+01
7.033673095703127842e+01 3.488674926757815342e+01 6.446328735351562500e+01 6.903424072265625000e+01
6.915482330322268467e+01 3.559616470336916905e+01 6.440251159667968750e+01 6.909532928466796875e+01
7.038760948181155186e+01 3.595378875732424717e+01 6.354915237426757812e+01 6.867054748535156250e+01
6.937616348266607247e+01 3.580169677734380684e+01 6.360128021240234375e+01 6.845004272460937500e+01
7.048489570617681466e+01 3.678195953369146309e+01 6.284173202514648438e+01 6.761140441894531250e+01
6.918687629699712716e+01 3.661025238037115059e+01 6.371175765991210938e+01 6.750498962402343750e+01
7.086654853820806466e+01 3.803924179077154122e+01 6.213619613647460938e+01 6.619336700439453125e+01
6.998806190490728341e+01 3.755447387695318184e+01 6.315699386596679688e+01 6.658523559570312500e+01
6.960052299499520245e+01 3.893105316162117902e+01 6.320779800415039062e+01 6.615037536621093750e+01
6.911464691162117902e+01 3.899346923828133527e+01 6.303248596191406250e+01 6.523498535156250000e+01
7.003132438659676495e+01 3.956087493896492902e+01 6.191891860961914062e+01 6.517460632324218750e+01
6.985347938537606183e+01 4.013439941406258527e+01 6.194855880737304688e+01 6.430960083007812500e+01
6.913760566711434308e+01 4.074358367919930402e+01 6.216723251342773438e+01 6.412165832519531250e+01
6.874487304687508527e+01 4.081406402587899152e+01 6.231613159179687500e+01 6.349827575683593750e+01
6.924540328979500714e+01 4.142058753967293683e+01 6.109943389892578125e+01 6.353388595581054688e+01
6.784649848937996808e+01 4.184224700927742902e+01 6.261886215209960938e+01 6.320521545410156250e+01
6.763289451599129620e+01 4.214606666564949933e+01 6.201832962036132812e+01 6.250754928588867188e+01
6.818410682678231183e+01 4.286651802062996808e+01 6.115586471557617188e+01 6.197607040405273438e+01
6.699179649353035870e+01 4.284006690979012433e+01 6.214805984497070312e+01 6.109968185424804688e+01
6.807524490356453839e+01 4.297244071960457745e+01 6.048839569091796875e+01 6.150702285766601562e+01
6.778859519958504620e+01 4.364506340026863995e+01 6.060127639770507812e+01 6.157577896118164062e+01
6.873041152954110089e+01 4.436648750305184308e+01 5.913866424560546875e+01 6.061333847045898438e+01
6.791436195373543683e+01 4.385568046569832745e+01 5.958204269409179688e+01 6.063107681274414062e+01
6.859306907653817120e+01 4.443786430358895245e+01 5.808040237426757812e+01 6.020859146118164062e+01
6.700525665283211652e+01 4.452615356445321027e+01 5.895310974121093750e+01 5.979895019531250000e+01
6.878804016113289777e+01 4.521815681457528058e+01 5.719824218750000000e+01 5.927636337280273438e+01
6.993524360656746808e+01 4.595558357238778058e+01 5.607012557983398438e+01 5.919555282592773438e+01
6.806536865234383527e+01 4.615356063842781964e+01 5.761758422851562500e+01 5.935230255126953125e+01
6.755451774597176495e+01 4.645496368408211652e+01 5.767895889282226562e+01 5.915837097167968750e+01
6.733804893493660870e+01 4.580532455444344464e+01 5.711717605590820312e+01 5.908942413330078125e+01
6.874126052856453839e+01 4.651958084106453839e+01 5.546398162841796875e+01 5.842595672607421875e+01
6.711229133605965558e+01 4.713791465759285870e+01 5.621065902709960938e+01 5.823311233520507812e+01
6.641611671447762433e+01 4.698244285583504620e+01 5.601450729370117188e+01 5.812932205200195312e+01
6.633495521545418683e+01 4.825418853759774152e+01 5.739420700073242188e+01 5.734016418457031250e+01
6.341859817504891339e+01 4.832940292358406964e+01 5.781298065185546875e+01 5.728427886962890625e+01
6.655968475341805402e+01 4.818142318725594464e+01 5.497178649902343750e+01 5.698719024658203125e+01
6.388851547241219464e+01 4.823594284057625714e+01 5.765277862548828125e+01 5.695447540283203125e+01
6.221060752868660870e+01 4.895370674133309308e+01 5.919179153442382812e+01 5.653060531616210938e+01
6.466121292114266339e+01 4.941696548461922589e+01 5.594158172607421875e+01 5.605663299560546875e+01
6.361498069763192120e+01 4.997570228576668683e+01 5.559801101684570312e+01 5.571815109252929688e+01
6.477917671203621808e+01 4.994265365600594464e+01 5.495080184936523438e+01 5.577277374267578125e+01
6.118946456909188214e+01 5.044015884399422589e+01 5.785028839111328125e+01 5.488982391357421875e+01
6.401520156860360089e+01 4.978971099853524152e+01 5.555251312255859375e+01 5.535404968261718750e+01
6.232218360900887433e+01 4.993198204040535870e+01 5.523173141479492188e+01 5.553526687622070312e+01
6.257972717285164777e+01 5.023764038085946027e+01 5.588980102539062500e+01 5.568063354492187500e+01
6.224496078491219464e+01 4.997133064270028058e+01 5.529215240478515625e+01 5.480654525756835938e+01
6.316801452636727277e+01 5.050879669189461652e+01 5.322836303710937500e+01 5.522975158691406250e+01
5.857668685913094464e+01 5.051177406311043683e+01 5.720014190673828125e+01 5.461918258666992188e+01
6.137695121765145245e+01 5.060123252868660870e+01 5.477811050415039062e+01 5.395170974731445312e+01
6.108668518066414777e+01 5.031515502929696027e+01 5.469787597656250000e+01 5.397518920898437500e+01
6.368674468994149152e+01 5.115837669372567120e+01 5.225367736816406250e+01 5.367305374145507812e+01
6.289698982238778058e+01 5.183835411071785870e+01 5.137694931030273438e+01 5.375178909301757812e+01
5.885385513305672589e+01 5.168003273010262433e+01 5.489086151123046875e+01 5.319150924682617188e+01
6.018211364746102277e+01 5.145375633239754620e+01 5.286163330078125000e+01 5.280800247192382812e+01
5.684069633483895245e+01 5.207731819152840558e+01 5.605444717407226562e+01 5.273418807983398438e+01
6.134523200988778058e+01 5.248204421997078839e+01 5.169039535522460938e+01 5.197179412841796875e+01
5.481561279296883527e+01 5.216720008850106183e+01 5.725798034667968750e+01 5.246516036987304688e+01
6.031873321533211652e+01 5.229340171813973370e+01 5.087619018554687500e+01 5.211101150512695312e+01
5.515721702575692120e+01 5.269757652282723370e+01 5.570109939575195312e+01 5.214714431762695312e+01
6.036262512207039777e+01 5.272306632995613995e+01 5.048138427734375000e+01 5.209805679321289062e+01
5.653230667114266339e+01 5.317343711853035870e+01 5.426219940185546875e+01 5.201292800903320312e+01
5.771765708923348370e+01 5.288920974731453839e+01 5.242897415161132812e+01 5.191808319091796875e+01
6.035771942138680402e+01 5.363814926147469464e+01 5.040449523925781250e+01 5.116953277587890625e+01
5.914463233947762433e+01 5.373718261718758527e+01 4.948092269897460938e+01 5.043403625488281250e+01
5.656085395812996808e+01 5.372597503662117902e+01 5.246270370483398438e+01 5.014767456054687500e+01
5.871416282653817120e+01 5.378545761108406964e+01 5.040636062622070312e+01 5.052434539794921875e+01
5.514243125915534449e+01 5.330350685119636012e+01 5.354945755004882812e+01 4.986948776245117188e+01
6.030314064025886012e+01 5.350019645690925074e+01 4.762266159057617188e+01 5.007718276977539062e+01
5.733770561218268824e+01 5.376936912536628199e+01 4.947270584106445312e+01 5.000195693969726562e+01
5.773891639709479762e+01 5.422658348083503199e+01 4.811538314819335938e+01 4.926163101196289062e+01
5.655632972717292262e+01 5.380745697021491480e+01 4.957050704956054688e+01 4.930570983886718750e+01
6.061064338684089137e+01 5.458371353149421168e+01 4.587412643432617188e+01 4.886730194091796875e+01
5.879158973693854762e+01 5.369055938720710230e+01 4.598615646362304688e+01 4.911772155761718750e+01
5.338765716552741480e+01 5.422573471069343043e+01 5.141377258300781250e+01 4.920307159423828125e+01
5.845585632324225855e+01 5.390886497497565699e+01 4.563864135742187500e+01 4.895990371704101562e+01
5.454251670837409449e+01 5.437565803527839137e+01 4.925760269165039062e+01 4.860210800170898438e+01
5.558539009094245387e+01 5.443630981445319605e+01 4.714298629760742188e+01 4.890826416015625000e+01
5.566447639465337716e+01 5.529786682128911934e+01 4.682270431518554688e+01 4.815007019042968750e+01
5.613517379760747872e+01 5.529576873779302559e+01 4.709329986572265625e+01 4.815620422363281250e+01
5.324420356750493966e+01 5.469700813293462716e+01 4.916054916381835938e+01 4.844393539428710938e+01
4.933704948425298653e+01 5.566223907470708809e+01 5.349702835083007812e+01 4.727310180664062500e+01
5.422916030883794747e+01 5.572629356384283028e+01 4.738407135009765625e+01 4.715808486938476562e+01
4.816012954711919747e+01 5.492869567871099434e+01 5.297586822509765625e+01 4.768864440917968750e+01
5.152450942993169747e+01 5.524201965332036934e+01 4.940535736083984375e+01 4.725924682617187500e+01
4.954841232299810372e+01 5.545928192138677559e+01 5.149968719482421875e+01 4.704679870605468750e+01
5.140796852111822091e+01 5.595886993408208809e+01 4.942545700073242188e+01 4.755752563476562500e+01
4.793003463745122872e+01 5.583335494995122872e+01 5.179894256591796875e+01 4.736179351806640625e+01
4.605109977722173653e+01 5.526513671875005684e+01 5.270119094848632812e+01 4.718034362792968750e+01
5.306788444519048653e+01 5.617987442016607247e+01 4.689085769653320312e+01 4.635408782958984375e+01
4.455317306518560372e+01 5.598957061767583809e+01 5.454035186767578125e+01 4.681587219238281250e+01
5.112532043457035513e+01 5.626684188842777701e+01 4.813885498046875000e+01 4.630507659912109375e+01
4.414178276062015982e+01 5.587439155578617545e+01 5.336455154418945312e+01 4.646119308471679688e+01
4.594965171813969107e+01 5.538990592956547232e+01 5.308523941040039062e+01 4.662472915649414062e+01
5.093117523193363638e+01 5.625537681579594107e+01 4.684777832031250000e+01 4.625587844848632812e+01
4.635211563110355826e+01 5.616590309143070670e+01 5.071894073486328125e+01 4.568275070190429688e+01
4.648165512084963780e+01 5.599660873413088780e+01 5.058528900146484375e+01 4.539228057861328125e+01
4.651902008056643467e+01 5.609886550903323155e+01 5.000262451171875000e+01 4.537487030029296875e+01
5.280208587646487217e+01 5.683725929260256748e+01 4.305091857910156250e+01 4.517834091186523438e+01
4.325023078918459873e+01 5.602971076965334873e+01 5.251629257202148438e+01 4.574883651733398438e+01
4.222432327270510655e+01 5.639783859252932530e+01 5.278972625732421875e+01 4.523740386962890625e+01
4.213248062133791905e+01 5.574535369873049717e+01 5.349576568603515625e+01 4.568167114257812500e+01
4.136227035522463780e+01 5.559378242492678623e+01 5.351798248291015625e+01 4.591711044311523438e+01
4.366999053955080967e+01 5.590200424194338780e+01 5.183700561523437500e+01 4.535480499267578125e+01
4.057948684692385655e+01 5.643535232543948155e+01 5.433875274658203125e+01 4.503791046142578125e+01
4.072979927062991123e+01 5.643423652648928623e+01 5.447758102416992188e+01 4.514158248901367188e+01
4.078517913818362217e+01 5.633658981323245030e+01 5.347291564941406250e+01 4.533635711669921875e+01
4.143537139892580967e+01 5.610356712341311436e+01 5.292658996582031250e+01 4.568233108520507812e+01
4.152040290832522373e+01 5.649803543090823155e+01 5.207418441772460938e+01 4.536365509033203125e+01
4.106967735290530186e+01 5.680785369873049717e+01 5.121234512329101562e+01 4.498553466796875000e+01
4.342105865478518467e+01 5.733793258666995030e+01 4.867663574218750000e+01 4.453609466552734375e+01
4.140505790710452061e+01 5.687548255920412998e+01 5.131039810180664062e+01 4.415179061889648438e+01
4.299551773071291905e+01 5.686301040649416905e+01 4.825696563720703125e+01 4.430379486083984375e+01
3.948984909057620030e+01 5.690126228332522373e+01 5.198198699951171875e+01 4.385882186889648438e+01
4.454249572753909092e+01 5.759785270690920811e+01 4.663354492187500000e+01 4.347732925415039062e+01
3.978076934814455967e+01 5.747422409057620030e+01 5.140525817871093750e+01 4.332149505615234375e+01
4.534340476989750357e+01 5.768958282470707388e+01 4.619836807250976562e+01 4.307061767578125000e+01
3.847034263610844107e+01 5.720145797729496451e+01 5.198054885864257812e+01 4.374013519287109375e+01
3.994909095764164420e+01 5.693628692626957388e+01 5.068481063842773438e+01 4.408744812011718750e+01
4.442608451843265982e+01 5.820513916015629263e+01 4.518967056274414062e+01 4.340240478515625000e+01
3.789251327514652701e+01 5.730640792846683951e+01 5.109630584716796875e+01 4.348549652099609375e+01
3.812093544006353341e+01 5.730796432495122872e+01 5.196821212768554688e+01 4.369536590576171875e+01
3.990783691406255684e+01 5.732954978942876778e+01 4.835957336425781250e+01 4.384634780883789062e+01
3.723925018310553980e+01 5.739056015014655543e+01 5.207577514648437500e+01 4.336885833740234375e+01
3.641841888427741480e+01 5.749237823486335230e+01 5.261631774902343750e+01 4.352638244628906250e+01
3.653883171081550074e+01 5.774421310424811793e+01 5.178148269653320312e+01 4.334993743896484375e+01
3.815018844604499293e+01 5.791987800598151637e+01 4.933272552490234375e+01 4.277753829956054688e+01
3.744317626953132105e+01 5.831753540039069605e+01 4.998439025878906250e+01 4.252307128906250000e+01
3.760293006896981183e+01 5.806054878234871808e+01 4.995986557006835938e+01 4.277497482299804688e+01
3.881308746337899152e+01 5.862995147705086652e+01 4.833354187011718750e+01 4.270916748046875000e+01
3.654910469055184308e+01 5.770339202880867902e+01 4.991564559936523438e+01 4.326841735839843750e+01
3.513734245300301495e+01 5.765790367126473370e+01 5.226605606079101562e+01 4.331964492797851562e+01
3.479126548767098370e+01 5.784790420532235089e+01 5.256819534301757812e+01 4.359935760498046875e+01
3.515361213684090558e+01 5.754183769226082745e+01 5.181377792358398438e+01 4.343378067016601562e+01
3.494525527954110089e+01 5.802330780029305402e+01 5.129959869384765625e+01 4.355584716796875000e+01
3.842133712768563214e+01 5.858034706115731183e+01 4.686852264404296875e+01 4.274433517456054688e+01
4.302884292602547589e+01 5.863605690002449933e+01 4.199715423583984375e+01 4.203814315795898438e+01
4.196074867248543683e+01 5.874094009399422589e+01 4.299354171752929688e+01 4.129170989990234375e+01
4.270068168640145245e+01 5.868704986572274152e+01 4.238187026977539062e+01 4.092813110351562500e+01
3.972024726867684308e+01 5.833928489685067120e+01 4.550722885131835938e+01 4.098881912231445312e+01
4.601599502563485089e+01 5.907782554626473370e+01 3.883882904052734375e+01 4.047188186645507812e+01
4.349283027648934308e+01 5.878988075256356183e+01 4.065258407592773438e+01 4.077424240112304688e+01
4.234541511535653058e+01 5.920607757568367902e+01 4.199020004272460938e+01 4.090846252441406250e+01
3.509150886535653058e+01 5.847262191772469464e+01 4.924119186401367188e+01 4.087699127197265625e+01
3.273466873168955260e+01 5.914321899414072448e+01 5.188896942138671875e+01 4.139993286132812500e+01
3.193210220336924010e+01 5.822138023376474791e+01 5.138367462158203125e+01 4.232976150512695312e+01
3.118324470520029479e+01 5.885628128051767760e+01 5.184667587280273438e+01 4.200760650634765625e+01
3.204069900512705260e+01 5.838372230529795104e+01 5.130829620361328125e+01 4.202555465698242188e+01
3.216610908508310729e+01 5.838724327087412291e+01 5.038778305053710938e+01 4.166096878051757812e+01
3.234966850280771666e+01 5.864138412475595885e+01 4.997478103637695312e+01 4.163869476318359375e+01
3.206880950927744323e+01 5.828276252746591979e+01 4.979380798339843750e+01 4.146276473999023438e+01
3.129760169982920104e+01 5.845420265197763854e+01 5.066659164428710938e+01 4.131502914428710938e+01
3.089465332031259948e+01 5.799476242065439635e+01 5.083554077148437500e+01 4.162644195556640625e+01
3.109362411499034806e+01 5.860064888000499650e+01 5.049997711181640625e+01 4.155636215209960938e+01
3.211876296997081681e+01 5.866314697265636369e+01 5.012203216552734375e+01 4.158438110351562500e+01
3.147389602661144181e+01 5.840580177307140275e+01 4.972287750244140625e+01 4.127807235717773438e+01
3.145008087158214494e+01 5.805841255187999650e+01 4.987106323242187500e+01 4.108027267456054688e+01
3.136079216003429337e+01 5.843055343627941056e+01 4.956814956665039062e+01 4.063770294189453125e+01
3.102768135070813571e+01 5.865283203125012790e+01 4.923952865600585938e+01 4.059257507324218750e+01
3.147624015808118259e+01 5.854794692993176852e+01 4.874090957641601562e+01 4.026319122314453125e+01
3.156794738769544040e+01 5.821023941040051852e+01 4.866755676269531250e+01 4.036188507080078125e+01
3.120935821533215915e+01 5.897430610656751071e+01 4.838928222656250000e+01 4.048740768432617188e+01
3.254078865051282321e+01 5.897932624816907321e+01 4.790523910522460938e+01 4.008068466186523438e+01
3.221607017517102634e+01 5.888514518737805759e+01 4.774208450317382812e+01 3.967555618286132812e+01
3.159654808044446384e+01 5.856160926818860446e+01 4.766035842895507812e+01 3.976305770874023438e+01
3.139162826538098727e+01 5.912874603271497165e+01 4.811815643310546875e+01 3.989530944824218750e+01
3.212379837036145602e+01 5.902474784851087009e+01 4.744736480712890625e+01 3.980479812622070312e+01
3.141485595703137790e+01 5.897116661071790134e+01 4.683952331542968750e+01 3.989982986450195312e+01
3.173715972900403415e+01 5.927333259582532321e+01 4.714428710937500000e+01 3.970022201538085938e+01
3.186571311950696384e+01 5.867441558837903415e+01 4.601816177368164062e+01 3.965812683105468750e+01
3.164138221740735446e+01 5.851053428649915134e+01 4.637611007690429688e+01 3.931187820434570312e+01
3.113308906555188571e+01 5.899441146850598727e+01 4.683463668823242188e+01 3.942115020751953125e+01
3.146028900146497165e+01 5.929259109497083102e+01 4.650485229492187500e+01 3.937354278564453125e+01
3.143034172058118259e+01 5.903873634338391696e+01 4.594887161254882812e+01 3.964161300659179688e+01
3.272975158691419040e+01 5.900599670410169040e+01 4.523149108886718750e+01 3.940481567382812500e+01
3.201810073852551852e+01 5.891786956787122165e+01 4.569098663330078125e+01 3.957817077636718750e+01
3.276982879638684665e+01 5.945451354980481540e+01 4.499829101562500000e+01 3.883564758300781250e+01
3.298155021667493259e+01 5.900746154785169040e+01 4.454748916625976562e+01 3.881307983398437500e+01
3.228778266906751071e+01 5.954617500305188571e+01 4.488196945190429688e+01 3.857041549682617188e+01
3.338627624511731540e+01 5.934890174865735446e+01 4.393733215332031250e+01 3.840505599975585938e+01
3.298044204711926852e+01 5.851538848876965915e+01 4.373328399658203125e+01 3.855718994140625000e+01
3.160092163085950290e+01 5.885140419006360446e+01 4.450236511230468750e+01 3.867893600463867188e+01
3.163826179504407321e+01 5.934450721740735446e+01 4.451124191284179688e+01 3.829304122924804688e+01
3.333308601379407321e+01 5.935476112365735446e+01 4.391422653198242188e+01 3.809864425659179688e+01
3.246619224548352634e+01 5.929795455932629977e+01 4.264879226684570312e+01 3.828665924072265625e+01
3.586995887756360446e+01 6.001551437377942477e+01 4.047550582885742188e+01 3.744651031494140625e+01
3.067468452453626071e+01 5.974781417846692477e+01 4.456832504272460938e+01 3.914545440673828125e+01
3.461578941345227634e+01 5.991016960144055759e+01 4.133270645141601562e+01 3.814982986450195312e+01
3.445532608032239352e+01 6.039054870605481540e+01 4.059673309326171875e+01 3.867620849609375000e+01
3.384748458862317477e+01 6.027243614196790134e+01 4.121822357177734375e+01 3.845396804809570312e+01
3.469554328918469821e+01 6.054419517517102634e+01 4.088434982299804688e+01 3.827290725708007812e+01
3.246559524536145602e+01 5.961136436462415134e+01 4.153064727783203125e+01 3.836758804321289062e+01
3.541189193725598727e+01 5.996110343933118259e+01 3.957935333251953125e+01 3.802814102172851562e+01
3.204774856567395602e+01 5.953771400451672946e+01 4.279807281494140625e+01 3.916486740112304688e+01
3.402190017700208102e+01 5.940750694274915134e+01 4.041138458251953125e+01 3.839975357055664062e+01
3.261625671386731540e+01 5.980107498168958102e+01 4.159272766113281250e+01 3.856060028076171875e+01
3.274180221557629977e+01 5.924207878112805759e+01 4.128665924072265625e+01 3.838745498657226562e+01
3.371825408935559665e+01 6.022367668151868259e+01 4.123777770996093750e+01 3.817732620239257812e+01
3.259279441833508884e+01 5.956524085998547946e+01 4.061040115356445312e+01 3.815171432495117188e+01
3.341159057617200290e+01 6.029342460632337009e+01 4.136314392089843750e+01 3.753219985961914062e+01
3.489360237121594821e+01 6.012495040893567477e+01 3.880817794799804688e+01 3.734810638427734375e+01
3.060163688659680759e+01 5.993804550170911227e+01 4.275328445434570312e+01 3.857909393310546875e+01
3.390644836425794040e+01 6.064835739135754977e+01 3.972366333007812500e+01 3.742925262451171875e+01
3.413919258117688571e+01 5.969904518127454196e+01 3.947288131713867188e+01 3.793439865112304688e+01
3.215453910827649509e+01 5.942259216308606540e+01 4.009090042114257812e+01 3.789849853515625000e+01
3.320192146301282321e+01 5.991208648681653415e+01 4.003167343139648438e+01 3.721571350097656250e+01
3.352269554138196384e+01 6.006384658813489352e+01 3.906520462036132812e+01 3.724759674072265625e+01
3.273297500610364352e+01 6.016156005859387790e+01 3.973149871826171875e+01 3.721980285644531250e+01
3.427771949768079196e+01 6.043963813781751071e+01 3.897040939331054688e+01 3.704906845092773438e+01
2.975365066528333102e+01 5.987638473510754977e+01 4.203868865966796875e+01 3.762894439697265625e+01
3.255071640014661227e+01 6.058938980102551852e+01 4.050695037841796875e+01 3.768990325927734375e+01
3.139414215087903415e+01 6.052134704589856540e+01 4.114636230468750000e+01 3.762963867187500000e+01
3.200130462646497165e+01 5.978425979614270602e+01 4.121546936035156250e+01 3.801503753662109375e+01
3.303072738647473727e+01 5.999241638183606540e+01 3.916213226318359375e+01 3.763995361328125000e+01
2.994351005554212009e+01 5.951013183593762790e+01 4.237331008911132812e+01 3.848896789550781250e+01
3.067090415954602634e+01 6.004392051696790134e+01 4.239841079711914062e+01 3.787767410278320312e+01
3.249935150146497165e+01 6.071657371521008884e+01 4.042410278320312500e+01 3.787083816528320312e+01
3.259082031250012790e+01 5.969318580627454196e+01 3.893324279785156250e+01 3.813380050659179688e+01
3.419427490234387790e+01 6.053624343872083102e+01 3.790289306640625000e+01 3.736725616455078125e+01
3.239733695983899509e+01 5.981761932373059665e+01 3.877531814575195312e+01 3.797814941406250000e+01
3.460186576843274509e+01 6.005887222290051852e+01 3.740704727172851562e+01 3.745856475830078125e+01
3.265489196777355119e+01 5.974730491638194962e+01 3.923156738281250000e+01 3.781972122192382812e+01
3.526681327819835587e+01 6.038651847839366837e+01 3.652789688110351562e+01 3.756789016723632812e+01
3.149482154846202775e+01 6.015928077697765275e+01 3.926902389526367188e+01 3.825440597534179688e+01
3.475557899475109025e+01 6.063549804687511369e+01 3.734957504272460938e+01 3.743650817871093750e+01
3.296985626220715915e+01 5.988805007934583102e+01 3.832023620605468750e+01 3.779584503173828125e+01
3.406989479064954196e+01 6.030706405639661227e+01 3.762620162963867188e+01 3.790842437744140625e+01
3.409479331970227634e+01 5.969479179382337009e+01 3.812799453735351562e+01 3.755575942993164062e+01
3.213245582580579196e+01 6.053894805908215915e+01 4.055714035034179688e+01 3.793130493164062500e+01
3.421479797363294040e+01 6.019405937194837009e+01 3.707806396484375000e+01 3.760295486450195312e+01
3.425689125061049367e+01 6.054175949096693898e+01 3.781298446655273438e+01 3.765676116943359375e+01
3.302575874328627492e+01 5.985846900939955617e+01 3.756589889526367188e+01 3.777845382690429688e+01
3.619815063476576711e+01 6.049262046813979055e+01 3.555458068847656250e+01 3.708029556274414062e+01
3.300363731384291555e+01 6.019745254516615773e+01 3.794752883911132812e+01 3.727231597900390625e+01
3.605556488037123586e+01 6.051182174682631398e+01 3.583082580566406250e+01 3.720137786865234375e+01
3.260052108764662648e+01 5.982245063781752492e+01 3.872397613525390625e+01 3.712038803100585938e+01
3.502850151062025930e+01 6.066518783569350148e+01 3.667061233520507812e+01 3.708554840087890625e+01
3.300487136840834523e+01 5.967745018005385305e+01 3.743735504150390625e+01 3.748138809204101562e+01
3.420832824707044040e+01 6.083456993103040134e+01 3.709068298339843750e+01 3.684419631958007812e+01
3.295993232727063571e+01 5.980463027954114352e+01 3.762067794799804688e+01 3.721518707275390625e+01
3.457748603820812150e+01 6.076675224304210587e+01 3.640986251831054688e+01 3.690726089477539062e+01
3.288779067993175431e+01 6.025762557983409806e+01 3.676375579833984375e+01 3.750293731689453125e+01
3.602969741821300431e+01 6.049158287048351212e+01 3.480188751220703125e+01 3.660495376586914062e+01
3.272645378112804337e+01 6.031767272949230119e+01 3.724269485473632812e+01 3.758470153808593750e+01
3.640639686584482604e+01 6.067986869812021666e+01 3.428568649291992188e+01 3.658569717407226562e+01
3.204725456237802916e+01 6.032799339294443541e+01 3.750453567504882812e+01 3.726207351684570312e+01
3.632023429870616837e+01 6.088125419616710587e+01 3.455842971801757812e+01 3.680997085571289062e+01
3.254464149475109025e+01 6.031814956665050431e+01 3.725803756713867188e+01 3.691841888427734375e+01
3.552319908142101212e+01 6.014778709411632462e+01 3.519676589965820312e+01 3.679460525512695312e+01
3.313662719726573869e+01 5.972914695739757462e+01 3.702357482910156250e+01 3.743378067016601562e+01
3.627883911132825290e+01 6.031449508667004977e+01 3.426835632324218750e+01 3.676453399658203125e+01
3.391925239563001071e+01 6.017700576782239352e+01 3.668867111206054688e+01 3.700139617919921875e+01
3.284202194213879977e+01 6.023511695861829196e+01 3.761893463134765625e+01 3.761021041870117188e+01
3.556619834899915134e+01 5.989519309997571384e+01 3.463437271118164062e+01 3.721545791625976562e+01
3.438675308227551852e+01 5.980989074707044040e+01 3.527709197998046875e+01 3.734559631347656250e+01
3.300972557067883884e+01 6.076560401916516696e+01 3.751129531860351562e+01 3.736133956909179688e+01
3.010026359558116837e+01 6.040612220764171525e+01 3.996641921997070312e+01 3.774268722534179688e+01
3.023652458190929337e+01 5.994967269897472306e+01 3.953799819946289062e+01 3.767502593994140625e+01
3.371045303344737931e+01 6.071452713012706681e+01 3.566672515869140625e+01 3.722336578369140625e+01
3.357857894897472306e+01 6.023830795288097306e+01 3.595555877685546875e+01 3.728057098388671875e+01
3.409809875488292619e+01 6.001436424255382462e+01 3.421037292480468750e+01 3.737952041625976562e+01
3.340142631530773087e+01 6.028829193115245744e+01 3.582782363891601562e+01 3.752513122558593750e+01
3.366047286987316056e+01 6.022265052795421525e+01 3.620609283447265625e+01 3.761230087280273438e+01
3.415236282348644181e+01 5.988697624206554337e+01 3.473397064208984375e+01 3.771635818481445312e+01
3.427230834960948869e+01 6.064282226562511369e+01 3.542660522460937500e+01 3.739685058593750000e+01
3.232704353332530900e+01 6.057703018188487931e+01 3.636840438842773438e+01 3.763999176025390625e+01
3.208132934570323869e+01 6.045273399353038712e+01 3.767581176757812500e+01 3.724472427368164062e+01
3.103528976440439635e+01 6.019956588745127135e+01 3.779836273193359375e+01 3.758449554443359375e+01
2.921447944641123229e+01 6.079335594177256041e+01 4.130234909057617188e+01 3.739514541625976562e+01
2.823274040222177916e+01 6.043353843688974791e+01 4.185945510864257812e+01 3.785840225219726562e+01
2.800254821777353698e+01 6.076631164550791198e+01 4.213778686523437500e+01 3.789987182617187500e+01
3.092474937438974791e+01 6.025687217712412291e+01 3.864197158813476562e+01 3.823701858520507812e+01
3.115546798706064635e+01 6.033324623107920104e+01 3.674457550048828125e+01 3.787243270874023438e+01
3.162657737731944962e+01 6.029118156433116837e+01 3.732468032836914062e+01 3.759653091430664062e+01
3.212364387512216979e+01 6.075316047668466979e+01 3.629156112670898438e+01 3.720063400268554688e+01
3.353003120422373229e+01 6.086466789245615416e+01 3.467188644409179688e+01 3.741586685180664062e+01
3.319465255737314635e+01 6.061520195007334166e+01 3.465673065185546875e+01 3.749696731567382812e+01
3.380842399597177916e+01 6.052071952819834166e+01 3.339555740356445312e+01 3.708583450317382812e+01
3.223070716857920104e+01 6.078928375244150573e+01 3.464591598510742188e+01 3.736791992187500000e+01
3.274286460876474791e+01 6.131598663330088073e+01 3.433438491821289062e+01 3.718096923828125000e+01
3.408917617797861510e+01 6.136706924438486510e+01 3.378443145751953125e+01 3.702347564697265625e+01
3.363684654235849791e+01 6.121774482727060729e+01 3.345332717895507812e+01 3.702422714233398438e+01
3.393336486816416198e+01 6.082220840454111510e+01 3.227441406250000000e+01 3.646131134033203125e+01
3.272273445129404479e+01 6.110777091979990416e+01 3.368236923217773438e+01 3.637965774536132812e+01
3.347654914855966979e+01 6.149097251892099791e+01 3.251520919799804688e+01 3.585574722290039062e+01
3.299399948120127135e+01 6.110783195495615416e+01 3.394358062744140625e+01 3.600101089477539062e+01
3.351295852661142760e+01 6.065375518798838073e+01 3.323914337158203125e+01 3.591661071777343750e+01
3.246731567382821027e+01 6.118810653686531964e+01 3.287704467773437500e+01 3.602829742431640625e+01
3.121147537231452418e+01 6.060591697692878199e+01 3.467621612548828125e+01 3.608699417114257812e+01
3.232995414733893824e+01 6.100719261169440699e+01 3.262303543090820312e+01 3.644255447387695312e+01
