6.100000000000000000e+01 3.200000000000000000e+01 1.100000000000000000e+01 3.500000000000000000e+01
6.093530178070068359e+01 3.169026756286621094e+01 1.218182563781738281e+01 3.562582015991210938e+01
6.162880420684814453e+01 3.175230979919433594e+01 1.152681541442871094e+01 3.560032272338867188e+01
6.327946281433105469e+01 3.133789253234863281e+01 1.120388412475585938e+01 3.448302078247070312e+01
6.387561893463134766e+01 3.143645477294921875e+01 1.123901939392089844e+01 3.662041473388671875e+01
6.515297460556030273e+01 3.122137451171875000e+01 1.113585376739501953e+01 3.665442657470703125e+01
6.515344238281250000e+01 3.112763786315917969e+01 1.076312255859375000e+01 3.525879287719726562e+01
6.497365045547485352e+01 3.103456306457519531e+01 1.165445232391357422e+01 3.665536117553710938e+01
6.613842248916625977e+01 3.199915122985839844e+01 1.148978710174560547e+01 3.631598281860351562e+01
6.749749183654785156e+01 3.144378852844238281e+01 1.158655166625976562e+01 3.561247634887695312e+01
6.778985452651977539e+01 3.218169784545898438e+01 1.190430736541748047e+01 3.676910400390625000e+01
6.811268138885498047e+01 3.200138282775878906e+01 1.252458381652832031e+01 3.757261276245117188e+01
6.824383115768432617e+01 3.267159652709960938e+01 1.277162265777587891e+01 3.737628173828125000e+01
6.845750284194946289e+01 3.374004936218261719e+01 1.311813640594482422e+01 3.476169967651367188e+01
6.870549440383911133e+01 3.264977836608886719e+01 1.419242000579833984e+01 3.463358688354492188e+01
7.072595262527465820e+01 3.312383270263671875e+01 1.375398159027099609e+01 3.600267791748046875e+01
7.141269207000732422e+01 3.279924774169921875e+01 1.282141304016113281e+01 3.702765655517578125e+01
7.377961921691894531e+01 3.383935737609863281e+01 1.222163772583007812e+01 3.492755508422851562e+01
7.549392175674438477e+01 3.451786041259765625e+01 1.000000000000000000e+01 3.325041198730468750e+01
7.603193616867065430e+01 3.605434226989746094e+01 1.222764396667480469e+01 3.360940933227539062e+01
7.746570539474487305e+01 3.593672370910644531e+01 1.125144767761230469e+01 3.456362533569335938e+01
7.715764474868774414e+01 3.674912643432617188e+01 1.272407531738281250e+01 3.490810394287109375e+01
7.676337337493896484e+01 3.718830680847167969e+01 1.332103633880615234e+01 3.433629226684570312e+01
7.765808582305908203e+01 3.463823127746582031e+01 1.358719921112060547e+01 3.645440292358398438e+01
7.813944387435913086e+01 3.675215911865234375e+01 1.298240089416503906e+01 3.448504638671875000e+01
7.840038776397705078e+01 3.821441459655761719e+01 1.280980968475341797e+01 3.340675735473632812e+01
7.923865222930908203e+01 3.852330970764160156e+01 1.298469066619873047e+01 3.294568252563476562e+01
7.942977285385131836e+01 3.811920356750488281e+01 1.370697975158691406e+01 3.354605484008789062e+01
8.069301319122314453e+01 3.903746986389160156e+01 1.436374187469482422e+01 3.312003707885742188e+01
8.293244075775146484e+01 3.546985054016113281e+01 1.267824459075927734e+01 3.539719009399414062e+01
8.396794414520263672e+01 3.633114433288574219e+01 1.306830501556396484e+01 3.429761123657226562e+01
8.430214118957519531e+01 2.827562904357910156e+01 1.351578617095947266e+01 4.207569503784179688e+01
8.692653608322143555e+01 3.653510665893554688e+01 1.469726371765136719e+01 3.458495330810546875e+01
8.780462980270385742e+01 3.711944770812988281e+01 1.217828178405761719e+01 3.491248703002929688e+01
8.856043386459350586e+01 3.236462020874023438e+01 1.239725685119628906e+01 3.803652191162109375e+01
8.922805738449096680e+01 2.978668785095214844e+01 1.352945518493652344e+01 4.207712936401367188e+01
8.998673629760742188e+01 3.210599899291992188e+01 1.312346363067626953e+01 3.994573974609375000e+01
8.922540855407714844e+01 3.057236862182617188e+01 1.590144443511962891e+01 4.111705780029296875e+01
9.063596391677856445e+01 2.927190780639648438e+01 1.613120651245117188e+01 4.512602996826171875e+01
9.158050823211669922e+01 3.920034217834472656e+01 1.557976436614990234e+01 3.499399948120117188e+01
9.175930643081665039e+01 3.469183540344238281e+01 1.603907012939453125e+01 3.992649459838867188e+01
9.273206949234008789e+01 3.608919525146484375e+01 1.662523651123046875e+01 3.807066345214843750e+01
9.425538349151611328e+01 3.189873313903808594e+01 1.575533580780029297e+01 4.205944442749023438e+01
9.639519834518432617e+01 3.482353973388671875e+01 1.490762138366699219e+01 3.979465484619140625e+01
9.786897468566894531e+01 3.442215728759765625e+01 1.565577793121337891e+01 3.889968109130859375e+01
9.865679216384887695e+01 3.355516624450683594e+01 1.773318862915039062e+01 4.069719314575195312e+01
9.874373245239257812e+01 3.555396652221679688e+01 1.573469257354736328e+01 3.990070343017578125e+01
1.007687869071960449e+02 3.220417785644531250e+01 1.647257804870605469e+01 4.219059753417968750e+01
1.007972979545593262e+02 3.346957397460937500e+01 1.898322868347167969e+01 4.402655029296875000e+01
1.015491757392883301e+02 3.440701103210449219e+01 1.778052902221679688e+01 4.074312210083007812e+01
1.019711661338806152e+02 3.383904457092285156e+01 1.901525306701660156e+01 4.203634262084960938e+01
1.032471413612365723e+02 3.449262809753417969e+01 1.811166381835937500e+01 4.122096633911132812e+01
1.030728402137756348e+02 3.417671966552734375e+01 1.790226745605468750e+01 4.063346862792968750e+01
1.041543183326721191e+02 3.471112823486328125e+01 1.762154388427734375e+01 4.080688476562500000e+01
1.065731081962585449e+02 3.454614448547363281e+01 1.656362724304199219e+01 4.034081649780273438e+01
1.066113181114196777e+02 3.577346038818359375e+01 1.511385536193847656e+01 4.054466247558593750e+01
1.070346188545227051e+02 3.975926017761230469e+01 1.673519515991210938e+01 3.590808486938476562e+01
1.077438635826110840e+02 4.102000808715820312e+01 1.529175758361816406e+01 3.612071990966796875e+01
1.080621356964111328e+02 3.938905906677246804e+01 1.547981357574462891e+01 3.647323226928710227e+01
1.092244095802307129e+02 3.993000793457031250e+01 1.693916320800781250e+01 3.515842437744140625e+01
1.105862436294555664e+02 3.504185676574707031e+01 1.503319072723388672e+01 4.017678451538085938e+01
1.103452463150024414e+02 4.119417953491210938e+01 1.586191082000732422e+01 3.415166473388671875e+01
1.075722031593322754e+02 3.887524795532226562e+01 1.815810394287109375e+01 3.589048767089843750e+01
1.115331263542175293e+02 4.026172637939453125e+01 1.781416893005371094e+01 3.648151397705078125e+01
1.088592076301574707e+02 3.968641853332519531e+01 1.918760299682617188e+01 3.599537277221679688e+01
1.151800704002380371e+02 3.258706665039062500e+01 1.735848426818847656e+01 4.347663116455078125e+01
1.171523327827453613e+02 3.415451812744140625e+01 1.670621109008789062e+01 4.175370025634765625e+01
1.172322268486022949e+02 3.739780998229980469e+01 1.652222251892089844e+01 3.762743759155273438e+01
1.166987795829772949e+02 3.542765426635742188e+01 1.887688255310058594e+01 4.047998809814453125e+01
1.058045248985290527e+02 4.141647338867187500e+01 1.513271522521972656e+01 3.622016906738281250e+01
1.225409626960754395e+02 3.241622352600098367e+01 1.461798477172851562e+01 4.305955886840819602e+01
1.227554135322570801e+02 3.436741447448730469e+01 1.387047195434570312e+01 4.141794967651367188e+01
1.236885232925415039e+02 3.553013801574707031e+01 1.324714183807373047e+01 4.082044601440429688e+01
1.235346665382385254e+02 3.417654800415039062e+01 1.400028228759765625e+01 4.328150939941406250e+01
1.239869894981384277e+02 3.453675460815429688e+01 1.464120674133300781e+01 4.228022766113281250e+01
1.245765018463134766e+02 3.789614105224609375e+01 1.471152591705322266e+01 3.877683258056640625e+01
1.252675786018371582e+02 3.623477554321289062e+01 1.523020553588867188e+01 4.058551025390625000e+01
1.263310680389404297e+02 3.691514015197753906e+01 1.538346958160400391e+01 3.960577774047851562e+01
1.267551836967468262e+02 3.684326934814453125e+01 1.516036796569824219e+01 3.956096649169921875e+01
1.275519595146179199e+02 3.724560165405273438e+01 1.453015708923339844e+01 3.927565765380859375e+01
1.067633271217346191e+02 3.884199714660644531e+01 1.311026000976562500e+01 3.832760238647460938e+01
1.280718617439270020e+02 3.454354095458984375e+01 1.504394149780273438e+01 4.177678680419921875e+01
1.314999489784240723e+02 4.022361183166503906e+01 1.249584197998046875e+01 3.622694778442382812e+01
1.342054705619812012e+02 3.896800041198730469e+01 1.241319084167480469e+01 3.732614517211914062e+01
1.342666959762573242e+02 3.897249984741210938e+01 1.379843044281005859e+01 3.797547149658203125e+01
1.345710415840148926e+02 3.903421592712402344e+01 1.381791305541992188e+01 3.831560134887695312e+01
1.362182855606079102e+02 3.930204200744628906e+01 1.294140911102294922e+01 3.836667251586914062e+01
1.359421100616455078e+02 4.016621780395507812e+01 1.356530094146728516e+01 3.656874847412109375e+01
1.367724208831787109e+02 4.139349746704101562e+01 1.364717197418212891e+01 3.681610870361328125e+01
1.372389941215515137e+02 4.130427551269531250e+01 1.418747520446777344e+01 3.598336791992187500e+01
1.375604224205017090e+02 4.157164192199707031e+01 1.394851112365722656e+01 3.518326950073242188e+01
1.377951779365539551e+02 4.044707679748535156e+01 1.507017898559570312e+01 3.594752883911132812e+01
1.388376173973083496e+02 3.931042480468750000e+01 1.609556007385253906e+01 3.801564025878906250e+01
1.387620873451232910e+02 4.010559082031250000e+01 1.747563171386718750e+01 3.820841217041015625e+01
1.412023062705993652e+02 3.894696044921875000e+01 1.602762794494628906e+01 3.939113616943359375e+01
1.432839274406433105e+02 3.760995292663574219e+01 1.445639610290527344e+01 3.985813522338867188e+01
1.439987726211547852e+02 3.896759033203125000e+01 1.403926372528076172e+01 3.842295837402343750e+01
1.446590590476989746e+02 3.825227546691894531e+01 1.302269172668457031e+01 3.923863601684570312e+01
1.465009064674377441e+02 3.914445114135742188e+01 1.226766204833984375e+01 3.809838867187500000e+01
1.465485582351684570e+02 3.935655212402343750e+01 1.316454601287841797e+01 3.911793518066406250e+01
1.477739849090576172e+02 3.863452720642089844e+01 1.373338413238525391e+01 3.954578018188476562e+01
1.480182633399963379e+02 3.761326599121093750e+01 1.473330688476562500e+01 4.026895141601562500e+01
1.484971599578857422e+02 3.953289413452148438e+01 1.559024906158447266e+01 3.826977539062500000e+01
1.478768339157104492e+02 4.028004646301269531e+01 1.595622158050537109e+01 3.793019485473632812e+01
1.487984862327575684e+02 4.061837577819824219e+01 1.668368721008300781e+01 3.864440536499023438e+01
1.486922478675842285e+02 4.086309623718261719e+01 1.709422302246093750e+01 3.799731063842773438e+01
1.509900240898132324e+02 4.005736160278320312e+01 1.635288810729980469e+01 3.927561187744140625e+01
1.528439044952392578e+02 4.040572547912597656e+01 1.467689609527587891e+01 3.847219467163085938e+01
1.547015557289123535e+02 4.080020141601562500e+01 1.264796447753906250e+01 3.789132690429687500e+01
1.552657871246337891e+02 3.956930160522460938e+01 1.447531223297119141e+01 3.920081329345703125e+01
1.566450757980346680e+02 4.069095230102539062e+01 1.217379665374755859e+01 3.770976257324218750e+01
1.571337323188781738e+02 3.997856903076171875e+01 1.276224136352539062e+01 3.877426910400390625e+01
1.575403552055358887e+02 4.012820434570312500e+01 1.378655052185058594e+01 3.937557220458984375e+01
1.582872643470764160e+02 4.046290588378906250e+01 1.520169830322265625e+01 3.872443389892578125e+01
1.586809024810791016e+02 4.019678115844726562e+01 1.503016757965087891e+01 3.900675201416015625e+01
1.595709166526794434e+02 4.018318557739257812e+01 1.470378303527832031e+01 3.842886352539062500e+01
1.598556475639343262e+02 4.063478088378906250e+01 1.593966484069824219e+01 3.807891082763671875e+01
1.594963183403015137e+02 4.127731704711914062e+01 1.600229454040527344e+01 3.770869445800781250e+01
1.599726424217224121e+02 4.114403343200683594e+01 1.629770851135253906e+01 3.772924423217773438e+01
1.612383770942687988e+02 4.134654426574707031e+01 1.597309494018554688e+01 3.793333816528320312e+01
1.615404095649719238e+02 4.141052436828613281e+01 1.655153274536132812e+01 3.832423019409179688e+01
1.621299614906311035e+02 4.115362930297851562e+01 1.554866790771484375e+01 3.745713043212890625e+01
1.630843930244445801e+02 4.135851287841796875e+01 1.542966079711914062e+01 3.816660308837890625e+01
1.631413054466247559e+02 4.179818153381347656e+01 1.491046333312988281e+01 3.779599380493164062e+01
1.631780409812927246e+02 4.147039222717285156e+01 1.589993476867675781e+01 3.807348251342773438e+01
1.633889803886413574e+02 4.101526641845703125e+01 1.607179832458496094e+01 3.788897705078125000e+01
1.631671833992004395e+02 4.125122261047363281e+01 1.645936965942382812e+01 3.830652999877929688e+01
1.628496050834655762e+02 4.140778923034667969e+01 1.688905143737792969e+01 3.871969985961914062e+01
1.630325875282287598e+02 4.128275299072265625e+01 1.616539001464843750e+01 3.885761260986328125e+01
1.626533894538879395e+02 4.099055862426757812e+01 1.652625656127929688e+01 3.896640014648437500e+01
1.630839076042175293e+02 4.114716911315917969e+01 1.612706565856933594e+01 3.877776718139648438e+01
1.626231455802917480e+02 4.031293106079101562e+01 1.596932792663574219e+01 3.962983703613281250e+01
1.620052189826965332e+02 4.094337463378906250e+01 1.589892196655273438e+01 3.935287475585937500e+01
1.626726899147033691e+02 4.118372535705566406e+01 1.476785278320312500e+01 3.892706680297851562e+01
1.627785987854003906e+02 4.080618667602539062e+01 1.446570301055908203e+01 3.981252288818359375e+01
1.627536077499389648e+02 4.013631439208984375e+01 1.413501644134521484e+01 3.991919708251953125e+01
1.629467940330505371e+02 4.049098014831542969e+01 1.431749916076660156e+01 3.900606155395507812e+01
1.617417716979980469e+02 4.114476394653320312e+01 1.300491046905517578e+01 3.906755065917968750e+01
1.617768015861511230e+02 4.079972267150878906e+01 1.336831474304199219e+01 3.917067337036132812e+01
1.610205616950988770e+02 4.027800178527832031e+01 1.384707260131835938e+01 3.918946456909179688e+01
1.610403676033020020e+02 4.121336174011230469e+01 1.367828750610351562e+01 3.847658920288085938e+01
1.601424264907836914e+02 4.030553054809570312e+01 1.444835948944091797e+01 3.932276153564453125e+01
1.591542172431945801e+02 4.072583580017089844e+01 1.518490982055664062e+01 3.895204544067382812e+01
1.570583848953247070e+02 4.100975418090820312e+01 1.594867229461669922e+01 3.862599945068359375e+01
1.563825559616088867e+02 4.053894424438476562e+01 1.553039455413818359e+01 3.840381622314453125e+01
1.553590168952941895e+02 4.073424911499023438e+01 1.629403305053710938e+01 3.901209259033203125e+01
1.547676701545715332e+02 4.005227088928222656e+01 1.608320236206054688e+01 3.887704849243164062e+01
1.532531385421752930e+02 4.029937171936035156e+01 1.572202968597412109e+01 3.960235977172851562e+01
1.521358394622802734e+02 3.963588142395019531e+01 1.589852237701416016e+01 3.894906234741210938e+01
1.522303752899169922e+02 3.948722839355468750e+01 1.402308750152587891e+01 3.900244903564453125e+01
1.516515002250671387e+02 3.960005378723144531e+01 1.369566917419433594e+01 3.935754013061523438e+01
1.503695721626281738e+02 3.911902999877929688e+01 1.430315780639648438e+01 3.917015075683593750e+01
1.483373370170593262e+02 3.759771919250488281e+01 1.504645347595214844e+01 4.143346023559570312e+01
1.481455130577087402e+02 3.896657180786132812e+01 1.557740974426269531e+01 3.956920623779296875e+01
1.478267259597778320e+02 3.939605522155761719e+01 1.569752025604248047e+01 4.000879287719726562e+01
1.464132823944091797e+02 3.982190513610839844e+01 1.583548831939697266e+01 3.950229263305664062e+01
1.473963961601257324e+02 3.887375640869140625e+01 1.432179069519042969e+01 3.985623168945312500e+01
1.441281771659851074e+02 3.972467994689941406e+01 1.562289237976074219e+01 3.883012771606445312e+01
1.444119620323181152e+02 3.995014953613281250e+01 1.469008064270019531e+01 3.947090911865234375e+01
1.433622012138366699e+02 3.971951484680175781e+01 1.491410636901855469e+01 3.916350173950195312e+01
1.434327554702758789e+02 3.981097984313964844e+01 1.412103557586669922e+01 3.880152511596679688e+01
1.423257946968078613e+02 3.938364601135254617e+01 1.366141891479492188e+01 3.946390151977538352e+01
1.405937976837158203e+02 3.845720863342285156e+01 1.428137302398681641e+01 3.951250839233398438e+01
1.402821993827819824e+02 3.727946853637695312e+01 1.338115501403808594e+01 3.983248138427734375e+01
1.394377164840698242e+02 3.828700637817382812e+01 1.414517116546630859e+01 3.875141143798828125e+01
1.381314053535461426e+02 3.933253097534180398e+01 1.365763473510742188e+01 3.692651367187499289e+01
1.364189801216125488e+02 3.992382049560546875e+01 1.444244003295898438e+01 3.695756530761718750e+01
1.367654857635498047e+02 3.855071258544921875e+01 1.300330448150634766e+01 3.870693969726562500e+01
1.350012092590332031e+02 3.883331680297851562e+01 1.491082477569580078e+01 3.803366088867187500e+01
1.347141709327697754e+02 3.831933212280273438e+01 1.465245056152343750e+01 3.859890747070312500e+01
1.323890233039855957e+02 3.840722465515136719e+01 1.621542739868164062e+01 3.775363540649414062e+01
1.337293210029602051e+02 3.884192657470703125e+01 1.509554672241210938e+01 3.846756744384765625e+01
1.309103837013244629e+02 3.783385848999023438e+01 1.606919097900390625e+01 3.828357696533203125e+01
1.296301288604736328e+02 3.740408897399902344e+01 1.528900241851806641e+01 4.001348495483398438e+01
1.295143303871154785e+02 3.569618415832519531e+01 1.406626129150390625e+01 4.099709701538085938e+01
1.282463626861572266e+02 3.464915657043457031e+01 1.445717716217041016e+01 4.216153335571289062e+01
1.279921717643737793e+02 3.528838920593261719e+01 1.381300926208496094e+01 4.132152938842773438e+01
1.266628575325012207e+02 3.658889198303222656e+01 1.388114547729492188e+01 4.023769760131835938e+01
1.265862302780151367e+02 3.673879623413085938e+01 1.321676540374755859e+01 4.045293426513671875e+01
1.256547565460205078e+02 3.645526313781738281e+01 1.341429996490478516e+01 3.985780715942382812e+01
1.250461883544921875e+02 3.428840255737304688e+01 1.428041553497314453e+01 4.289435577392578125e+01
1.230535011291503906e+02 3.385790252685546875e+01 1.543333148956298828e+01 4.258814239501953125e+01
1.218189711570739746e+02 3.421975708007812500e+01 1.599455451965332031e+01 4.231443023681640625e+01
1.206508231163024902e+02 3.428417396545410156e+01 1.698565101623535156e+01 4.225479507446289062e+01
1.193873572349548340e+02 3.488000679016113281e+01 1.746737098693847656e+01 4.167670059204101562e+01
1.186236119270324707e+02 3.690325355529785156e+01 1.646190261840820312e+01 3.928549575805664062e+01
1.183234515190124512e+02 3.681312561035156250e+01 1.437102317810058594e+01 3.896742248535156250e+01
1.161522340774536133e+02 3.822127723693847656e+01 1.504661083221435547e+01 3.751237106323242188e+01
1.157486691474914551e+02 3.887291145324707031e+01 1.403288650512695312e+01 3.681912612915039062e+01
1.090678925514221191e+02 3.522399139404296875e+01 1.810269165039062500e+01 4.022033691406250000e+01
1.087593359947204590e+02 3.312172508239746094e+01 1.801895332336425781e+01 4.195123672485351562e+01
1.077040715217590332e+02 3.694371414184570312e+01 1.739635848999023438e+01 3.908576202392578125e+01
1.084457192420959473e+02 3.432929992675781250e+01 1.782047271728515625e+01 4.226533508300781250e+01
1.088560547828674316e+02 3.853577041625976562e+01 1.689186096191406250e+01 3.819551849365234375e+01
1.082022547721862793e+02 3.510414886474609375e+01 1.731516838073730469e+01 4.064188385009765625e+01
1.085000548362731934e+02 3.785334587097167969e+01 1.647876930236816406e+01 4.056689071655273438e+01
1.064195332527160645e+02 3.370546340942382812e+01 1.779400253295898438e+01 4.290774536132812500e+01
1.054162516593933105e+02 3.382809829711914062e+01 1.736723136901855469e+01 4.451940917968750000e+01
1.046981110572814941e+02 3.417438507080078125e+01 1.649169921875000000e+01 4.287015533447265625e+01
1.049742231369018555e+02 3.505562400817871094e+01 1.598226070404052734e+01 4.119578170776367188e+01
1.041919455528259277e+02 3.464419937133789062e+01 1.620782661437988281e+01 4.156526184082031250e+01
1.034860930442810059e+02 3.565918159484863281e+01 1.632441139221191406e+01 4.010399246215820312e+01
1.030966715812683105e+02 3.333644104003906250e+01 1.428674888610839844e+01 4.029708099365234375e+01
1.029922089576721191e+02 3.674128532409667969e+01 1.662726593017578125e+01 4.145770645141601562e+01
1.000049653053283691e+02 3.681013870239257812e+01 1.944779205322265625e+01 3.857549285888671875e+01
9.936432409286499023e+01 3.449845695495605469e+01 1.655390357971191406e+01 3.982712173461914062e+01
9.714426183700561523e+01 3.477292251586914062e+01 1.680861091613769531e+01 3.877877044677734375e+01
9.478453683853149414e+01 3.651642036437988281e+01 1.714157104492187500e+01 3.704159164428710938e+01
9.536971426010131836e+01 3.399535751342773438e+01 1.551612281799316406e+01 3.964980316162109375e+01
9.314435386657714844e+01 3.442082786560058594e+01 1.540083408355712891e+01 3.899818801879882812e+01
9.324902963638305664e+01 3.647433090209960938e+01 1.490059661865234375e+01 3.635831451416015625e+01
9.297275447845458984e+01 3.611293792724609375e+01 1.452805995941162109e+01 3.601665496826171875e+01
9.205399703979492188e+01 3.534917449951171875e+01 1.411628437042236328e+01 3.613770294189453125e+01
9.088330984115600586e+01 3.181562232971191406e+01 1.312340736389160156e+01 4.063845443725585938e+01
9.045780324935913086e+01 3.415656089782714844e+01 1.383874702453613281e+01 3.914667129516601562e+01
8.862259769439697266e+01 2.549524497985839844e+01 1.377401256561279297e+01 4.703883743286132812e+01
8.708581495285034180e+01 2.500115585327148438e+01 1.326376152038574219e+01 4.740427398681640625e+01
1.066083655357360840e+02 4.220676994323730469e+01 1.439874458312988281e+01 3.319752883911132812e+01
8.391462850570678711e+01 2.740586853027343750e+01 1.655888557434082031e+01 4.489109039306640625e+01
1.063886127471923828e+02 3.594166755676269531e+01 1.463501071929931641e+01 4.086366653442382812e+01
8.096618556976318359e+01 3.469717025756835938e+01 1.576624965667724609e+01 3.594921112060546875e+01
8.110760545730590820e+01 3.488944625854492188e+01 1.535349655151367188e+01 3.618405151367187500e+01
8.167111063003540039e+01 3.731889152526856179e+01 1.350121307373046875e+01 3.351662826538085227e+01
8.139542341232299805e+01 4.064861965179443359e+01 1.289038658142089844e+01 2.994245338439941406e+01
7.904935264587402344e+01 4.381469821929931641e+01 1.390012454986572266e+01 2.721265220642089844e+01
7.975585651397705078e+01 4.043095111846923828e+01 1.196486186981201172e+01 3.144235038757324219e+01
7.812232542037963867e+01 3.572275161743164062e+01 1.268011283874511719e+01 3.600827789306640625e+01
7.518815660476684570e+01 4.031638813018798828e+01 1.648211288452148438e+01 3.138149070739746094e+01
1.072339162826538086e+02 3.430926895141601562e+01 1.485346889495849609e+01 3.997099304199218750e+01
7.587616205215454102e+01 3.451837730407714844e+01 1.253828811645507812e+01 3.769947433471679688e+01
7.420455074310302734e+01 3.371955108642578125e+01 1.320474529266357422e+01 3.503184509277343750e+01
7.361101245880126953e+01 3.398831558227539062e+01 1.134741878509521484e+01 3.564130401611328125e+01
7.221150112152099609e+01 3.394869804382324219e+01 1.217929363250732422e+01 3.512285995483398438e+01
7.151547241210937500e+01 3.307723426818847656e+01 1.289415836334228516e+01 3.393928909301757812e+01
7.032392787933349609e+01 3.292719268798828125e+01 1.370151042938232422e+01 3.627260589599609375e+01
6.954251670837402344e+01 3.266036415100097656e+01 1.348728656768798828e+01 3.729243850708007812e+01
6.843071985244750977e+01 3.240794944763183594e+01 1.300971603393554688e+01 3.716066360473632812e+01
6.748284196853637695e+01 3.236060333251953125e+01 1.237751007080078125e+01 3.576773834228515625e+01
6.645048093795776367e+01 3.232217025756835938e+01 1.228057289123535156e+01 3.690328216552734375e+01
6.668131256103515625e+01 3.261199188232421875e+01 1.131880283355712891e+01 3.519950103759765625e+01
6.583402013778686523e+01 3.221974563598632812e+01 1.079472160339355469e+01 3.577072906494140625e+01
6.422515535354614258e+01 3.096732521057128906e+01 1.129337310791015625e+01 3.687387466430664062e+01
6.419949388504028320e+01 3.130789184570312500e+01 1.107690429687500000e+01 3.581584930419921875e+01
6.154053449630737305e+01 3.119043540954589844e+01 1.235509681701660156e+01 3.616432571411132812e+01
6.075596904754638672e+01 3.142297554016113281e+01 1.261040019989013672e+01 3.606887435913085938e+01
5.885914468765258789e+01 3.161528205871582031e+01 1.399840164184570312e+01 3.538022994995117188e+01
5.783106422424316406e+01 3.169068717956542969e+01 1.474702930450439453e+01 3.418887710571289062e+01
5.651807451248168945e+01 3.137006759643554688e+01 1.512753295898437500e+01 3.480036926269531250e+01
5.613009548187255859e+01 3.131247329711914062e+01 1.415351390838623047e+01 3.465604400634765625e+01
5.558764696121215820e+01 3.051985359191894531e+01 1.385175323486328125e+01 3.505368423461914062e+01
5.481161355972290039e+01 2.984633064270019531e+01 1.384749984741210938e+01 3.524654769897460938e+01
5.433464288711547852e+01 2.983572196960449219e+01 1.288077163696289062e+01 3.577807998657226562e+01
5.365193462371826172e+01 2.904122543334960938e+01 1.191834545135498047e+01 3.580754089355468750e+01
5.282183313369750977e+01 2.912410354614257812e+01 1.123016738891601562e+01 3.569966125488281250e+01
5.254060220718383789e+01 2.839971733093261719e+01 1.115447616577148438e+01 3.751556777954101562e+01
5.073977231979370117e+01 2.875380325317382812e+01 1.144774055480957031e+01 3.590113830566406250e+01
5.086800146102905273e+01 2.717134857177734375e+01 1.187454032897949219e+01 3.822352600097656250e+01
4.864379596710205078e+01 2.780692100524902344e+01 1.293646907806396484e+01 3.676501083374023438e+01
4.681991195678710938e+01 2.970032119750976562e+01 1.468576145172119141e+01 3.478372192382812500e+01
4.568049192428588867e+01 2.929914474487304688e+01 1.505858802795410156e+01 3.487622070312500000e+01
4.463276576995849609e+01 2.958036231994628906e+01 1.468107891082763672e+01 3.456237411499023438e+01
4.500400304794311523e+01 2.930935287475585938e+01 1.378651237487792969e+01 3.469982147216796875e+01
4.371120119094848633e+01 2.790529632568359375e+01 1.359757995605468750e+01 3.558228302001953125e+01
4.293167209625244141e+01 2.774431991577148438e+01 1.274854183197021484e+01 3.559300994873046875e+01
4.267250776290893555e+01 2.803345680236816406e+01 1.229953193664550781e+01 3.571684646606445312e+01
4.276534032821655273e+01 2.774133872985839844e+01 1.164264488220214844e+01 3.651800155639648438e+01
4.092422056198120117e+01 2.692337608337402344e+01 1.165934181213378906e+01 3.756406784057617188e+01
4.033463048934936523e+01 2.716031074523925781e+01 1.244111442565917969e+01 3.753958511352539062e+01
3.928252553939819336e+01 2.696519279479980469e+01 1.248157310485839844e+01 3.660680770874023438e+01
3.834524059295654297e+01 2.650922393798828125e+01 1.284690380096435547e+01 3.651254272460937500e+01
3.759812688827514648e+01 2.717101287841796875e+01 1.287383079528808594e+01 3.617765808105468750e+01
3.581133460998535156e+01 2.722961044311523438e+01 1.400298786163330078e+01 3.584125518798828125e+01
3.525767564773559570e+01 2.673999404907226562e+01 1.416738128662109375e+01 3.570923614501953125e+01
3.382152175903320312e+01 2.736208152770996094e+01 1.461803531646728516e+01 3.531023788452148438e+01
3.387359237670898438e+01 2.715249633789062500e+01 1.357100772857666016e+01 3.561958312988281250e+01
3.265783119201660156e+01 2.676663398742675781e+01 1.354530811309814453e+01 3.629957199096679688e+01
3.203171157836914062e+01 2.660523033142089844e+01 1.356816196441650391e+01 3.619243240356445312e+01
3.205850839614868164e+01 2.601336288452148438e+01 1.282651901245117188e+01 3.575094604492187500e+01
3.207004070281982422e+01 2.591237258911132812e+01 1.184733867645263672e+01 3.564052581787109375e+01
3.173653984069824219e+01 2.634994316101074219e+01 1.151735401153564453e+01 3.522491073608398438e+01
3.084307527542114258e+01 2.615464591979980469e+01 1.122793579101562500e+01 3.552733993530273438e+01
3.069422292709350586e+01 2.552860260009765625e+01 1.114344596862792969e+01 3.555819702148437500e+01
2.898642015457153320e+01 2.572791671752929688e+01 1.217338562011718750e+01 3.666744995117187500e+01
2.863133525848388672e+01 2.604657554626464844e+01 1.153989696502685547e+01 3.571732711791992188e+01
2.738872814178466797e+01 2.595926475524902344e+01 1.304793834686279297e+01 3.563901901245117188e+01
2.551408386230468750e+01 2.355956268310546875e+01 1.391412448883056641e+01 3.769846343994140625e+01
2.491991519927978516e+01 2.383367919921875000e+01 1.453272914886474609e+01 3.742546844482421875e+01
2.428107166290283203e+01 2.403335571289062500e+01 1.485271358489990234e+01 3.713594055175781250e+01
2.487617063522339578e+01 2.347929954528809304e+01 1.381271553039550781e+01 3.685603713989257812e+01
2.435122489929199929e+01 2.364415359497071023e+01 1.459158039093017578e+01 3.746823120117187500e+01
2.478059816360474343e+01 2.372910881042481179e+01 1.395317077636718750e+01 3.685615921020507812e+01
2.363940572738648171e+01 2.374595642089844461e+01 1.454136466979980469e+01 3.716446685791015625e+01
2.459126377105713601e+01 2.375507736206055398e+01 1.369473171234130859e+01 3.642783355712890625e+01
2.458447408676148171e+01 2.433096504211426492e+01 1.395427513122558594e+01 3.579307174682617188e+01
2.298179817199707742e+01 2.286248397827149148e+01 1.497346210479736328e+01 3.797590637207031250e+01
2.432017850875855203e+01 2.264553642272949929e+01 1.413545417785644531e+01 3.729652023315429688e+01
2.377890205383301492e+01 2.373993301391602273e+01 1.466013813018798828e+01 3.636345672607421875e+01
2.403542947769165750e+01 2.268151473999024148e+01 1.430464553833007812e+01 3.830284118652343750e+01
2.410634183883668413e+01 2.355397224426270952e+01 1.416237831115722656e+01 3.709400558471679688e+01
2.378888893127442827e+01 2.446209144592286577e+01 1.391218280792236328e+01 3.574664688110351562e+01
2.375507164001466265e+01 2.535380363464356890e+01 1.396880054473876953e+01 3.564941787719726562e+01
2.428388595581056109e+01 2.571024131774903765e+01 1.333737277984619141e+01 3.508037948608398438e+01
2.510071086883546343e+01 2.534243774414063921e+01 1.314854717254638672e+01 3.500571441650390625e+01
2.493033123016358843e+01 2.549053001403810015e+01 1.308751201629638672e+01 3.506826400756835938e+01
2.643457698822022905e+01 2.517283821105958452e+01 1.231901836395263672e+01 3.574312210083007812e+01
2.691138362884522905e+01 2.526137924194337359e+01 1.209352397918701172e+01 3.448779296875000000e+01
2.771132373809815874e+01 2.559081840515138140e+01 1.205043697357177734e+01 3.416955184936523438e+01
2.814615201950074663e+01 2.578381156921388140e+01 1.147301673889160156e+01 3.375048446655273438e+01
2.952225542068482866e+01 2.583553504943849077e+01 1.090463256835937500e+01 3.479291152954101562e+01
2.931276416778565874e+01 2.558740615844727984e+01 1.139034938812255859e+01 3.520613098144531250e+01
2.908386802673341265e+01 2.567120361328126421e+01 1.162727832794189453e+01 3.477513122558593750e+01
2.997570228576661577e+01 2.534033393859864702e+01 1.215842914581298828e+01 3.530150985717773438e+01
2.990283966064454546e+01 2.582464599609376421e+01 1.258397769927978516e+01 3.578455352783203125e+01
2.958117055892945757e+01 2.604121780395509234e+01 1.329929161071777344e+01 3.546305084228515625e+01
3.032650232315064898e+01 2.657036590576173296e+01 1.278177261352539062e+01 3.534593963623046875e+01
3.167055511474610796e+01 2.655339241027833452e+01 1.250732517242431641e+01 3.426725387573242188e+01
3.190255308151246538e+01 2.589358901977540484e+01 1.305621528625488281e+01 3.571290588378906250e+01
3.338401460647584429e+01 2.653693199157716265e+01 1.284825134277343750e+01 3.527396011352539062e+01
3.482936811447144976e+01 2.610940361022950640e+01 1.195164680480957031e+01 3.588979721069335938e+01
3.554808616638185015e+01 2.660650634765626421e+01 1.134402179718017578e+01 3.578932952880859375e+01
3.602913284301759234e+01 2.656443405151368609e+01 1.182067966461181641e+01 3.590603637695312500e+01
3.712023067474366655e+01 2.593360900878907671e+01 1.136894512176513672e+01 3.663050842285156250e+01
3.796698808670045366e+01 2.580328750610352984e+01 1.125820922851562500e+01 3.745961761474609375e+01
3.818164205551148882e+01 2.671049880981446734e+01 1.175302696228027344e+01 3.596325683593750000e+01
3.770839834213258257e+01 2.663588905334474077e+01 1.262094688415527344e+01 3.696325302124023438e+01
3.866623449325562945e+01 2.696283721923829546e+01 1.259302330017089844e+01 3.650461578369140625e+01
3.850411462783814898e+01 2.737665176391602984e+01 1.369833755493164062e+01 3.637818908691406250e+01
3.897603130340577593e+01 2.711066436767579546e+01 1.505847454071044922e+01 3.665798187255859375e+01
3.870839357376100764e+01 2.845364189147951350e+01 1.490567016601562500e+01 3.536089706420898438e+01
4.020236492156984554e+01 2.752243995666506038e+01 1.472517681121826172e+01 3.575126266479492188e+01
4.174722623825075374e+01 2.784375762939455257e+01 1.418237495422363281e+01 3.576033782958984375e+01
4.380063629150392757e+01 2.839440917968752132e+01 1.313978672027587891e+01 3.670417785644531961e+01
4.507814216613771663e+01 2.708991241455080967e+01 1.321722126007080078e+01 3.745110321044921875e+01
4.645956563949587093e+01 2.822657585144045811e+01 1.185292625427246094e+01 3.572771835327148438e+01
4.779149818420412288e+01 2.617011833190920811e+01 1.140308094024658203e+01 3.952045059204101562e+01
4.889487981796266780e+01 2.829154205322268467e+01 1.097393608093261719e+01 3.677277374267578125e+01
4.891232109069826350e+01 2.733832359313967686e+01 1.218730640411376953e+01 3.870878219604492188e+01
4.898114252090456233e+01 2.789548110961916905e+01 1.286395645141601562e+01 3.705291748046875000e+01
5.010930347442629085e+01 2.948604011535647373e+01 1.333034420013427734e+01 3.518593978881835938e+01
5.031450080871584163e+01 2.908983421325686436e+01 1.409482288360596414e+01 3.453633499145507812e+01
5.047980070114138584e+01 2.977880668640139561e+01 1.484711647033691406e+01 3.444231033325195312e+01
5.151066398620608311e+01 3.022256278991702061e+01 1.437746906280517578e+01 3.439619064331054688e+01
5.303622913360598545e+01 3.054176139831545811e+01 1.314563655853271484e+01 3.481316757202148438e+01
5.457239770889285069e+01 3.064379882812502842e+01 1.281867599487304688e+01 3.512405395507812500e+01
5.691110897064211827e+01 3.011831474304202061e+01 1.171215343475341797e+01 3.537375259399414062e+01
5.712430143356326084e+01 3.004991531372073155e+01 1.163763618469238281e+01 3.539002990722656250e+01
5.863576221466067295e+01 3.018129730224612217e+01 1.101645565032958984e+01 3.480323028564453125e+01
5.955959796905520420e+01 2.979483985900881748e+01 1.110958003997802734e+01 3.558407211303710938e+01
6.031270551681521397e+01 2.999540519714358311e+01 1.164840126037597656e+01 3.526844406127929688e+01
6.093729352951052647e+01 3.016311836242678623e+01 1.165397071838378906e+01 3.632130050659179688e+01
6.136004686355593662e+01 3.046606063842776280e+01 1.218872070312500000e+01 3.655862426757812500e+01
6.126959276199343662e+01 3.063475036621096592e+01 1.345635223388671875e+01 3.669809722900390625e+01
6.123587083816531162e+01 3.162816429138186436e+01 1.471411895751953125e+01 3.580733108520507812e+01
6.221122646331789952e+01 3.208511352539065342e+01 1.447725963592529297e+01 3.562393951416015625e+01
6.312419462203982334e+01 3.216585922241213780e+01 1.558316993713378906e+01 3.589332580566406250e+01
6.463800954818728428e+01 3.195113563537600498e+01 1.532868003845214844e+01 3.612653732299804688e+01
6.627345275878909092e+01 3.253577232360843396e+01 1.386766147613525391e+01 3.617713546752928977e+01
6.750113058090212803e+01 3.174871635437014561e+01 1.477250480651855469e+01 3.723125076293945312e+01
6.915686178207400303e+01 3.285190200805667615e+01 1.264442253112792969e+01 3.535635375976561789e+01
7.160797309875491123e+01 3.228699684143069248e+01 1.217178821563720703e+01 3.710139083862304688e+01
7.267684888839724522e+01 3.293567085266116123e+01 1.145137214660644531e+01 3.674615859985351562e+01
7.309369039535525303e+01 3.287129020690920811e+01 1.078833580017089844e+01 3.567133712768554688e+01
7.342231798171999912e+01 3.396986961364748936e+01 1.169981384277343750e+01 3.496634292602539062e+01
7.416876554489138584e+01 3.520013809204104405e+01 1.151613807678222656e+01 3.350914764404296875e+01
7.444408178329470616e+01 3.435091209411623936e+01 1.198123741149902344e+01 3.536612319946289062e+01
7.436730909347537022e+01 3.446669006347659092e+01 1.375818061828613281e+01 3.487319946289062500e+01
7.515869331359866123e+01 3.699599456787112217e+01 1.485819721221923828e+01 3.289833068847656250e+01
7.560325002670290928e+01 3.581497764587405186e+01 1.480808067321777344e+01 3.361381912231445312e+01
7.670702362060549717e+01 3.759555816650393467e+01 1.358904361724853516e+01 3.256427001953125000e+01
7.639541006088259678e+01 3.440120697021487217e+01 1.474568748474121094e+01 3.550772857666015625e+01
8.049032974243166905e+01 3.894175529479983311e+01 1.198945713043212891e+01 3.214081192016601562e+01
8.069247531890871983e+01 3.770710372924807530e+01 1.354595088958740234e+01 3.301379394531250000e+01
8.173982715606692295e+01 3.724234199523928623e+01 1.323699092864990234e+01 3.363121414184570312e+01
8.340895271301272373e+01 3.509342193603518467e+01 1.292164325714111328e+01 3.551399993896484375e+01
8.358991050720217686e+01 3.913136100769045811e+01 1.349364948272705078e+01 3.055126571655273438e+01
8.449760580062869053e+01 3.571186256408694248e+01 1.404113578796386719e+01 3.603822708129882812e+01
8.342987775802615147e+01 2.536298370361330967e+01 1.735051155090332031e+01 4.720256805419921875e+01
8.509064340591433506e+01 3.144019317626955967e+01 1.682612991333007812e+01 4.026709747314453125e+01
8.675364160537722569e+01 3.631892395019534092e+01 1.572599411010742188e+01 3.535048675537109375e+01
8.750087356567385655e+01 3.712964820861819959e+01 1.562043094635009766e+01 3.368991470336913352e+01
8.887867403030398350e+01 3.751451301574709873e+01 1.660878753662109375e+01 3.542913436889648438e+01
9.030621099472048741e+01 2.867983627319338780e+01 1.740928459167480469e+01 4.398851776123046875e+01
9.275683212280276280e+01 3.852548789978030186e+01 1.414088535308837891e+01 3.427095413208007812e+01
9.412228584289553623e+01 3.617527580261233311e+01 1.413080310821533203e+01 3.715062332153320312e+01
9.501698160171511631e+01 3.260917472839358311e+01 1.358600234985351562e+01 4.135861587524414062e+01
9.705179357528689366e+01 3.509244346618655186e+01 1.295519065856933594e+01 3.829060745239257812e+01
9.757520198822024327e+01 3.586073875427248936e+01 1.360250377655029297e+01 3.759283828735351562e+01
9.913678932189944248e+01 3.512462043762209873e+01 1.414201068878173828e+01 3.798813247680664062e+01
9.829480600357058506e+01 3.608785820007327061e+01 1.652761459350585938e+01 3.829030990600585938e+01
9.844688940048220616e+01 3.733292961120608311e+01 1.661367607116699219e+01 3.747966384887695312e+01
1.011999697685241983e+02 3.561589241027834873e+01 1.698373603820800781e+01 3.951693344116210938e+01
1.003866391181946085e+02 3.558628463745120030e+01 1.978570556640625000e+01 4.015204620361328125e+01
1.016733794212341593e+02 3.536428260803225498e+01 1.926827049255371094e+01 4.048478317260742188e+01
1.049338278770447062e+02 3.523858070373537998e+01 1.674165153503417969e+01 3.977616500854492188e+01
1.058249020576477335e+02 3.524919319152834873e+01 1.697605895996093750e+01 4.024726486206054688e+01
1.057185363769531534e+02 3.359362602233889561e+01 1.463993167877197266e+01 4.364346694946289062e+01
1.068225812911987589e+02 3.537800979614260655e+01 1.594966411590576172e+01 4.031438446044921875e+01
1.072736096382141397e+02 3.569113731384280186e+01 1.589400482177734375e+01 4.163843154907226562e+01
1.069468493461609171e+02 3.577578163146975498e+01 1.758082008361816406e+01 4.173829269409179688e+01
1.071117005348205851e+02 3.599009704589846592e+01 1.633247756958007812e+01 4.096592712402343750e+01
1.075562081336975382e+02 3.760439300537112217e+01 1.935587692260742188e+01 3.964067077636718750e+01
1.089155468940735147e+02 3.488861656188967686e+01 1.819899749755859375e+01 4.117883682250976562e+01
1.090100884437561319e+02 4.046856307983401280e+01 1.908855819702148438e+01 3.441266632080078125e+01
1.143469614982605265e+02 3.726842689514162998e+01 1.604562568664550781e+01 3.901651382446289062e+01
1.130495591163635538e+02 4.264661598205569248e+01 1.789282608032226562e+01 3.334671401977539062e+01
1.168609280586242960e+02 3.755092430114748936e+01 1.680562591552734375e+01 3.843557357788085938e+01
1.181715645790100382e+02 3.560294151306155186e+01 1.701211166381835938e+01 3.973728561401367188e+01
1.075860037803650187e+02 4.381417846679690342e+01 1.289939689636230469e+01 3.331395721435546875e+01
1.071995010375976847e+02 4.510008239746096592e+01 1.373516941070556641e+01 3.016225433349609375e+01
1.222715559005737589e+02 3.453402709960940342e+01 1.473371410369873047e+01 4.180311584472656250e+01
1.068364405632019327e+02 4.571345233917239170e+01 1.389614295959472656e+01 2.912730979919433594e+01
1.254059615135193155e+02 3.233031082153323155e+01 1.291580772399902344e+01 4.377478790283203125e+01
1.259501996040344522e+02 3.764761734008791905e+01 1.312797546386718750e+01 3.775233459472656250e+01
1.259175643920898722e+02 3.783640480041506748e+01 1.461578464508056641e+01 3.806766891479492188e+01
1.268678946495056437e+02 3.593238449096683240e+01 1.540678215026855469e+01 4.044394683837889914e+01
1.273002271652221964e+02 3.735036659240725498e+01 1.540814495086669922e+01 3.926161575317382812e+01
1.279872364997864054e+02 3.876859664916995030e+01 1.486406707763671875e+01 3.748298645019531250e+01
1.308433823585510538e+02 3.883841705322268467e+01 1.336960983276367188e+01 3.707980346679687500e+01
1.315412387847900675e+02 3.932632064819338780e+01 1.451659107208251953e+01 3.726746368408203125e+01
1.335321259498596476e+02 3.945008659362795811e+01 1.545998001098632812e+01 3.764671707153320312e+01
1.343113865852356241e+02 3.761626815795901280e+01 1.544045257568359375e+01 3.910358428955078125e+01
1.356254248619079874e+02 3.803131484985354405e+01 1.392683219909667969e+01 3.936079406738281250e+01
1.374350686073303507e+02 3.874115180969241834e+01 1.258871841430664062e+01 3.772646713256835227e+01
1.380177297592163370e+02 4.095436477661135655e+01 1.534123516082763672e+01 3.689553070068359375e+01
1.397294249534607218e+02 3.800633239746096592e+01 1.383172416687011719e+01 3.998595428466796875e+01
1.393481106758117960e+02 3.713549423217776990e+01 1.405026245117187500e+01 4.086359405517577414e+01
1.405181746482849405e+02 3.682521820068362217e+01 1.544242668151855469e+01 4.048904418945312500e+01
1.409812684059143351e+02 3.875934219360354405e+01 1.553266525268554688e+01 3.879718780517578125e+01
1.417331252098083780e+02 3.884159278869631748e+01 1.616469383239746094e+01 3.866619491577148438e+01
1.425489468574524210e+02 3.891845703125002842e+01 1.683267211914062500e+01 3.962755584716796875e+01
1.435171527862549112e+02 3.898488426208498936e+01 1.572996997833251953e+01 3.904294967651367188e+01
1.438607220649719522e+02 4.108294486999514561e+01 1.678264617919921875e+01 3.609673690795898438e+01
1.469637031555176065e+02 3.784030914306643467e+01 1.534768009185791016e+01 4.108040618896484375e+01
1.482029309272766397e+02 3.954878997802737217e+01 1.543563079833984375e+01 3.984694671630859375e+01
1.505804696083069132e+02 3.981697654724123936e+01 1.429235458374023438e+01 3.904017257690429688e+01
1.513332858085632608e+02 3.963521385192873936e+01 1.370688056945800781e+01 3.910139846801757812e+01
1.539495382308960245e+02 4.031583213806155186e+01 1.233746623992919922e+01 3.856860733032226562e+01
1.543937659263611124e+02 4.096649742126467686e+01 1.341867637634277344e+01 3.706672286987304688e+01
1.552890691757202433e+02 4.092699623107912998e+01 1.384117412567138672e+01 3.819346237182617188e+01
1.550735244750976847e+02 4.048534011840823155e+01 1.522851657867431641e+01 3.787266540527343750e+01
1.560997753143310831e+02 4.089756393432620030e+01 1.569158649444580078e+01 3.767122650146484375e+01
1.565936360359192179e+02 4.095933914184573155e+01 1.673587799072265625e+01 3.758399963378906250e+01
1.572296433448791788e+02 4.093057823181155186e+01 1.770811080932617188e+01 3.761861801147460938e+01
1.580902915000915812e+02 4.090293312072756748e+01 1.781234550476074219e+01 3.831929397583007812e+01
1.597017292976379679e+02 4.106180000305178623e+01 1.829923248291015625e+01 3.854509353637695312e+01
1.617192635536194132e+02 4.114086914062502842e+01 1.639319229125976562e+01 3.875356292724609375e+01
1.634253888130188272e+02 4.116854667663577061e+01 1.556185913085937500e+01 3.829863357543945312e+01
1.642543716430664347e+02 4.057322692871096592e+01 1.508413028717041016e+01 3.869711303710937500e+01
1.666353197097778605e+02 4.101248741149905186e+01 1.448039913177490234e+01 3.892325973510742188e+01
1.663988804817199991e+02 4.020191001892092686e+01 1.666979217529296875e+01 4.081650161743164062e+01
1.673535084724426554e+02 4.031421470642092686e+01 1.599506378173828125e+01 3.954655838012695312e+01
1.684994874000549601e+02 4.001198768615725498e+01 1.683990097045898438e+01 4.138298416137695312e+01
1.694075942039490030e+02 3.929993438720705967e+01 1.599101829528808594e+01 3.996399688720703125e+01
1.691825909614563272e+02 3.948731994628909092e+01 1.695982360839843750e+01 4.065345001220703125e+01
1.695798487663269327e+02 4.080933952331545811e+01 1.778255653381347656e+01 3.962179183959960938e+01
1.701196122169494913e+02 4.058942413330080967e+01 1.838711166381835938e+01 4.026200103759765625e+01
1.705761609077453897e+02 4.226395988464358311e+01 1.737519836425781250e+01 3.860734176635742188e+01
1.726227746009826944e+02 3.675346946716311436e+01 1.647957229614257812e+01 4.325365829467773438e+01
1.735029053688049601e+02 3.807558441162112217e+01 1.770904159545898438e+01 4.428256988525390625e+01
1.710983405113220499e+02 4.234266090393069248e+01 2.372993278503417969e+01 4.029932022094726562e+01
1.437466073036194132e+02 4.244114112854006748e+01 5.087733078002929688e+01 3.682117080688476562e+01
1.042393288612366007e+02 4.152390670776370030e+01 1.722235488891601562e+01 3.759121704101562500e+01
1.073772554397583292e+02 4.504977512359621983e+01 1.437170314788818359e+01 2.985411643981933594e+01
1.074140048027038858e+02 4.549026298522952061e+01 1.265242195129394531e+01 3.250545120239257812e+01
1.073918471336365030e+02 4.325461006164553623e+01 1.481503868103027344e+01 3.210917282104492188e+01
1.070282073020935343e+02 4.317446708679202061e+01 1.398166465759277344e+01 3.575422286987304688e+01
1.071602873802185343e+02 4.472354125976565342e+01 1.354897880554199219e+01 3.283751678466796875e+01
1.071915850639343546e+02 4.598548603057864170e+01 1.344639778137207031e+01 3.192416191101074219e+01
1.073745360374450968e+02 4.541605281829836827e+01 1.428983116149902344e+01 3.038881874084472656e+01
1.074592981338501261e+02 4.538729953765871983e+01 1.330795192718505859e+01 3.102209281921386719e+01
1.075606713294983194e+02 4.442199993133547764e+01 1.413516616821289062e+01 3.089048194885253906e+01
1.074374890327453897e+02 4.565304756164553623e+01 1.329652404785156250e+01 3.118099594116210938e+01
1.076159262657165812e+02 4.444708061218264561e+01 1.407715415954589844e+01 3.116501235961914062e+01
1.076800417900085733e+02 4.476860523223879795e+01 1.341504096984863281e+01 3.083288383483886719e+01
1.077759518623352335e+02 4.541324234008791905e+01 1.340650177001953125e+01 3.001171875000000000e+01
1.073956894874573038e+02 4.582381534576418858e+01 1.384406661987304688e+01 3.061023521423339844e+01
1.074911942481994913e+02 4.315687847137454014e+01 1.441572952270507812e+01 3.167209053039550781e+01
1.076619129180908487e+02 4.485939311981204014e+01 1.355428028106689453e+01 3.085418128967285156e+01
1.075269279479980753e+02 4.514485549926760655e+01 1.310136508941650391e+01 3.342587280273437500e+01
1.071008572578430460e+02 4.598597717285159092e+01 1.383556365966796875e+01 3.084889984130859375e+01
1.073126664161682413e+02 4.585160923004153233e+01 1.454763412475585938e+01 2.987332725524902344e+01
1.076235780715942667e+02 4.578950119018557530e+01 1.320600032806396484e+01 2.989904022216796875e+01
1.075158600807190226e+02 4.458835792541506748e+01 1.404893112182617188e+01 3.128571701049804688e+01
1.074334158897400187e+02 4.484079170227053623e+01 1.299912071228027344e+01 3.292627334594726562e+01
1.072482242584228800e+02 4.522114562988284092e+01 1.439998340606689453e+01 3.202236938476562500e+01
1.079421091079712198e+02 4.569663333892825108e+01 1.332607173919677734e+01 3.124384880065917969e+01
1.075944881439209269e+02 4.398578166961672764e+01 1.488814258575439453e+01 3.192231178283691406e+01
1.074633326530456827e+02 4.487391090393069248e+01 1.300280952453613281e+01 3.282622909545898438e+01
1.071397347450256632e+02 4.573610687255862217e+01 1.418963241577148438e+01 3.129228973388671875e+01
1.075282640457153605e+02 4.624883365631106358e+01 1.390106868743896484e+01 3.115926933288574219e+01
1.074977540969848917e+02 4.571916103363039952e+01 1.362019252777099609e+01 3.056666755676269531e+01
1.074102220535278605e+02 4.384144687652590733e+01 1.414594936370849609e+01 3.161385154724121094e+01
1.075569882392883585e+02 4.531382179260256748e+01 1.442853546142578125e+01 3.028322219848632812e+01
1.078777050971985147e+02 4.567713546752932530e+01 1.241848754882812500e+01 3.104771423339843750e+01
1.072808876037597940e+02 4.554846477508547764e+01 1.287640476226806641e+01 3.061795997619628906e+01
1.070470633506775187e+02 4.562674331665041905e+01 1.394807243347167969e+01 3.010684967041015625e+01
1.069868135452270792e+02 4.551166534423830967e+01 1.297968196868896484e+01 3.266257476806640625e+01
1.068396754264831827e+02 4.385587310791018467e+01 1.554966163635253906e+01 3.245343017578125000e+01
1.074785084724426554e+02 4.508287525177004795e+01 1.300712585449218750e+01 3.134081077575683594e+01
1.076556992530823038e+02 4.622528743743899327e+01 1.392529678344726562e+01 2.976825904846191406e+01
1.073709182739258097e+02 4.443809127807620030e+01 1.315010166168212891e+01 3.213621520996093750e+01
1.075429658889770792e+02 4.537382316589358311e+01 1.395741176605224609e+01 3.102562332153320312e+01
1.076159191131592081e+02 4.617486000061037998e+01 1.313283252716064453e+01 3.067176437377929688e+01
1.070744109153747843e+02 4.520207214355471592e+01 1.366683769226074219e+01 3.072780609130859375e+01
1.073520264625549601e+02 4.551881980895998936e+01 1.475381088256835938e+01 3.120946884155273438e+01
1.071913442611694620e+02 4.413957023620608311e+01 1.343899059295654297e+01 3.348144149780273438e+01
1.075923185348511026e+02 4.417588615417483311e+01 1.413856029510498047e+01 3.271277236938476562e+01
1.071163458824157999e+02 4.411777114868166905e+01 1.377890586853027344e+01 3.252970886230468750e+01
1.071298127174377726e+02 4.558278751373293858e+01 1.356800460815429688e+01 3.055768394470214844e+01
1.071204576492309855e+02 4.472746562957766514e+01 1.421396541595458984e+01 3.105282783508300781e+01
1.072126727104187296e+02 4.591604995727541905e+01 1.366476631164550781e+01 3.037789916992187500e+01
1.073462319374084757e+02 4.473868465423586827e+01 1.406547164916992188e+01 3.053502082824707031e+01
1.073609089851379679e+02 4.495975017547610264e+01 1.365481567382812500e+01 3.089872169494628906e+01
1.072788753509521769e+02 4.509929656982424717e+01 1.308465290069580078e+01 3.128543853759765625e+01
1.069876542091369913e+02 4.497019004821780186e+01 1.366458511352539062e+01 3.104835128784179688e+01
1.075246682167053507e+02 4.586245727539065342e+01 1.412502670288085938e+01 3.204466247558593750e+01
1.076574826240539835e+02 4.616069507598879795e+01 1.308739471435546875e+01 2.992265892028808594e+01
1.069949636459350870e+02 4.559535789489748936e+01 1.367227458953857422e+01 3.005527877807617188e+01
1.070472998619079874e+02 4.466256809234621983e+01 1.430280113220214844e+01 3.100002098083496094e+01
1.073395519256592081e+02 4.646551799774172764e+01 1.335039997100830078e+01 2.988387489318847656e+01
1.070236811637878702e+02 4.661216926574709873e+01 1.351917457580566406e+01 3.058950424194335938e+01
1.072876534461975382e+02 4.407052516937258702e+01 1.509922409057617188e+01 3.116928291320800781e+01
1.070000452995300577e+02 4.511917877197268467e+01 1.566847419738769531e+01 3.118224334716796875e+01
1.075153698921203897e+02 4.451067256927493077e+01 1.366040802001953125e+01 3.134186744689941406e+01
1.072351169586181925e+02 4.517835426330569248e+01 1.374268054962158203e+01 3.089384078979492188e+01
1.074942173957824991e+02 4.344889259338381748e+01 1.388930511474609375e+01 3.148786544799804688e+01
1.070868368148803995e+02 4.505996799468996983e+01 1.323514080047607422e+01 3.065445518493652344e+01
1.073608345985412882e+02 4.508442783355715733e+01 1.363396072387695312e+01 3.004024314880371094e+01
1.071925883293152140e+02 4.523441410064700108e+01 1.408382606506347656e+01 3.044087028503417969e+01
1.074703931808471964e+02 4.591179084777834873e+01 1.353528881072998047e+01 3.068787765502929688e+01
1.075856609344482706e+02 4.387554931640627842e+01 1.434901905059814453e+01 3.167910003662109375e+01
1.075397710800171183e+02 4.482194137573245030e+01 1.333944988250732422e+01 3.120663452148437500e+01
1.073531713485718058e+02 4.449429607391360264e+01 1.302354717254638672e+01 3.164640235900878906e+01
1.070620155334472940e+02 4.536553955078127842e+01 1.408365726470947266e+01 3.058583831787109375e+01
1.075119628906250284e+02 4.477417373657229405e+01 1.408064365386962891e+01 3.056129455566406250e+01
1.074272379875183390e+02 4.456543159484866123e+01 1.276185035705566406e+01 3.166135787963867188e+01
1.073767690658569620e+02 4.531579494476321202e+01 1.365055370330810547e+01 2.978096961975097656e+01
1.070256953239441202e+02 4.581394195556643467e+01 1.349696540832519531e+01 2.995377349853515625e+01
1.073323507308960245e+02 4.591202259063723545e+01 1.381977367401123047e+01 2.950942802429199219e+01
1.072787294387817667e+02 4.540803146362307530e+01 1.317793178558349609e+01 3.090180206298828125e+01
1.074720907211303995e+02 4.598412513732912998e+01 1.379167461395263672e+01 2.953175735473632812e+01
1.072214641571045206e+02 4.539475345611575108e+01 1.382668781280517578e+01 3.105141258239746094e+01
1.074726305007934855e+02 4.439939689636233311e+01 1.388865566253662109e+01 3.091252517700195312e+01
1.073654794692993448e+02 4.509013938903811436e+01 1.349936580657958984e+01 3.024631881713867188e+01
1.069497346878052042e+02 4.540613651275637608e+01 1.451176357269287109e+01 3.010544395446777344e+01
1.072194356918335245e+02 4.536604690551760655e+01 1.353359508514404297e+01 2.982527923583984375e+01
1.075486106872558878e+02 4.519504070281985264e+01 1.414880466461181641e+01 3.011561012268066406e+01
1.071930704116821573e+02 4.502165985107424717e+01 1.333623409271240234e+01 3.195787811279296875e+01
1.071840238571167276e+02 4.501271152496340733e+01 1.492998790740966797e+01 3.018717765808105469e+01
1.076695885658264444e+02 4.400642490386965733e+01 1.323864364624023438e+01 3.125022697448730469e+01
1.074595065116882608e+02 4.511373805999758702e+01 1.390350532531738281e+01 2.976089668273925781e+01
1.076555914878845499e+02 4.494333076477053623e+01 1.380915641784667969e+01 3.068487167358398438e+01
1.073935070037842081e+02 4.569460391998293858e+01 1.384325885772705078e+01 3.024600791931152344e+01
1.073626208305359171e+02 4.597350406646731358e+01 1.424621009826660156e+01 3.014417839050292969e+01
1.078808188438415812e+02 4.397437381744387608e+01 1.483992576599121094e+01 3.198025321960449219e+01
1.073231134414673136e+02 4.480549240112307530e+01 1.413611507415771484e+01 3.193639373779296875e+01
1.074576053619385050e+02 4.533599472045901280e+01 1.301534748077392578e+01 3.048358154296875000e+01
1.073814973831177042e+02 4.401738262176516514e+01 1.444303798675537109e+01 3.132779121398925781e+01
1.075656037330627726e+02 4.555724906921389561e+01 1.351662063598632812e+01 3.018165206909179688e+01
1.073478865623474405e+02 4.551745510101321202e+01 1.345952415466308594e+01 3.015016365051269531e+01
1.069996504783630655e+02 4.523195552825930577e+01 1.349371147155761719e+01 3.092385292053222656e+01
1.076584649085998819e+02 4.454569816589358311e+01 1.366808700561523438e+01 3.132006454467773438e+01
1.074211144447326944e+02 4.516532230377200108e+01 1.384650802612304688e+01 3.005293083190917969e+01
1.075349807739258097e+02 4.532584953308108311e+01 1.363249301910400391e+01 3.039078140258789062e+01
1.076727190017700480e+02 4.378088474273684483e+01 1.440497493743896484e+01 3.138937187194824219e+01
1.076364650726318644e+02 4.522053337097170811e+01 1.416663837432861328e+01 3.036532211303710938e+01
1.074497065544128702e+02 4.494837856292727452e+01 1.317088508605957031e+01 3.131395149230957031e+01
1.074408335685730265e+02 4.507305049896243077e+01 1.384359931945800781e+01 3.060589790344238281e+01
1.078316087722778605e+02 4.213629722595217686e+01 1.362727260589599609e+01 3.292374801635742188e+01
1.070184469223022745e+02 4.453672313690188389e+01 1.500186443328857422e+01 3.109034156799316406e+01
1.071113018989563272e+02 4.492643165588381748e+01 1.392906188964843750e+01 3.083303451538085938e+01
1.071963472366333292e+02 4.555531883239748936e+01 1.351342678070068359e+01 3.043054580688476562e+01
1.071706805229187296e+02 4.475661087036135655e+01 1.446489143371582031e+01 3.092877960205078125e+01
1.075478811264038370e+02 4.536993598937991123e+01 1.310883617401123047e+01 3.090655899047851562e+01
1.069773392677307413e+02 4.512376213073733311e+01 1.342006301879882812e+01 3.151192855834960938e+01
1.074988274574280069e+02 4.558671379089358311e+01 1.364458847045898438e+01 3.047902297973632812e+01
1.076950559616089151e+02 4.427753353118899327e+01 1.409131908416748047e+01 3.090326881408691406e+01
1.075238976478576944e+02 4.558800792694094639e+01 1.310279464721679688e+01 3.065216255187988281e+01
1.068969273567199991e+02 4.583425712585452061e+01 1.338199615478515625e+01 3.216219711303710938e+01
1.064479079246521280e+02 4.359635734558108311e+01 1.699840354919433594e+01 3.177025985717773438e+01
1.077778630256653116e+02 4.493562221527102452e+01 1.364112091064453125e+01 3.090685462951660156e+01
1.075353002548218058e+02 4.409931945800784092e+01 1.327492046356201172e+01 3.213671112060546875e+01
1.074562082290649698e+02 4.575867938995364170e+01 1.329363155364990234e+01 2.999565696716308594e+01
1.074455575942993448e+02 4.480051326751711827e+01 1.394763851165771484e+01 3.119662666320800781e+01
1.074380679130554483e+02 4.434579753875735264e+01 1.346098518371582031e+01 3.136380195617675781e+01
1.072612543106079386e+02 4.415038108825686436e+01 1.376264095306396484e+01 3.126652908325195312e+01
1.073301420211792276e+02 4.499919605255129795e+01 1.335940837860107422e+01 3.021819877624511719e+01
1.069518184661865519e+02 4.376293754577639561e+01 1.358833789825439453e+01 3.223659896850585938e+01
1.075875630378723429e+02 4.634722900390627842e+01 1.430902862548828125e+01 2.991434478759765625e+01
1.074307703971863077e+02 4.476717567443850498e+01 1.370761299133300781e+01 3.173129653930664062e+01
1.073734917640686319e+02 4.544686126708987217e+01 1.306513595581054688e+01 3.057199859619140625e+01
1.071096487045288370e+02 4.540790367126467686e+01 1.476444530487060547e+01 3.128244400024414062e+01
1.078652400970459269e+02 4.537561702728274327e+01 1.314881610870361328e+01 3.111505317687988281e+01
1.077637825012207315e+02 4.504533100128176670e+01 1.399844455718994141e+01 3.113763236999511719e+01
1.078234276771545694e+02 4.521824836730959873e+01 1.323926925659179688e+01 3.065820693969726562e+01
1.070570020675659464e+02 4.582000255584719639e+01 1.390973186492919922e+01 3.176875495910644531e+01
1.073912749290466593e+02 4.267459678649905186e+01 1.374313926696777344e+01 3.325085067749023438e+01
1.071548228263855265e+02 4.542816257476809483e+01 1.341552162170410156e+01 3.094616508483886719e+01
1.069043841361999796e+02 4.522084426879885655e+01 1.406026649475097656e+01 3.115090179443359375e+01
1.072662205696106241e+02 4.508538436889651280e+01 1.384010314941406250e+01 3.264715576171875000e+01
1.071722087860107706e+02 4.382392501831057530e+01 1.298133563995361328e+01 3.323972320556640625e+01
1.065665092468262003e+02 4.565530586242678623e+01 1.351426029205322266e+01 3.091576004028320312e+01
1.070211949348449991e+02 4.542611503601077061e+01 1.500704193115234375e+01 3.108118820190429688e+01
1.070262608528137491e+02 4.519092178344729405e+01 1.368026733398437500e+01 3.272249603271484375e+01
1.071294884681701944e+02 4.430080795288088780e+01 1.509434127807617188e+01 3.149095916748046875e+01
1.069741382598877237e+02 4.457421493530276280e+01 1.322502613067626953e+01 3.224897003173828125e+01
1.068974218368530558e+02 4.523485469818118077e+01 1.414280986785888672e+01 3.073504829406738281e+01
1.076865630149841593e+02 4.498607635498049717e+01 1.357913017272949219e+01 3.246450805664062500e+01
1.074103679656982706e+02 4.515789318084719639e+01 1.507207202911376953e+01 3.079502296447753906e+01
1.075517082214355753e+02 4.479466438293459873e+01 1.337454319000244141e+01 3.310721969604492188e+01
1.077143087387085245e+02 4.580312347412112217e+01 1.331248760223388672e+01 3.070925903320312500e+01
1.076823792457580851e+02 4.538979053497317295e+01 1.381592941284179688e+01 3.163783836364746094e+01
1.076306509971618937e+02 4.399093341827395420e+01 1.448513603210449219e+01 3.163617515563964844e+01
1.073425717353821085e+02 4.464119148254397373e+01 1.377046966552734375e+01 3.207677078247070312e+01
1.075340576171875284e+02 4.490478515625002842e+01 1.349949741363525391e+01 3.178531646728515625e+01
1.076323223114013956e+02 4.508557701110842686e+01 1.430041217803955078e+01 3.115130996704101562e+01
1.075686054229736612e+02 4.471420288085940342e+01 1.341814899444580078e+01 3.253607177734375000e+01
1.073874773979187296e+02 4.591816234588625889e+01 1.290196418762207031e+01 3.042070198059082031e+01
1.070721507072449015e+02 4.524823951721194248e+01 1.370097541809082031e+01 3.327022171020507812e+01
1.073915905952453897e+02 4.515305519104006748e+01 1.580022430419921875e+01 3.201965713500976562e+01
1.076658439636230753e+02 4.374617958068850498e+01 1.209046268463134766e+01 3.325888442993164062e+01
1.071238732337951944e+02 4.551542854309084873e+01 1.421891403198242188e+01 3.127874374389648438e+01
1.075966062545776651e+02 4.547558116912844639e+01 1.347645092010498047e+01 3.141969490051269531e+01
1.075213937759399698e+02 4.562964248657229405e+01 1.345838069915771484e+01 2.992624664306640625e+01
1.073229017257690714e+02 4.614871406555178623e+01 1.320738506317138672e+01 3.108314132690429688e+01
1.074423613548279093e+02 4.501646423339846592e+01 1.515955924987792969e+01 3.056128692626953125e+01
1.075311288833618448e+02 4.503856658935549717e+01 1.288858699798583984e+01 3.286708831787109375e+01
1.076391482353210733e+02 4.460150146484377842e+01 1.510612678527832031e+01 3.209796905517578125e+01
1.073789896965027140e+02 4.230218696594241123e+01 1.287533760070800781e+01 3.436790084838867188e+01
1.067245602607727335e+02 4.599773216247561436e+01 1.422202301025390625e+01 3.121455001831054688e+01
1.073091731071472452e+02 4.436952400207522373e+01 1.386944770812988281e+01 3.177676010131835938e+01
1.075090050697326944e+02 4.496194934844973545e+01 1.277537155151367188e+01 3.070363426208496094e+01
1.072591829299927042e+02 4.568166065216067295e+01 1.346949672698974609e+01 3.018110466003417969e+01
1.077957329750061319e+02 4.557906627655032139e+01 1.378436660766601562e+01 3.017496681213378906e+01
1.072843503952026651e+02 4.410606575012209873e+01 1.355998516082763672e+01 3.258369827270507812e+01
1.072697062492370890e+02 4.600752353668215733e+01 1.315773200988769531e+01 3.017296409606933594e+01
1.073173179626465128e+02 4.471629428863528233e+01 1.405454349517822266e+01 3.112495231628417969e+01
1.075046615600586222e+02 4.532053947448733311e+01 1.265203189849853516e+01 3.038711929321289062e+01
1.072848124504089640e+02 4.644775485992434483e+01 1.543807411193847656e+01 3.013987541198730469e+01
1.076901946067810343e+02 4.515660285949709873e+01 1.318001365661621094e+01 3.135772323608398438e+01
1.078464608192444132e+02 4.441343307495120030e+01 1.378383255004882812e+01 3.129410552978515625e+01
1.076297097206116007e+02 4.518311882019045811e+01 1.258413314819335938e+01 3.204701614379882812e+01
1.075524158477783487e+02 4.566581249237063389e+01 1.438825702667236328e+01 3.125811958312988281e+01
1.078798480033874796e+02 4.465127754211428623e+01 1.287502479553222656e+01 3.165356063842773438e+01
1.072468237876892374e+02 4.610925006866457920e+01 1.345027732849121094e+01 3.068383598327636719e+01
1.074685792922973917e+02 4.452994537353518467e+01 1.375455379486083984e+01 3.127799224853515625e+01
1.077397146224975870e+02 4.563339710235598545e+01 1.289274120330810547e+01 2.997556114196777344e+01
1.073517065048218058e+02 4.514739513397219639e+01 1.346350383758544922e+01 3.109430885314941406e+01
1.071978077888489054e+02 4.507940483093264561e+01 1.322162628173828125e+01 3.213912582397460938e+01
1.073633027076721476e+02 4.498678016662600498e+01 1.369297409057617188e+01 3.090150833129882812e+01
1.074520020484924601e+02 4.424071121215823155e+01 1.343577957153320312e+01 3.238648986816406250e+01
1.072384991645813272e+02 4.457925701141360264e+01 1.383785247802734375e+01 3.154785346984863281e+01
1.073221006393432901e+02 4.463183975219729405e+01 1.274040508270263672e+01 3.150579833984375000e+01
1.074878597259521769e+02 4.500559806823733311e+01 1.365791797637939453e+01 3.084292221069335938e+01
1.074317946434021280e+02 4.532833671569827061e+01 1.290090751647949219e+01 3.212858200073242188e+01
1.073102803230285929e+02 4.526255035400393467e+01 1.377566528320312500e+01 3.118599700927734375e+01
1.075560336112976358e+02 4.389141559600832920e+01 1.417336463928222656e+01 3.195523643493652344e+01
1.075013012886047647e+02 4.523611736297610264e+01 1.324909973144531250e+01 3.150142860412597656e+01
1.073407273292541788e+02 4.388150024414065342e+01 1.368204879760742188e+01 3.232180786132812500e+01
1.075120329856872843e+02 4.571948242187502842e+01 1.334561729431152344e+01 2.994959259033203125e+01
1.075180339813232706e+02 4.396772384643557530e+01 1.402301502227783203e+01 3.212316894531250000e+01
1.077136116027832315e+02 4.450300502777102452e+01 1.288793277740478516e+01 3.076212501525878906e+01
1.075000925064087198e+02 4.515762329101565342e+01 1.342001247406005859e+01 3.079878234863281250e+01
1.077621564865112589e+02 4.424677562713625889e+01 1.345268535614013672e+01 3.099143409729003906e+01
1.073295979499817179e+02 4.557514858245852452e+01 1.321911621093750000e+01 3.148077583312988281e+01
1.073827719688415812e+02 4.573353385925295811e+01 1.365280723571777344e+01 3.057159805297851562e+01
1.072485303878784464e+02 4.522177982330325108e+01 1.348227214813232422e+01 3.088576316833496094e+01
1.077628030776977823e+02 4.518584156036379795e+01 1.396697902679443359e+01 3.101126670837402344e+01
1.078531875610351847e+02 4.555770492553713780e+01 1.302279758453369141e+01 3.089092254638671875e+01
1.073164091110229776e+02 4.427830982208254795e+01 1.357296276092529297e+01 3.080505943298339844e+01
1.069376125335693644e+02 4.550121212005618077e+01 1.376050281524658203e+01 3.083940315246582031e+01
1.069329819679260538e+02 4.560587406158450108e+01 1.417036819458007812e+01 3.089842033386230469e+01
1.071810550689697550e+02 4.503078937530520420e+01 1.352341938018798828e+01 3.056500816345214844e+01
1.070631875991821573e+02 4.529045104980471592e+01 1.396017360687255859e+01 3.078215026855468750e+01
1.072129683494568155e+02 4.470618629455569248e+01 1.432228660583496094e+01 3.096815109252929688e+01
1.074302024841308878e+02 4.620001411437991123e+01 1.351315402984619141e+01 2.985908889770507812e+01
1.071495146751404093e+02 4.307854652404787998e+01 1.353926658630371094e+01 3.207600021362304688e+01
1.078220744132995890e+02 4.480254554748537998e+01 1.347556495666503906e+01 3.041160202026367188e+01
1.071603760719299601e+02 4.464712142944338780e+01 1.307733535766601562e+01 3.279289245605468750e+01
1.069522495269775675e+02 4.427864646911623936e+01 1.437936115264892578e+01 3.214534378051757812e+01
1.074072442054748819e+02 4.636818599700930577e+01 1.303817367553710938e+01 3.036523628234863281e+01
1.073358149528503702e+02 4.500702476501467686e+01 1.503381538391113281e+01 3.089287185668945312e+01
1.072745704650879190e+02 4.483001136779787998e+01 1.360559940338134766e+01 3.291434097290039062e+01
1.072742414474487589e+02 4.517971038818362217e+01 1.426475048065185547e+01 3.183526611328125000e+01
1.074295630455017374e+02 4.416964530944827061e+01 1.352034568786621094e+01 3.226768875122070312e+01
1.071165270805359171e+02 4.435664176940920811e+01 1.341789436340332031e+01 3.188817977905273438e+01
1.070552854537964151e+02 4.517940998077395420e+01 1.354034709930419922e+01 3.041833305358886719e+01
1.071240539550781534e+02 4.544587612152102452e+01 1.347029209136962891e+01 3.054586219787597656e+01
1.072027039527893351e+02 4.483434009552004795e+01 1.369536209106445312e+01 3.135734367370605469e+01
1.071546802520752237e+02 4.494875240325930577e+01 1.467737293243408203e+01 3.016102027893066406e+01
1.074946517944336222e+02 4.615102481842043858e+01 1.370002079010009766e+01 3.014640617370605469e+01
1.076459126472473429e+02 4.518362426757815342e+01 1.361521911621093750e+01 3.185400390625000000e+01
1.073344140052795694e+02 4.472656726837161045e+01 1.545162582397460938e+01 3.164385795593261719e+01
1.056172766685486124e+02 4.442203044891360264e+01 1.693993949890136719e+01 2.888717079162597656e+01
1.069240107536316202e+02 4.410113906860354405e+01 1.264467811584472656e+01 3.222150421142578125e+01
1.069364347457886026e+02 4.531341648101809483e+01 1.377792644500732422e+01 3.052911186218261719e+01
1.074983954429626749e+02 4.450772762298586827e+01 1.344156455993652344e+01 3.131314277648925781e+01
1.046186623573303507e+02 4.152393054962161045e+01 1.876046371459960938e+01 3.036582756042480469e+01
1.041431155204773233e+02 4.467537689208987217e+01 1.983063697814941406e+01 2.850629425048828125e+01
1.060333504676819132e+02 4.378002643585207920e+01 1.356279373168945312e+01 3.075851249694824219e+01
1.046107907295227335e+02 4.337958717346194248e+01 1.716860961914062500e+01 2.866431808471679688e+01
1.486202321052551554e+02 3.978938102722170811e+01 1.764516448974609375e+01 3.929405593872070312e+01
1.483667197227478312e+02 3.925478553771975498e+01 1.744895744323730469e+01 4.018352890014648438e+01
1.474507765769958780e+02 3.824570846557620030e+01 1.623763084411621094e+01 4.048592376708984375e+01
1.476467108726501749e+02 3.677917480468752842e+01 1.542707633972167969e+01 4.165589141845703125e+01
1.466404414176941202e+02 3.881268692016604405e+01 1.456118202209472656e+01 3.914799499511718750e+01
1.453664855957031534e+02 3.978850364685061436e+01 1.409298038482666016e+01 3.921261215209960938e+01
1.458266329765320108e+02 3.939446640014651990e+01 1.318258094787597656e+01 3.943778228759764914e+01
1.436364889144897745e+02 3.889653587341311436e+01 1.298186016082763672e+01 3.845494461059570312e+01
1.423249874114990519e+02 3.921950721740725498e+01 1.416399097442626953e+01 4.036710739135742188e+01
1.416660847663879679e+02 3.985880088806155186e+01 1.423904418945312500e+01 3.773489761352539062e+01
1.396930222511291788e+02 3.935985183715823155e+01 1.428478622436523438e+01 3.879305267333984375e+01
1.383269357681274698e+02 3.960692596435550428e+01 1.553233242034912109e+01 3.787574768066405539e+01
1.371932272911072062e+02 3.960819625854495030e+01 1.619128227233886719e+01 3.719996643066406250e+01
1.363551425933838175e+02 4.018980407714846592e+01 1.525472736358642578e+01 3.699686431884765625e+01
1.354156851768493937e+02 4.035203361511233311e+01 1.543786430358886719e+01 3.692520523071289062e+01
1.345699229240417765e+02 3.945089149475100498e+01 1.510575294494628906e+01 3.774642562866210938e+01
1.341643652915954874e+02 3.929840660095217686e+01 1.427656364440917969e+01 3.849113845825195312e+01
1.337388153076172159e+02 3.881165122985843396e+01 1.347803592681884766e+01 3.723801040649413352e+01
1.319774584770202921e+02 3.770250701904299717e+01 1.342623329162597656e+01 3.942156982421875000e+01
1.069796752929687784e+02 4.505983543395998936e+01 1.224729251861572266e+01 3.307474899291992188e+01
1.069263362884521769e+02 4.429298019409182530e+01 1.410474109649658203e+01 3.158250427246093750e+01
1.071979756355285929e+02 4.525337600708010655e+01 1.351182556152343750e+01 3.076321411132812500e+01
1.263861079216003702e+02 3.686093521118166905e+01 1.449727058410644531e+01 3.891886901855468750e+01
1.253853592872619913e+02 3.766186141967776280e+01 1.487853622436523438e+01 3.843643188476562500e+01
1.230041708946228312e+02 3.795186996459963780e+01 1.586535453796386719e+01 3.777627563476562500e+01
1.222767767906189249e+02 4.161179351806643467e+01 1.694383049011230469e+01 3.498278808593750000e+01
1.222739133834839151e+02 3.804456138610842686e+01 1.561835002899169922e+01 3.801121902465820312e+01
1.210291447639465616e+02 3.795171737670901280e+01 1.622771453857421875e+01 3.806509399414062500e+01
1.196592879295349405e+02 3.779081726074221592e+01 1.582664299011230469e+01 3.888414764404296875e+01
1.187939200401306437e+02 3.590061187744143467e+01 1.554997825622558594e+01 4.049556732177734375e+01
1.177956299781799601e+02 4.018620872497561436e+01 1.440984725952148438e+01 3.621870040893554688e+01
1.168287224769592569e+02 3.577676010131838780e+01 1.381179428100585938e+01 4.008367919921875000e+01
1.067863192558288858e+02 4.215344619750980115e+01 1.482961463928222656e+01 3.437422180175780539e+01
1.066048092842102335e+02 4.000421905517580967e+01 1.661885833740234375e+01 3.632921600341796875e+01
1.070321888923645304e+02 3.854093360900881748e+01 1.679653167724609375e+01 3.774000930786132812e+01
1.102966971397400187e+02 3.505252075195315342e+01 1.725811576843261719e+01 4.294793701171875000e+01
1.088063130378723429e+02 3.519710922241213780e+01 1.847373199462890625e+01 4.248783111572265625e+01
1.078320994377136515e+02 3.682937431335452061e+01 1.824643898010253906e+01 4.144821548461914062e+01
1.076102890968323038e+02 3.682403755187991123e+01 1.731820297241210938e+01 3.911892318725585938e+01
1.073798289299011515e+02 3.633112144470217686e+01 1.681104469299316406e+01 4.112396621704101562e+01
1.063845620155334757e+02 3.469209098815920811e+01 1.684872817993164062e+01 4.389497756958007812e+01
1.056224713325500772e+02 3.452067565917971592e+01 1.648158264160156250e+01 4.337251281738281250e+01
1.043986725807190226e+02 3.390088272094729405e+01 1.620640182495117188e+01 4.578510284423828125e+01
1.043393139839172647e+02 3.453571319580080967e+01 1.694494628906250000e+01 4.471342468261718750e+01
1.034976372718811319e+02 3.384249687194827061e+01 1.740298843383789062e+01 4.307225418090820312e+01
1.033398089408874796e+02 3.180967903137209873e+01 1.786886787414550781e+01 4.352907943725585938e+01
1.023094735145569132e+02 3.991944885253909092e+01 1.589917373657226562e+01 3.542807006835937500e+01
1.025284628868103312e+02 3.913961791992190342e+01 1.681918907165527344e+01 3.782939147949218750e+01
1.016277890205383585e+02 3.778045845031741123e+01 1.830210876464843750e+01 3.726891708374023438e+01
9.606256055831912022e+01 3.510320663452151280e+01 1.780815315246582031e+01 3.842337036132812500e+01
9.462078046798708897e+01 3.388949394226077061e+01 2.026933479309082031e+01 3.966852951049804688e+01
9.282748651504519444e+01 3.460325050354006748e+01 1.841421127319335938e+01 3.806760025024414062e+01
9.258270692825320225e+01 3.424762535095217686e+01 1.758643341064453125e+01 3.904610824584960938e+01
9.240192651748660069e+01 3.792545318603518467e+01 1.693810653686523438e+01 3.465709686279296875e+01
9.177702283859255772e+01 3.716918945312502842e+01 1.538996315002441406e+01 3.592293548583984375e+01
9.167432737350466709e+01 3.791581726074222303e+01 1.471675300598144531e+01 3.459393310546874289e+01
9.047814369201662998e+01 3.752658462524416905e+01 1.391157245635986328e+01 3.433984375000000000e+01
9.092690229415896397e+01 3.560022544860842686e+01 1.311893653869628906e+01 3.613546371459960938e+01
8.970939397811892491e+01 3.669062042236330967e+01 1.210665702819824219e+01 3.561011505126953125e+01
8.902748107910159092e+01 3.781240463256838780e+01 1.130133914947509766e+01 3.439269256591796875e+01
8.633720302581789952e+01 4.023443508148196202e+01 1.464134502410888672e+01 3.157959938049316406e+01
1.071377758979797647e+02 4.301917266845705967e+01 1.247536468505859375e+01 3.210475921630859375e+01
1.072604970932007120e+02 4.563830184936526280e+01 1.323826122283935547e+01 2.881259918212890625e+01
8.206544589996340733e+01 3.917212295532229405e+01 1.355424022674560547e+01 3.260654449462890625e+01
8.140769100189211827e+01 3.975616645812991123e+01 1.432495021820068359e+01 3.264046096801757812e+01
8.030684375762942295e+01 3.975338745117190342e+01 1.461992931365966797e+01 3.217825317382812500e+01
7.984718894958498936e+01 3.990558433532717686e+01 1.388806247711181641e+01 3.207545089721679688e+01
7.765822172164919834e+01 3.885683441162112217e+01 1.484506797790527344e+01 3.301059722900390625e+01
7.735305213928225498e+01 3.664917373657229405e+01 1.370580387115478516e+01 3.562966156005859375e+01
7.658791208267214756e+01 3.611840820312502842e+01 1.373358154296875000e+01 3.628593444824218750e+01
7.735824775695803623e+01 3.772445869445803623e+01 1.325322055816650391e+01 3.463405990600585938e+01
7.580269479751589756e+01 3.873312568664553623e+01 1.377503967285156250e+01 3.377253341674804688e+01
7.431297397613528233e+01 3.446113395690920811e+01 1.326725292205810547e+01 3.656885147094726562e+01
7.405674028396609287e+01 3.244281196594241123e+01 1.310215377807617188e+01 3.890684890747070312e+01
7.249405956268313389e+01 3.259211730957034092e+01 1.239014339447021484e+01 3.897701263427734375e+01
7.110140800476077061e+01 3.299088668823245030e+01 1.238800907135009766e+01 3.684072875976562500e+01
6.923566389083865147e+01 3.292467308044436436e+01 1.416059684753417969e+01 3.731857681274414062e+01
6.838404178619387608e+01 3.280507850646975498e+01 1.451801586151123047e+01 3.768229293823242188e+01
6.802833461761477452e+01 3.281568908691409092e+01 1.418307399749755859e+01 3.885549926757812500e+01
6.764641380310061436e+01 3.262475967407230115e+01 1.334251499176025391e+01 3.735056304931639914e+01
6.702259254455569248e+01 3.283198928833010655e+01 1.294400119781494141e+01 3.547547912597656250e+01
6.662008571624758702e+01 3.188853454589846592e+01 1.229067134857177734e+01 3.541847991943359375e+01
6.513578748703005772e+01 3.193214988708498936e+01 1.281298637390136719e+01 3.662163162231445312e+01
6.384300518035891514e+01 3.145930480957034092e+01 1.224972438812255859e+01 3.620452117919921875e+01
6.212420940399172764e+01 3.133903694152834873e+01 1.309979152679443359e+01 3.574441909790039062e+01
6.085102272033694248e+01 3.091308212280276280e+01 1.396096134185791016e+01 3.598059844970703125e+01
6.073872804641726475e+01 3.152884674072268467e+01 1.329819869995117188e+01 3.568872833251953125e+01
5.920942783355715733e+01 3.133865356445315342e+01 1.395527935028076172e+01 3.484397888183593750e+01
5.845013475418093662e+01 3.158714675903323155e+01 1.369451522827148438e+01 3.559505462646484375e+01
5.747548675537112217e+01 3.113356208801272373e+01 1.441364002227783203e+01 3.550355911254882812e+01
5.625477504730227452e+01 3.119679641723635655e+01 1.475843715667724609e+01 3.566557312011718750e+01
5.539470243453982334e+01 3.053622817993166905e+01 1.511570549011230469e+01 3.575171661376953125e+01
5.483413457870486241e+01 3.016374588012698155e+01 1.510299110412597656e+01 3.613346862792968750e+01
5.368333053588870030e+01 2.982282829284670811e+01 1.478184986114501953e+01 3.478666305541992188e+01
5.465080356597903233e+01 3.033584403991702061e+01 1.233494091033935547e+01 3.489523696899414062e+01
5.301070547103884678e+01 2.957997512817385655e+01 1.254360389709472656e+01 3.517870330810546875e+01
5.274095773696902256e+01 2.949495887756350498e+01 1.248624420166015625e+01 3.582091903686523438e+01
5.144185686111453037e+01 2.947463417053225498e+01 1.259218215942382812e+01 3.661616134643554688e+01
5.020263051986697178e+01 2.806404304504397373e+01 1.255697822570800781e+01 3.568716812133789062e+01
5.074768304824831944e+01 2.841290855407717686e+01 1.179791259765625000e+01 3.698436355590820312e+01
4.805930042266848545e+01 2.734869194030764561e+01 1.373034954071044922e+01 3.807906723022460938e+01
4.775595045089724522e+01 2.838078308105471592e+01 1.386421012878417969e+01 3.644380950927734375e+01
4.516766023635867100e+01 2.802376747131350498e+01 1.581769180297851562e+01 3.678539657592773438e+01
4.391740798950198155e+01 2.888832283020022373e+01 1.563586139678955078e+01 3.579940414428710938e+01
4.392141342163088780e+01 2.897829627990725498e+01 1.461633014678955078e+01 3.570692825317382812e+01
4.322277927398684483e+01 2.859691047668459873e+01 1.445862102508544922e+01 3.584009170532226562e+01
4.323454761505129795e+01 2.761317253112795811e+01 1.350178050994873047e+01 3.636002731323242188e+01
4.327488183975222569e+01 2.815130805969241123e+01 1.233791351318359375e+01 3.674701309204101562e+01
4.198516464233401280e+01 2.390649986267092686e+01 1.262022113800048828e+01 3.977389907836914062e+01
4.162387561798098545e+01 2.774798583984377842e+01 1.128180980682373047e+01 3.638634490966796875e+01
4.032715845108035069e+01 2.727456474304202061e+01 1.170452880859375000e+01 3.629547500610351562e+01
3.951312160491946202e+01 2.770228004455569248e+01 1.215346431732177734e+01 3.634649276733398438e+01
3.762660074234011631e+01 2.679222488403323155e+01 1.190516662597656250e+01 3.676438140869140625e+01
3.701073265075686436e+01 2.674591445922854405e+01 1.288759708404541016e+01 3.570571136474609375e+01
3.641144323349001866e+01 2.721140670776370030e+01 1.346523475646972656e+01 3.492585754394531250e+01
3.362940120697024327e+01 2.768056869506838780e+01 1.471447658538818359e+01 3.405762481689453125e+01
3.309725809097292881e+01 2.702170753479006748e+01 1.508790588378906250e+01 3.618313980102539062e+01
3.333596134185793858e+01 2.732563018798830967e+01 1.460718059539794922e+01 3.533664703369140625e+01
3.110272073745730381e+01 2.685141181945803623e+01 1.564694213867187500e+01 3.642471694946289062e+01
3.074642610549929600e+01 2.629594993591311436e+01 1.555940628051757812e+01 3.690073776245117188e+01
3.007619714736941319e+01 2.593798828125002842e+01 1.504502105712890625e+01 3.713002014160156250e+01
3.031750774383547764e+01 2.581144905090334873e+01 1.486435604095458984e+01 3.708343887329101562e+01
2.989753341674808240e+01 2.616273689270023084e+01 1.419403553009033203e+01 3.646806716918945312e+01
2.952442169189456678e+01 2.604774475097659803e+01 1.347366046905517578e+01 3.593054962158203125e+01
2.861487960815433240e+01 2.398303985595706678e+01 1.335503101348876953e+01 3.760929107666015625e+01
2.868611335754398084e+01 2.564463424682620740e+01 1.268069553375244141e+01 3.587057495117187500e+01
2.744521856307986951e+01 2.474315452575687146e+01 1.309875679016113281e+01 3.686547470092773438e+01
2.802527332305911756e+01 2.550009346008304334e+01 1.250500011444091797e+01 3.635675430297851562e+01
2.706707763671878553e+01 2.506906318664554334e+01 1.281365680694580078e+01 3.652671432495117188e+01
2.662708997726443982e+01 2.537617492675784803e+01 1.287496757507324219e+01 3.596134185791015625e+01
2.565192556381229139e+01 2.518349838256839490e+01 1.353811073303222656e+01 3.661071014404296875e+01
2.493668317794803357e+01 2.663668823242191053e+01 1.410999107360839844e+01 3.508702850341796875e+01
2.430271863937381482e+01 2.600520896911624646e+01 1.370346641540527344e+01 3.563381576538085938e+01
2.331260156631473279e+01 2.685784721374515271e+01 1.370001220703125000e+01 3.469419479370117188e+01
2.366570949554446912e+01 2.842056465148929334e+01 1.307421016693115234e+01 3.324098587036132812e+01
2.223728084564212537e+01 2.844974136352542615e+01 1.310584926605224609e+01 3.236808013916015625e+01
2.258036613464359021e+01 2.900349903106693006e+01 1.382578372955322266e+01 3.141052818298339844e+01
2.206114721298221326e+01 3.001075458526614881e+01 1.270479011535644531e+01 3.028189659118652344e+01
2.182902383804324842e+01 2.946065235137943006e+01 1.254953765869140625e+01 3.019520378112792969e+01
2.190861320495609021e+01 3.061448097229007459e+01 1.205140018463134766e+01 2.879663467407226562e+01
2.170649671554568272e+01 3.207015609741213780e+01 1.159374046325683594e+01 2.765146636962890625e+01
2.158420419692996006e+01 2.691547775268557530e+01 1.302465057373046875e+01 3.334632110595703125e+01
2.170200157165530186e+01 2.539947319030764561e+01 1.366970157623291016e+01 3.480761337280273438e+01
2.099589109420779209e+01 2.325863075256350498e+01 1.456481742858886719e+01 3.692831802368164062e+01
2.144902467727663975e+01 3.035847091674807530e+01 1.229802322387695312e+01 2.951023864746093750e+01
2.102944660186770420e+01 3.371232986450198155e+01 1.172871685028076172e+01 2.604039001464843750e+01
2.110827350616457920e+01 3.534172344207766514e+01 1.168756389617919922e+01 2.377804756164550781e+01
2.116964673995974522e+01 3.611932086944582920e+01 1.202586174011230469e+01 2.344560050964355469e+01
2.184638118743899327e+01 3.467602539062502842e+01 1.205921077728271484e+01 2.397860717773437500e+01
2.178510665893557530e+01 3.143186283111575108e+01 1.283314990997314453e+01 2.783218193054199219e+01
2.163920593261721592e+01 3.125499916076662998e+01 1.301889514923095703e+01 2.837737655639648438e+01
2.277250385284426670e+01 2.278322601318362217e+01 1.407367992401123047e+01 3.735174560546875000e+01
2.325067615509036045e+01 2.421796417236330967e+01 1.418529796600341797e+01 3.619488525390625000e+01
2.345489358901980381e+01 2.824538230895998936e+01 1.344941711425781250e+01 3.244417190551757812e+01
2.352423334121706944e+01 2.578012275695803623e+01 1.367916870117187500e+01 3.498463821411132812e+01
2.471834564208987217e+01 2.576551437377932530e+01 1.358593463897705078e+01 3.488595581054687500e+01
2.485953378677371006e+01 2.602197265625002842e+01 1.330844116210937500e+01 3.455442810058593750e+01
2.449432945251467686e+01 2.591602134704592686e+01 1.381907749176025391e+01 3.524629592895507812e+01
2.615168857574465733e+01 2.521931457519534092e+01 1.268039989471435547e+01 3.546990203857421875e+01
2.712036705017092686e+01 2.577399444580080967e+01 1.226259708404541016e+01 3.506411743164062500e+01
2.806690025329592686e+01 2.566149139404299717e+01 1.191942691802978516e+01 3.529162597656250000e+01
2.789446258544924717e+01 2.576738929748537998e+01 1.184169483184814453e+01 3.460152053833007812e+01
2.888354349136355381e+01 2.606270790100100498e+01 1.118596649169921875e+01 3.474227523803710938e+01
2.906782245635989170e+01 2.589083290100100498e+01 1.206206798553466797e+01 3.557246780395507812e+01
2.980210781097414952e+01 2.577527427673342686e+01 1.192490291595458984e+01 3.512123489379882812e+01
3.023239994049075108e+01 2.681344985961916905e+01 1.218050670623779297e+01 3.436138916015625000e+01
2.964705514907839756e+01 2.690027236938479405e+01 1.335091400146484375e+01 3.553766632080078125e+01
2.995184421539309483e+01 2.662924575805666905e+01 1.358231639862060547e+01 3.549670410156250000e+01
3.029777002334597569e+01 2.730846786499026280e+01 1.345537567138671875e+01 3.460988616943359375e+01
3.105140256881716709e+01 2.685535430908205967e+01 1.375055503845214844e+01 3.458514404296875000e+01
3.199637174606326084e+01 2.697176361083987217e+01 1.406001853942871094e+01 3.533951568603515625e+01
3.306680440902712803e+01 2.683139038085940342e+01 1.346756172180175781e+01 3.503238677978515625e+01
3.489048194885256748e+01 2.716451835632327061e+01 1.295321750640869141e+01 3.516656112670898438e+01
3.595938444137576084e+01 2.739067649841311436e+01 1.210228538513183594e+01 3.515272903442382812e+01
3.747934770584109287e+01 2.719188117980959873e+01 1.136931228637695312e+01 3.590932846069335938e+01
3.827609729766848545e+01 2.748306274414065342e+01 1.132033824920654297e+01 3.581594848632812500e+01
3.984293556213381748e+01 2.725901985168459873e+01 1.058836460113525391e+01 3.589641189575195312e+01
3.985932826995852452e+01 2.705715560913088780e+01 1.109612178802490234e+01 3.601339721679687500e+01
4.041380453109744053e+01 2.700686264038088780e+01 1.169111061096191406e+01 3.616574096679687500e+01
4.042396783828738194e+01 2.722665214538577061e+01 1.207547760009765625e+01 3.519891738891601562e+01
4.130963230133059483e+01 2.746555709838870030e+01 1.275481700897216797e+01 3.588476562500000000e+01
4.156297492980959873e+01 2.822977066040041905e+01 1.307112979888916016e+01 3.542881774902343750e+01
4.204318952560427647e+01 2.808808898925784092e+01 1.322613334655761719e+01 3.620589447021484375e+01
4.265852785110476475e+01 2.883073234558108311e+01 1.290154647827148438e+01 3.624898910522460938e+01
4.384635114669802647e+01 2.903481292724612217e+01 1.230481529235839844e+01 3.699433898925781250e+01
4.630912494659426670e+01 2.775807762145998936e+01 1.186466503143310547e+01 3.789789962768554688e+01
4.718757772445681553e+01 2.852233314514162998e+01 1.116858863830566406e+01 3.793471145629882812e+01
4.836369419097903233e+01 2.723885154724123936e+01 1.119085216522216797e+01 3.871419143676757812e+01
4.943908309936526280e+01 2.759205055236819248e+01 1.112461566925048828e+01 3.841833114624023438e+01
4.968912982940676670e+01 2.666900444030764561e+01 1.169343090057373047e+01 3.894324874877929688e+01
5.031258153915408116e+01 2.661683082580569248e+01 1.180622291564941406e+01 3.785715866088867188e+01
5.115357637405398350e+01 2.709927558898928623e+01 1.200149154663085938e+01 3.654097366333007812e+01
5.099352693557742100e+01 2.871411323547366123e+01 1.245917892456054688e+01 3.595541000366210938e+01
5.125544118881228428e+01 2.864607810974123936e+01 1.369101905822753906e+01 3.715344619750976562e+01
5.098014402389529209e+01 2.893626403808596592e+01 1.471677970886230469e+01 3.546432495117187500e+01
5.165333509445193272e+01 3.000181198120120030e+01 1.587469291687011719e+01 3.622159576416015625e+01
5.205276441574099522e+01 3.007867813110354405e+01 1.597617912292480469e+01 3.575563049316406250e+01
5.338855886459353428e+01 3.047775840759280186e+01 1.638039588928222656e+01 3.531341171264648438e+01
5.594804048538210850e+01 3.052647209167483311e+01 1.432602310180664062e+01 3.549921798706054688e+01
5.713857412338259678e+01 3.017314147949221592e+01 1.314641761779785156e+01 3.636308288574218750e+01
5.929776000976565342e+01 3.120834350585940342e+01 1.237084674835205078e+01 3.673960113525390625e+01
6.121978902816775303e+01 3.135789680480959873e+01 1.150123023986816406e+01 3.555968093872070312e+01
6.198678493499758702e+01 3.136201667785647373e+01 1.128037929534912109e+01 3.566084671020507812e+01
6.284165620803835850e+01 3.102495384216311436e+01 1.152557754516601562e+01 3.520284652709960938e+01
6.328295898437502842e+01 3.169299316406252842e+01 1.218730640411376953e+01 3.612129211425781250e+01
6.365110063552859287e+01 3.250024604797366123e+01 1.281747817993164062e+01 3.475994491577148438e+01
6.412113857269289952e+01 3.256933212280276280e+01 1.359032344818115234e+01 3.369823455810546875e+01
6.414834070205691319e+01 3.315883255004885655e+01 1.423006439208984375e+01 3.461838531494140625e+01
6.497752952575686436e+01 3.298098564147952061e+01 1.400692844390869141e+01 3.383514022827148438e+01
6.670291757583621006e+01 3.436245155334475498e+01 1.377274322509765625e+01 3.434334182739257812e+01
6.687716579437258702e+01 3.288623046875002842e+01 1.447444057464599609e+01 3.615953826904296875e+01
6.812495279312136631e+01 3.367570686340334873e+01 1.318836212158203125e+01 3.561844253540039062e+01
7.087062835693362217e+01 3.297390556335452061e+01 1.254101276397705078e+01 3.765430068969726562e+01
7.126181411743166905e+01 3.254467582702639561e+01 1.246604633331298828e+01 3.731714248657226562e+01
7.402975702285769444e+01 3.230807685852053623e+01 1.075379943847656250e+01 3.621626663208007812e+01
7.435135459899905186e+01 3.200792884826662998e+01 1.046685886383056641e+01 3.797622299194335938e+01
7.497299242019656162e+01 3.699530601501467686e+01 1.158790969848632812e+01 3.393449020385742188e+01
7.523833370208743077e+01 4.005149650573733311e+01 1.290756893157958984e+01 3.244105148315429688e+01
7.626964426040652256e+01 3.789982223510745030e+01 1.450164794921875000e+01 3.291456604003906250e+01
7.522485303878787022e+01 3.933927726745608311e+01 1.410265922546386719e+01 3.236828231811523438e+01
7.584290933609011631e+01 4.028724575042727452e+01 1.490070343017578125e+01 2.976061439514160156e+01
7.694683027267458897e+01 4.089535713195803623e+01 1.512209129333496094e+01 3.020970535278320312e+01
7.765144014358523350e+01 4.006248664855959873e+01 1.486172866821289062e+01 3.090595626831054688e+01
7.827510356903079014e+01 3.885141944885256748e+01 1.585729122161865234e+01 3.227983474731445312e+01
8.007141637802126866e+01 3.962509536743166905e+01 1.483809852600097656e+01 3.171323394775390625e+01
8.091379261016848545e+01 4.096887302398684483e+01 1.418242931365966797e+01 3.070306968688964844e+01
8.240232801437380772e+01 3.789231872558596592e+01 1.287926292419433594e+01 3.348207092285156250e+01
8.430398321151736241e+01 3.645037841796877842e+01 1.293599891662597656e+01 3.361759185791015625e+01
8.840823030471804600e+01 3.666098976135256748e+01 1.154107284545898438e+01 3.439139175415039062e+01
8.926828145980837803e+01 3.550400733947756748e+01 1.133310127258300781e+01 3.431892013549804688e+01
8.950137472152712803e+01 3.799980735778811436e+01 1.250723457336425781e+01 3.343928909301757812e+01
8.988406133651736241e+01 3.800094032287600498e+01 1.345228767395019531e+01 3.312659072875976562e+01
8.885772132873537998e+01 3.444733047485354405e+01 1.535896396636962891e+01 3.791741180419921875e+01
8.936448049545290928e+01 3.809115028381350498e+01 1.665324592590332031e+01 3.401965713500976562e+01
9.165838909149172764e+01 3.894464683532717686e+01 1.469093227386474609e+01 3.282957077026367188e+01
9.119541883468630772e+01 3.620206832885745030e+01 1.712505912780761719e+01 3.571797943115234375e+01
9.233846616744997959e+01 3.840850448608401280e+01 1.672804832458496094e+01 3.528211212158203125e+01
9.454563140869143467e+01 3.926581573486330967e+01 1.524177265167236328e+01 3.401292419433593750e+01
9.691847276687624912e+01 3.364679336547854405e+01 1.677634811401367188e+01 4.078693389892578125e+01
9.720866918563845616e+01 3.532730865478518467e+01 1.686105537414550781e+01 3.859648132324218750e+01
9.993362903594973545e+01 3.704597854614260655e+01 1.498919963836669922e+01 3.731517791748046875e+01
1.024149370193481730e+02 3.801560211181643467e+01 1.573134899139404297e+01 3.747354888916015625e+01
1.024462151527405069e+02 3.702286911010745030e+01 1.841914367675781250e+01 4.155203247070312500e+01
1.025430073738098429e+02 4.056348419189455967e+01 1.642526626586914062e+01 3.516016387939453125e+01
1.037041668891907022e+02 3.423455810546877842e+01 1.739688491821289062e+01 4.121270751953125000e+01
1.038592038154602335e+02 3.449658775329592686e+01 1.689651870727539062e+01 4.282603836059570312e+01
1.040505385398865030e+02 3.610283088684084873e+01 1.763393592834472656e+01 4.102798080444335938e+01
1.052480759620666788e+02 3.723599624633791905e+01 1.696049499511718750e+01 3.832831573486328125e+01
1.063837513923645304e+02 4.199482727050784092e+01 1.607546615600585938e+01 3.742729187011718750e+01
1.071147937774658487e+02 3.888208389282229405e+01 1.511751651763916016e+01 3.910768127441406250e+01
1.078344492912292765e+02 4.108906364440920811e+01 1.451977348327636719e+01 3.582855606079101562e+01
1.080329051017761515e+02 3.857209587097170811e+01 1.491477012634277344e+01 3.670812606811523438e+01
1.083521857261657999e+02 3.773462295532229405e+01 1.651336097717285156e+01 4.065612030029296875e+01
1.078874859809875772e+02 4.115569496154787998e+01 1.943949508666992188e+01 3.466784286499023438e+01
1.084443821907043741e+02 4.018080329895022373e+01 1.898833084106445312e+01 3.481240463256835938e+01
1.133193459510803507e+02 3.756991004943850498e+01 1.400929260253906250e+01 3.763384628295898438e+01
1.131960549354553507e+02 3.428094482421877842e+01 1.613886260986328125e+01 4.083179473876953125e+01
1.152934298515320108e+02 3.628236007690432530e+01 1.474756431579589844e+01 3.944531250000000000e+01
1.171756582260132120e+02 3.386482048034670811e+01 1.320664119720458984e+01 4.068545913696289062e+01
1.181722021102905558e+02 3.474535751342776280e+01 1.369664669036865234e+01 4.136722564697265625e+01
1.171547060012817667e+02 4.226224899291995030e+01 1.564305400848388672e+01 3.384469604492187500e+01
1.195183005332947062e+02 3.739386749267580967e+01 1.601006507873535156e+01 3.847170257568359375e+01
1.200468263626098917e+02 3.739024162292483311e+01 1.560473155975341797e+01 3.869164657592773438e+01
1.215175018310547159e+02 3.956784439086916905e+01 1.441612720489501953e+01 3.691204071044921875e+01
1.070847997665405558e+02 3.990201759338381748e+01 1.316742610931396484e+01 3.587888717651367188e+01
1.068734626770019815e+02 4.304673576354983311e+01 1.492268848419189453e+01 3.214461898803710938e+01
1.231441011428833292e+02 3.501725578308108311e+01 1.395997905731201172e+01 4.071507644653320312e+01
1.075790457725525187e+02 4.526525974273684483e+01 1.224265480041503906e+01 3.148557853698730469e+01
1.229806089401245401e+02 3.526118850708010655e+01 1.359083461761474609e+01 3.955792999267578125e+01
1.074406251907348917e+02 4.397486686706545811e+01 1.309496593475341797e+01 3.197903060913085938e+01
1.078100538253784464e+02 4.591998672485354405e+01 1.451902675628662109e+01 2.978924560546875000e+01
1.078800344467163370e+02 4.249999809265139561e+01 1.430093288421630859e+01 3.404287338256835938e+01
1.073497772216797159e+02 4.402256011962893467e+01 1.345022296905517578e+01 3.284487915039062500e+01
1.074396023750305460e+02 4.626259040832522373e+01 1.349569320678710938e+01 2.889946365356445312e+01
1.073452634811401651e+02 4.595264530181887608e+01 1.464493465423583984e+01 3.024492454528808594e+01
