2.190000000000000000e+02 8.700000000000000000e+01 3.200000000000000000e+01 1.500000000000000000e+01
2.167954177856445312e+02 8.593730163574218750e+01 3.336357879638671875e+01 1.447882843017578125e+01
2.161133594512939453e+02 8.651985263824462891e+01 3.286758041381835938e+01 1.479256248474121094e+01
2.139721260070800781e+02 8.713426494598388672e+01 3.300605773925781250e+01 1.449884986877441406e+01
2.127749252319335938e+02 8.720337343215942383e+01 3.347035980224609375e+01 1.454708003997802734e+01
2.107477111816406250e+02 8.649826717376708984e+01 3.340329742431640625e+01 1.486951637268066406e+01
2.097217082977294922e+02 8.685211229324340820e+01 3.340333175659179688e+01 1.479875850677490234e+01
2.076809043884277344e+02 8.720418071746826172e+01 3.419238281250000000e+01 1.495447731018066406e+01
2.054157409667968750e+02 8.667797517776489258e+01 3.426669311523437500e+01 1.491863155364990234e+01
2.035979938507080078e+02 8.737415981292724609e+01 3.488047409057617188e+01 1.498939704895019531e+01
2.015066566467285156e+02 8.786578273773193359e+01 3.597083282470703125e+01 1.484840583801269531e+01
2.016298561096191406e+02 8.797111797332763672e+01 3.492977905273437500e+01 1.483992195129394531e+01
1.996090869903564453e+02 8.822443008422851562e+01 3.464630508422851562e+01 1.493321228027343750e+01
1.977504062652587891e+02 8.770435237884521484e+01 3.519990921020507812e+01 1.492839241027832031e+01
1.959901771545410156e+02 8.778729438781738281e+01 3.515183258056640625e+01 1.517992019653320312e+01
1.941242866516113281e+02 8.859835767745971680e+01 3.558715820312500000e+01 1.529223728179931641e+01
1.928825302124023438e+02 8.808595752716064453e+01 3.588922119140625000e+01 1.498984336853027344e+01
1.908575344085693359e+02 8.806092214584350586e+01 3.575876998901367188e+01 1.500516986846923828e+01
1.893337802886962891e+02 8.841804981231689453e+01 3.612981796264648438e+01 1.498963737487792969e+01
1.881500759124755859e+02 8.933628034591674805e+01 3.615443038940429688e+01 1.520224857330322266e+01
1.860025730133056641e+02 8.895216751098632812e+01 3.652401351928710938e+01 1.517398834228515625e+01
1.842945728302001953e+02 8.872707557678222656e+01 3.685018539428710938e+01 1.518599319458007812e+01
1.828255081176757812e+02 8.915755701065063477e+01 3.707034301757812500e+01 1.528129863739013672e+01
1.813082866668701172e+02 8.928714036941528320e+01 3.684852218627929688e+01 1.531753444671630859e+01
1.798165969848632812e+02 8.986306524276733398e+01 3.701784515380859375e+01 1.563074970245361328e+01
1.772137908935546875e+02 8.978169059753417969e+01 3.779797363281250000e+01 1.537414169311523438e+01
1.753562393188476562e+02 9.000306034088134766e+01 3.752052307128906250e+01 1.564194297790527344e+01
1.737783374786376953e+02 9.008591461181640625e+01 3.825033950805664062e+01 1.564370727539062500e+01
1.725731391906738281e+02 9.060520648956298828e+01 3.875009155273437500e+01 1.628830528259277344e+01
1.708563194274902344e+02 9.029821395874023438e+01 3.788494110107421875e+01 1.620836639404296875e+01
1.685810031890869141e+02 9.115387153625488281e+01 3.847783279418945312e+01 1.634036636352539062e+01
1.666666126251220703e+02 9.111685657501220703e+01 3.843867111206054688e+01 1.650974845886230469e+01
1.645758666992187500e+02 9.155797767639160156e+01 3.896836853027343750e+01 1.624637222290039062e+01
1.633086147308349609e+02 9.092939758300781250e+01 3.838805007934570312e+01 1.610907745361328125e+01
1.614571323394775391e+02 9.193523120880126953e+01 3.944262313842773438e+01 1.677091789245605469e+01
1.590644073486328125e+02 9.137890720367431641e+01 3.940976715087890625e+01 1.640491294860839844e+01
1.570849342346191406e+02 9.076459312438964844e+01 3.956224822998046875e+01 1.698643875122070312e+01
1.563080234527587891e+02 9.127922916412353516e+01 3.897844314575195312e+01 1.774975395202636719e+01
1.541069107055664062e+02 9.191317749023437500e+01 3.916098022460937500e+01 1.737843322753906250e+01
1.523359394073486328e+02 9.203577423095703125e+01 3.983309555053710938e+01 1.726431274414062500e+01
1.507010841369628906e+02 9.170234584808349609e+01 4.012508392333984375e+01 1.712478828430175781e+01
1.483149833679199219e+02 9.294593334197998047e+01 3.953022766113281250e+01 1.685801124572753906e+01
1.465234165191650391e+02 9.303991317749023438e+01 4.038341903686523438e+01 1.711165618896484375e+01
1.446222114562988281e+02 9.247808456420898438e+01 3.995787811279296875e+01 1.719699859619140625e+01
1.421900749206542969e+02 9.314906597137451172e+01 4.046846771240234375e+01 1.712496376037597656e+01
1.414925041198730469e+02 9.290283393859863281e+01 4.030178070068359375e+01 1.736838912963867188e+01
1.388918437957763672e+02 9.361287593841552734e+01 4.060969924926757812e+01 1.727525520324707031e+01
1.362380180358886719e+02 9.353002738952636719e+01 4.197801971435546875e+01 1.719397354125976562e+01
1.342747383117675781e+02 9.381861305236816406e+01 4.205274200439453125e+01 1.736336898803710938e+01
1.330394878387451172e+02 9.367555332183837891e+01 4.201956558227539062e+01 1.735384941101074219e+01
1.309244174957275391e+02 9.441374111175537109e+01 4.218040084838867188e+01 1.803460884094238281e+01
1.286295700073242188e+02 9.478326225280761719e+01 4.215017700195312500e+01 1.841096878051757812e+01
1.265442123413085938e+02 9.449578094482421875e+01 4.236569213867187500e+01 1.822982788085937500e+01
1.247579116821289062e+02 9.518735885620117188e+01 4.264195251464843750e+01 1.783365631103515625e+01
1.230562934875488281e+02 9.543926715850830078e+01 4.162946319580078125e+01 1.790338706970214844e+01
1.213098449707031250e+02 9.539759922027587891e+01 4.215457153320312500e+01 1.776989555358886719e+01
1.185384788513183594e+02 9.563467216491699219e+01 4.290491485595703125e+01 1.797833633422851562e+01
1.169103317260742188e+02 9.616128635406494141e+01 4.347463989257812500e+01 1.755784416198730469e+01
1.147386646270751953e+02 9.665529346466064453e+01 4.279064559936523438e+01 1.782341575622558594e+01
1.119478836059570312e+02 9.649149227142333984e+01 4.301860046386718750e+01 1.768396186828613281e+01
1.101565246582031250e+02 9.674998188018798828e+01 4.479913330078125000e+01 1.804372215270996094e+01
1.081574535369873047e+02 9.683724498748779297e+01 4.431070327758789062e+01 1.820961952209472656e+01
1.057637310028076172e+02 9.722446346282958984e+01 4.408188247680664062e+01 1.814192390441894531e+01
1.036291885375976562e+02 9.722210311889648438e+01 4.446659851074218750e+01 1.824965667724609375e+01
1.020558700561523438e+02 9.658726596832275391e+01 4.465065002441406250e+01 1.926174736022949219e+01
9.931164360046386719e+01 9.697310733795166016e+01 4.451189041137695312e+01 1.872401237487792969e+01
9.703276252746582031e+01 9.761537933349609375e+01 4.489481735229492188e+01 1.813317871093750000e+01
9.453278732299804688e+01 9.822306823730468750e+01 4.486153411865234375e+01 1.853244018554687500e+01
9.274229812622070312e+01 9.865690612792968750e+01 4.617008209228515625e+01 1.835693359375000000e+01
9.081632232666015625e+01 9.876955032348632812e+01 4.519293212890625000e+01 1.825624847412109375e+01
8.839870452880859375e+01 9.927496910095214844e+01 4.532579040527343750e+01 1.807889175415039062e+01
8.578047180175781250e+01 1.001625041961669922e+02 4.546505737304687500e+01 1.839790725708007812e+01
8.371580314636230469e+01 9.953607368469238281e+01 4.597665786743164062e+01 1.808472824096679688e+01
8.181900024414062500e+01 1.001901168823242188e+02 4.559678649902343750e+01 1.827438354492187500e+01
7.872922325134277344e+01 1.000372457504272461e+02 4.706412124633789062e+01 1.840481758117675781e+01
7.628188514709472656e+01 1.007817010879516602e+02 4.649273300170898438e+01 1.789802360534667969e+01
7.415967750549316406e+01 1.012183198928833008e+02 4.731113815307617188e+01 1.763550376892089844e+01
7.205030822753906250e+01 1.004356536865234375e+02 4.771092224121093750e+01 1.816667175292968750e+01
6.923990440368652344e+01 1.008861751556396484e+02 4.721445083618164062e+01 1.809617996215820312e+01
6.740275573730468750e+01 1.020955810546875000e+02 4.741888427734375000e+01 1.859449768066406250e+01
6.412684059143066406e+01 1.016625719070434570e+02 4.786256027221679688e+01 1.796408653259277344e+01
6.187597846984863281e+01 1.021010074615478516e+02 4.825216293334960938e+01 1.864010238647460938e+01
5.913164710998535156e+01 1.024143447875976562e+02 4.929046249389648438e+01 1.921244812011718750e+01
5.691246795654296875e+01 1.025736122131347656e+02 4.854386901855468750e+01 1.828592681884765625e+01
5.416916465759277344e+01 1.030441875457763672e+02 4.948317337036132812e+01 1.906596755981445312e+01
5.177452278137207031e+01 1.025976343154907227e+02 5.008893966674804688e+01 1.943652153015136719e+01
5.033217620849609375e+01 1.032784013748168945e+02 4.859123229980468750e+01 1.861644554138183594e+01
4.771910667419433594e+01 1.039412879943847656e+02 4.912681961059570312e+01 1.916436004638671875e+01
4.492151832580566406e+01 1.033150234222412109e+02 4.990121078491210938e+01 1.934894180297851562e+01
4.229897689819335938e+01 1.041839447021484375e+02 4.896222686767578125e+01 1.890638732910156250e+01
3.993308448791503906e+01 1.047110271453857422e+02 5.002405929565429688e+01 1.892088699340820312e+01
3.696253395080566406e+01 1.048335666656494141e+02 5.028890609741210938e+01 1.934562301635742188e+01
3.440513801574707031e+01 1.044680814743041992e+02 5.057610702514648438e+01 1.914443397521972656e+01
3.152012443542480469e+01 1.052191686630249023e+02 5.061426162719726562e+01 1.990110969543457031e+01
2.928924751281738281e+01 1.051592845916748047e+02 5.107931137084960938e+01 1.987018203735351562e+01
2.642573165893554688e+01 1.058302822113037109e+02 5.105506134033203125e+01 2.030678176879882812e+01
2.402836418151855469e+01 1.062418689727783203e+02 5.163190078735351562e+01 2.010902023315429688e+01
2.087934875488281250e+01 1.063785753250122070e+02 5.196176147460937500e+01 2.179147911071777344e+01
1.826947021484375000e+01 1.066413135528564453e+02 5.279841613769531250e+01 1.956184005737304688e+01
1.612111663818359375e+01 1.067033376693725586e+02 5.207934570312500000e+01 2.123250007629394531e+01
1.246647834777832031e+01 1.068623418807983398e+02 5.289916610717773438e+01 2.021106147766113281e+01
