3.000000000000000000e+00 1.690000000000000000e+02 1.880000000000000000e+02 8.400000000000000000e+01
1.774900054931640625e+01 1.661235771179199219e+02 1.781963348388671875e+02 8.581113433837890625e+01
3.207837677001953125e+01 1.656480789184570312e+02 1.692743377685546875e+02 8.522990417480468750e+01
4.752436828613281250e+01 1.666166191101074219e+02 1.614841003417968750e+02 8.554062652587890625e+01
5.997859954833984375e+01 1.675065612792968750e+02 1.542385406494140625e+02 8.360949707031250000e+01
7.108769226074218750e+01 1.683664321899414062e+02 1.485184020996093750e+02 8.173088073730468750e+01
8.413427734375000000e+01 1.683919792175292969e+02 1.416661376953125000e+02 7.843051910400390625e+01
9.442297363281250000e+01 1.682330665588378906e+02 1.368721313476562500e+02 7.655968475341796875e+01
1.032191162109375000e+02 1.687860298156738281e+02 1.334797973632812500e+02 7.426369476318359375e+01
1.118723678588867188e+02 1.694134330749511719e+02 1.279687652587890625e+02 7.275428009033203125e+01
1.202397842407226278e+02 1.704399948120116903e+02 1.236219024658203125e+02 7.061256408691406250e+01
1.307356033325195028e+02 1.700406761169433310e+02 1.181107025146484375e+02 6.854657745361328125e+01
1.370270729064941406e+02 1.711653671264648438e+02 1.155585250854492188e+02 6.665931701660156250e+01
1.453161582946777344e+02 1.713426513671875000e+02 1.114075698852539062e+02 6.540563964843750000e+01
1.502704162597656250e+02 1.710415668487548828e+02 1.090727539062500000e+02 6.344430160522460938e+01
1.574275932312011719e+02 1.711471023559570312e+02 1.059211807250976562e+02 6.227891540527343750e+01
1.632098121643066406e+02 1.716969146728515625e+02 1.032770614624023438e+02 6.044287109375000000e+01
1.712322196960449219e+02 1.718575878143310547e+02 9.950690460205078125e+01 5.937860488891601562e+01
1.768826828002929688e+02 1.721250076293945312e+02 9.728767395019531250e+01 5.779603576660156250e+01
1.814765586853027344e+02 1.720729274749755859e+02 9.492118072509765625e+01 5.686885452270507812e+01
1.885285339355468750e+02 1.723464450836181641e+02 9.146713256835937500e+01 5.567753219604492188e+01
1.930845069885253906e+02 1.727384166717529297e+02 8.882735443115234375e+01 5.419171524047851562e+01
1.971318969726562784e+02 1.735107460021972940e+02 8.788467407226559658e+01 5.328249359130859375e+01
2.022481002807617188e+02 1.733217277526855753e+02 8.440653991699218750e+01 5.228607940673828125e+01
2.075888633728027344e+02 1.734860496520996378e+02 8.258435821533203125e+01 5.140680694580078125e+01
2.114318847656250000e+02 1.738363189697265909e+02 8.109115600585937500e+01 5.067446899414062500e+01
2.160019378662109375e+02 1.735556755065918253e+02 7.929635620117187500e+01 4.957520294189453125e+01
2.184286689758300781e+02 1.744719848632812784e+02 7.791371917724609375e+01 4.881707763671875000e+01
2.237873687744140625e+02 1.744648990631103800e+02 7.557406616210937500e+01 4.764078903198242188e+01
2.277074432373046875e+02 1.743079719543457315e+02 7.356994628906250000e+01 4.678401947021484375e+01
2.320968894958496094e+02 1.741969299316406534e+02 7.127469635009765625e+01 4.602166748046875000e+01
2.347591743469238281e+02 1.744955482482910440e+02 7.067171478271484375e+01 4.507289886474609375e+01
2.368544006347656250e+02 1.742286529541015909e+02 7.020587158203125000e+01 4.464166259765625000e+01
2.402663307189941406e+02 1.743928623199463175e+02 6.860698699951171875e+01 4.399287033081054688e+01
2.448145980834960938e+02 1.747152614593506144e+02 6.642451477050781250e+01 4.302098464965820312e+01
2.474830017089843750e+02 1.752388954162597940e+02 6.519897460937500000e+01 4.220214080810546875e+01
2.496172256469726562e+02 1.748958396911621378e+02 6.446653747558593750e+01 4.201615142822265625e+01
2.530068759918212891e+02 1.757088127136230753e+02 6.357261276245117188e+01 4.102902984619140625e+01
2.549078617095947266e+02 1.755880165100097940e+02 6.347401046752929688e+01 4.073503875732421875e+01
2.588911285400390625e+02 1.763962116241455362e+02 6.030923461914062500e+01 3.951188278198242188e+01
2.608097133636474609e+02 1.758151073455810831e+02 5.895769119262695312e+01 3.905287551879882812e+01
2.641332607269287109e+02 1.761945018768310831e+02 5.839892959594726562e+01 3.841189956665039062e+01
2.663283710479736328e+02 1.762885265350342081e+02 5.704330062866210938e+01 3.745727920532226562e+01
2.686340351104736328e+02 1.761843872070312784e+02 5.628112411499023438e+01 3.724748229980468750e+01
2.710399684906005859e+02 1.764526309967041300e+02 5.539551162719726562e+01 3.702460861206054688e+01
2.730809783935546875e+02 1.766785011291504190e+02 5.467294311523437500e+01 3.646556854248046875e+01
2.758956298828125000e+02 1.762650012969970987e+02 5.346781921386718750e+01 3.602866744995117188e+01
2.771045284271240234e+02 1.770282592773437784e+02 5.258632278442382812e+01 3.486340332031250000e+01
2.795986156463623047e+02 1.769270668029785440e+02 5.155408096313476562e+01 3.443039703369140625e+01
2.813047428131103516e+02 1.771202468872070597e+02 5.108388900756835938e+01 3.368038940429687500e+01
2.836252899169921875e+02 1.772575244903564737e+02 4.995603942871093750e+01 3.329273605346679688e+01
2.832905502319335938e+02 1.766714286804199503e+02 5.151480102539062500e+01 3.342061614990234375e+01
2.844663524627685547e+02 1.775424041748047159e+02 5.156778335571289062e+01 3.268324279785156250e+01
2.874616661071777344e+02 1.772385101318359659e+02 4.945569610595703125e+01 3.228503417968750000e+01
2.908798332214355469e+02 1.778929719924927042e+02 4.677725982666015625e+01 3.195120811462402344e+01
2.925556945800781250e+02 1.777632045745849894e+02 4.638023376464843750e+01 3.119948196411132812e+01
2.945034465789794922e+02 1.777900657653808878e+02 4.558809280395507812e+01 3.093399810791015625e+01
2.958299045562744141e+02 1.783480615615844727e+02 4.510911178588867188e+01 3.044077873229980469e+01
2.976839733123779297e+02 1.773281040191650391e+02 4.485782241821289062e+01 3.068838119506835938e+01
2.980164699554443359e+02 1.774266328811645508e+02 4.473866653442382812e+01 3.028209495544433594e+01
2.999538555145263672e+02 1.777773380279541016e+02 4.347578811645507812e+01 2.991189193725585938e+01
3.013071269989013672e+02 1.781977796554565430e+02 4.302302932739257812e+01 2.962056922912597656e+01
3.027884864807128906e+02 1.776016445159912109e+02 4.232794952392578125e+01 2.940651321411132812e+01
3.042396259307861328e+02 1.778468246459960938e+02 4.243972396850585938e+01 2.889817810058593750e+01
3.037745494842529297e+02 1.784165058135986328e+02 4.303686904907226562e+01 2.869216537475585938e+01
3.045006694793701172e+02 1.780283803939819336e+02 4.343213272094726562e+01 2.855627632141113281e+01
3.067536926269531250e+02 1.780618143081665039e+02 4.117922973632812500e+01 2.799328422546386719e+01
3.104038696289062500e+02 1.786386995315551758e+02 3.922784423828125000e+01 2.757445335388183594e+01
3.107488822937011719e+02 1.786386280059814453e+02 3.848839569091796875e+01 2.713058090209960938e+01
3.119516677856445312e+02 1.788863191604614258e+02 3.913708496093750000e+01 2.714354515075683594e+01
3.131816463470458984e+02 1.786383514404296875e+02 3.883969497680664062e+01 2.663690185546875000e+01
3.145077762603759766e+02 1.794616022109985352e+02 3.767379379272460938e+01 2.616007804870605469e+01
3.158951053619384766e+02 1.788662061691284180e+02 3.736837387084960938e+01 2.631403541564941406e+01
3.173964004516601562e+02 1.783835697174072266e+02 3.716874694824218750e+01 2.619100570678710938e+01
3.188491096496582031e+02 1.788923645019531250e+02 3.622844696044921875e+01 2.574998474121093750e+01
3.195818767547607422e+02 1.791455888748168945e+02 3.590033340454101562e+01 2.543182945251464844e+01
3.202124519348144531e+02 1.785985765457153320e+02 3.536234283447265625e+01 2.552324485778808594e+01
3.221800785064697266e+02 1.787776689529418945e+02 3.534313583374023438e+01 2.492207908630371094e+01
3.235992031097412109e+02 1.788912773132324219e+02 3.470555496215820312e+01 2.458959197998046875e+01
3.246287765502929688e+02 1.789370985031127930e+02 3.431919860839843750e+01 2.440793800354003906e+01
3.257731056213378906e+02 1.788139944076538086e+02 3.364054107666015625e+01 2.414259529113769531e+01
3.265580806732177734e+02 1.793749723434448242e+02 3.294227981567382812e+01 2.379557228088378906e+01
3.269941806793212891e+02 1.794858369827270508e+02 3.346967697143554688e+01 2.367075157165527344e+01
3.281624889373779297e+02 1.790755796432495117e+02 3.338537979125976562e+01 2.361399269104003906e+01
3.295871028900146484e+02 1.795034513473510742e+02 3.213058853149414062e+01 2.340212440490722656e+01
3.287805900573730469e+02 1.797262687683105469e+02 3.232196807861328125e+01 2.301581573486328125e+01
3.308429756164550781e+02 1.789643173217773438e+02 3.241655731201171875e+01 2.288874816894531250e+01
3.314810800552368164e+02 1.792044935226440430e+02 3.067915153503417969e+01 2.265566444396972656e+01
3.326179914474487305e+02 1.791101226806640625e+02 3.107988929748535156e+01 2.228541564941406250e+01
3.340080251693725586e+02 1.794055299758911133e+02 3.018075752258300781e+01 2.238625144958496094e+01
3.342983474731445312e+02 1.790183181762695312e+02 3.071687316894531250e+01 2.221415710449218750e+01
3.350153408050537109e+02 1.790035610198974609e+02 3.005029678344726562e+01 2.207078933715820312e+01
3.355328340530395508e+02 1.792794609069824219e+02 2.971420860290527344e+01 2.147560882568359375e+01
3.362682714462280273e+02 1.790922336578369141e+02 3.010637092590332031e+01 2.136216354370117188e+01
3.379196023941040039e+02 1.793924188613891602e+02 2.851853752136230469e+01 2.135217094421386719e+01
3.381586694717407227e+02 1.794618740081787109e+02 2.930038261413574219e+01 2.125142288208007812e+01
3.390543603897094727e+02 1.791803102493286133e+02 2.931949424743652344e+01 2.109683799743652344e+01
3.398848009109497070e+02 1.795061645507812500e+02 2.869290733337402344e+01 2.095648193359375000e+01
3.403562784194946289e+02 1.796259469985961914e+02 2.807124137878417969e+01 2.087633323669433594e+01
3.420310621261596680e+02 1.793452215194702148e+02 2.775988960266113281e+01 2.052598762512207031e+01
3.419230756759643555e+02 1.790190582275390625e+02 2.720586585998535156e+01 2.060591125488281250e+01
3.430553560256958008e+02 1.789539184570312500e+02 2.710497093200683594e+01 2.037834167480468750e+01
3.434794969558715820e+02 1.793644094467163086e+02 2.645787620544433594e+01 2.046573829650878906e+01
3.446020908355712891e+02 1.792984695434570312e+02 2.664974594116210938e+01 2.009126281738281250e+01
3.451479082107543945e+02 1.794139242172241211e+02 2.619428825378417969e+01 2.008300209045410156e+01
3.456600074768066406e+02 1.794423666000366211e+02 2.562807464599609375e+01 1.936904335021972656e+01
3.476890792846679688e+02 1.792385368347167969e+02 2.491718292236328125e+01 1.932565307617187500e+01
3.476605072021484375e+02 1.789738254547119141e+02 2.508135223388671875e+01 1.934182357788085938e+01
3.475944080352783203e+02 1.792886428833007812e+02 2.544483566284179688e+01 1.952081298828125000e+01
3.488539533615112305e+02 1.795924177169799805e+02 2.511289405822753906e+01 1.919816017150878906e+01
3.495963172912597656e+02 1.798065652847290039e+02 2.498800659179687500e+01 1.900502586364746094e+01
3.492371931076049805e+02 1.801580438613891602e+02 2.461898231506347656e+01 1.840613365173339844e+01
3.498564586639404297e+02 1.802557268142700195e+02 2.558512496948242188e+01 1.831873130798339844e+01
3.501350107192993164e+02 1.798491735458374023e+02 2.541320610046386719e+01 1.823661231994628906e+01
3.503434476852416992e+02 1.797078485488891602e+02 2.507692909240722656e+01 1.856278038024902344e+01
3.520419740676879883e+02 1.800879125595092773e+02 2.409131431579589844e+01 1.811638069152832031e+01
3.518816204071044922e+02 1.800054483413696289e+02 2.445463180541992188e+01 1.759317588806152344e+01
3.535486545562744141e+02 1.802910480499267578e+02 2.367941665649414062e+01 1.703013992309570312e+01
3.540424175262451172e+02 1.803688459396362305e+02 2.371509933471679688e+01 1.756122016906738281e+01
3.549960365295410156e+02 1.801935758590698242e+02 2.379946899414062500e+01 1.737240791320800781e+01
3.553560981750488281e+02 1.805559930801391602e+02 2.323997497558593750e+01 1.740741539001464844e+01
3.561208229064941406e+02 1.805176086425781250e+02 2.378591156005859375e+01 1.717011260986328125e+01
3.567240657806396484e+02 1.805144557952880859e+02 2.265860366821289062e+01 1.723799514770507812e+01
3.566729593276977539e+02 1.802250089645385742e+02 2.241016197204589844e+01 1.699879646301269531e+01
3.570128803253173828e+02 1.800414514541625977e+02 2.310010147094726562e+01 1.701299858093261719e+01
3.569874668121337891e+02 1.797688436508178711e+02 2.277936172485351562e+01 1.724996376037597656e+01
3.584668483734130859e+02 1.808898029327392578e+02 2.271324539184570312e+01 1.663087081909179688e+01
3.585713777542114258e+02 1.805522336959838867e+02 2.204403495788574219e+01 1.665129280090332031e+01
3.591189956665039062e+02 1.802322711944580078e+02 2.168783569335937500e+01 1.637649154663085938e+01
3.605295410156250000e+02 1.802915143966674805e+02 2.164752960205078125e+01 1.635396766662597656e+01
3.601551532745361328e+02 1.802129631042480469e+02 2.188750076293945312e+01 1.654966735839843750e+01
3.613883476257324219e+02 1.811184263229370117e+02 2.108728027343750000e+01 1.582673072814941406e+01
3.612413911819458008e+02 1.805226020812988281e+02 2.162811088562011719e+01 1.609753417968750000e+01
3.622801866531372070e+02 1.800328550338745117e+02 2.127859306335449219e+01 1.627005958557128906e+01
3.625571422576904297e+02 1.806965980529785156e+02 2.114146041870117188e+01 1.602601623535156250e+01
3.626435575485229492e+02 1.806267004013061523e+02 2.097476387023925781e+01 1.610096931457519531e+01
3.637133712768554688e+02 1.801001367568969727e+02 2.076763153076171875e+01 1.616250419616699219e+01
3.642041940689086914e+02 1.808324632644653320e+02 2.071267509460449219e+01 1.574129295349121094e+01
3.642807979583740234e+02 1.806737537384033203e+02 2.081220626831054688e+01 1.571093368530273438e+01
3.649463081359863281e+02 1.806419453620910645e+02 2.080206298828125000e+01 1.560042476654052734e+01
3.647972993850708008e+02 1.804880385398864746e+02 2.068032646179199219e+01 1.568988513946533203e+01
3.646941719055175781e+02 1.804022641181945801e+02 2.077395629882812500e+01 1.562980556488037109e+01
3.652231311798095703e+02 1.803207597732543945e+02 2.064673995971679688e+01 1.539011192321777344e+01
3.656084136962890625e+02 1.807533025741577148e+02 2.071134185791015625e+01 1.502702522277832031e+01
3.670015249252319336e+02 1.806409325599670410e+02 2.060287666320800781e+01 1.507102489471435547e+01
3.666974668502807617e+02 1.803622469902038574e+02 2.040555763244628906e+01 1.516214084625244141e+01
3.671974821090698242e+02 1.807441101074218750e+02 2.018448829650878906e+01 1.478514862060546875e+01
3.677078237533569336e+02 1.803771643638610840e+02 1.996263313293457031e+01 1.479613971710205078e+01
3.682225933074951172e+02 1.806413650512695312e+02 1.949908065795898438e+01 1.460671997070312500e+01
3.696273374557495117e+02 1.812313079833984375e+02 1.939663887023925781e+01 1.484432983398437500e+01
3.699198741912841797e+02 1.808574619293212891e+02 1.869952774047851562e+01 1.468365097045898438e+01
3.702249584197998047e+02 1.803873009681701660e+02 1.860405349731445312e+01 1.462162303924560547e+01
3.709107341766357422e+02 1.807912611961364746e+02 1.861230850219726562e+01 1.462173938751220703e+01
3.711092758178710938e+02 1.801713829040527344e+02 1.817998504638671875e+01 1.464414978027343750e+01
3.716022176742553711e+02 1.809365324974060059e+02 1.875477027893066406e+01 1.484814167022705078e+01
3.720079259872436523e+02 1.813174533843994141e+02 1.833902931213378906e+01 1.436244583129882812e+01
3.728161535263061523e+02 1.817778921127319336e+02 1.811222267150878906e+01 1.397120094299316406e+01
3.726549720764160156e+02 1.811240205764770508e+02 1.826058959960937500e+01 1.396015739440917969e+01
3.730090293884277344e+02 1.824494762420654297e+02 1.793764495849609375e+01 1.375738906860351562e+01
3.737176046371459961e+02 1.816487216949462891e+02 1.766211128234863281e+01 1.368280410766601562e+01
3.728216781616210938e+02 1.807363395690917969e+02 1.809537506103515625e+01 1.403107452392578125e+01
3.734668893814086914e+02 1.790839338302612305e+02 1.735450553894042969e+01 1.363463020324707031e+01
3.739073247909545898e+02 1.805118660926818848e+02 1.723746681213378906e+01 1.377631664276123047e+01
3.746731805801391602e+02 1.819715657234191895e+02 1.722589683532714844e+01 1.355850124359130859e+01
3.758309822082519531e+02 1.832245087623596191e+02 1.747879791259765625e+01 1.397198009490966797e+01
3.765211534500122070e+02 1.825207481384277344e+02 1.785956382751464844e+01 1.398329162597656250e+01
3.772225370407104492e+02 1.818078942298889160e+02 1.766157722473144531e+01 1.368637371063232422e+01
3.765806198120117188e+02 1.810499224662780762e+02 1.783452606201171875e+01 1.372819614410400391e+01
3.765229263305664062e+02 1.815236673355102539e+02 1.733968353271484375e+01 1.328368949890136719e+01
3.764829597473144531e+02 1.809390697479248047e+02 1.735400390625000000e+01 1.353938674926757812e+01
3.762640056610107422e+02 1.811001691818237305e+02 1.722418594360351562e+01 1.334244728088378906e+01
3.766275949478149414e+02 1.803886785507202148e+02 1.721571159362792969e+01 1.357928657531738281e+01
3.772754859924316406e+02 1.801390166282653809e+02 1.669980621337890625e+01 1.296757221221923828e+01
3.781815576553344727e+02 1.801209301948547363e+02 1.713249015808105469e+01 1.306088924407958984e+01
3.797079639434814453e+02 1.820616407394409180e+02 1.707055282592773438e+01 1.278277015686035156e+01
3.808294086456298828e+02 1.832167758941650391e+02 1.653799819946289062e+01 1.295827865600585938e+01
3.814717836380004883e+02 1.830433921813964844e+02 1.656212425231933594e+01 1.283740234375000000e+01
3.817045526504516602e+02 1.827117819786071777e+02 1.639679527282714844e+01 1.303983020782470703e+01
3.815180902481079102e+02 1.826016979217529297e+02 1.632609367370605469e+01 1.276088333129882812e+01
3.814068489074707031e+02 1.819293074607849121e+02 1.633546447753906250e+01 1.295561695098876953e+01
3.810724878311157227e+02 1.803554587364196777e+02 1.642150688171386719e+01 1.281958484649658203e+01
3.809903960227966309e+02 1.807553544044494629e+02 1.599934864044189453e+01 1.278271007537841797e+01
3.816900196075439453e+02 1.810765905380249023e+02 1.527275466918945312e+01 1.254376411437988281e+01
3.824182691574096680e+02 1.811433486938476562e+02 1.570040321350097656e+01 1.248422241210937500e+01
3.825086660385131836e+02 1.805329890251159668e+02 1.562257575988769531e+01 1.257351016998291016e+01
3.833291392326354980e+02 1.822218508720397949e+02 1.566207981109619141e+01 1.245894718170166016e+01
3.841066856384277344e+02 1.831316022872924805e+02 1.540702056884765625e+01 1.209221839904785156e+01
3.845549511909484863e+02 1.824136700630187988e+02 1.559049129486083984e+01 1.208544826507568359e+01
3.840288028717041016e+02 1.817050385475158691e+02 1.602556228637695312e+01 1.240495586395263672e+01
3.841516404151916504e+02 1.814433131217956543e+02 1.531384563446044922e+01 1.236550998687744141e+01
3.849426617622375488e+02 1.813423480987548828e+02 1.494086360931396484e+01 1.188145065307617188e+01
3.847486352920532227e+02 1.803899817466735840e+02 1.477050590515136719e+01 1.230798053741455078e+01
3.851603016853332520e+02 1.806280779838562012e+02 1.470075893402099609e+01 1.200019168853759766e+01
3.855410890579223633e+02 1.812655501365661621e+02 1.448814201354980469e+01 1.210732746124267578e+01
3.859130182266235352e+02 1.808671145439147949e+02 1.484222984313964844e+01 1.211932468414306641e+01
3.868518438339233398e+02 1.814797806739807129e+02 1.455989265441894531e+01 1.204107189178466797e+01
3.864721999168395996e+02 1.817547392845153809e+02 1.437525653839111328e+01 1.181808185577392578e+01
3.870863499641418457e+02 1.821650362014770508e+02 1.397362422943115234e+01 1.136852073669433594e+01
3.873985433578491211e+02 1.815970125198364258e+02 1.413903236389160156e+01 1.171545600891113281e+01
3.874245629310607910e+02 1.810531778335571289e+02 1.469191265106201172e+01 1.211654853820800781e+01
3.877699642181396484e+02 1.806888484954833984e+02 1.470978164672851562e+01 1.191336822509765625e+01
3.871629433631896973e+02 1.815563735961914062e+02 1.441263866424560547e+01 1.156485366821289062e+01
3.877669324874877930e+02 1.811929650306701660e+02 1.433021736145019531e+01 1.139910030364990234e+01
3.881827850341796875e+02 1.815789461135864258e+02 1.404135894775390625e+01 1.119738197326660156e+01
3.880926342010498047e+02 1.809679412841796875e+02 1.437688064575195312e+01 1.190827941894531250e+01
3.890129709243774414e+02 1.814158811569213867e+02 1.470665550231933594e+01 1.183316993713378906e+01
3.897450590133666992e+02 1.823035264015197754e+02 1.405027198791503906e+01 1.132543468475341797e+01
3.891061792373657227e+02 1.816990227699279785e+02 1.456881141662597656e+01 1.154686260223388672e+01
3.893929343223571777e+02 1.818018856048583984e+02 1.432785892486572266e+01 1.124023818969726562e+01
3.893411183357238770e+02 1.825397968292236328e+02 1.397868633270263672e+01 1.084839248657226562e+01
3.901657133102416992e+02 1.814074621200561523e+02 1.412587547302246094e+01 1.134988594055175781e+01
3.904687500000000000e+02 1.813385472297668457e+02 1.388477706909179688e+01 1.125672054290771484e+01
3.901536855697631836e+02 1.821510124206542969e+02 1.383314323425292969e+01 1.093028259277343750e+01
3.907995738983154297e+02 1.810952897071838379e+02 1.359199905395507812e+01 1.136162853240966797e+01
3.910918354988098145e+02 1.823368997573852539e+02 1.344490718841552734e+01 1.113640403747558594e+01
3.911153540611267090e+02 1.815024685859680176e+02 1.368915271759033203e+01 1.146206188201904297e+01
3.916748399734497070e+02 1.812240686416625977e+02 1.394536399841308594e+01 1.150182151794433594e+01
3.912929444313049316e+02 1.817919588088989258e+02 1.343812465667724609e+01 1.094327354431152344e+01
3.909513759613037109e+02 1.813230323791503906e+02 1.426989364624023438e+01 1.132604980468750000e+01
3.921175808906555176e+02 1.815561075210571289e+02 1.349750423431396484e+01 1.098399925231933594e+01
3.920614862442016602e+02 1.808816919326782227e+02 1.390386772155761719e+01 1.132811164855957031e+01
3.917197585105895996e+02 1.818108277320861816e+02 1.346194553375244141e+01 1.052330684661865234e+01
3.928493509292602539e+02 1.815966482162475586e+02 1.344321250915527344e+01 1.091093254089355469e+01
3.928777689933776855e+02 1.810109086036682129e+02 1.353962421417236328e+01 1.108703517913818359e+01
3.929948167800903320e+02 1.814310393333435059e+02 1.321354103088378906e+01 1.048473834991455078e+01
3.934802122116088867e+02 1.820236639976501465e+02 1.294661521911621094e+01 1.062547779083251953e+01
3.941151776313781738e+02 1.814640693664550781e+02 1.310400676727294922e+01 1.086572647094726562e+01
3.935648303031921387e+02 1.814117689132690430e+02 1.309666538238525391e+01 1.079931831359863281e+01
3.943358874320983887e+02 1.813635301589965820e+02 1.282892704010009766e+01 1.077258872985839844e+01
3.945440092086791992e+02 1.815111379623413086e+02 1.269243812561035156e+01 1.075975227355957031e+01
3.951278390884399414e+02 1.819679403305053711e+02 1.276508903503417969e+01 1.047207069396972656e+01
3.939682841300964355e+02 1.817288193702697754e+02 1.313980960845947266e+01 1.067969799041748047e+01
3.944890432357788086e+02 1.815991420745849609e+02 1.290307044982910156e+01 1.081455993652343750e+01
3.951670188903808594e+02 1.816799392700195312e+02 1.255620193481445312e+01 1.052932357788085938e+01
3.957400960922241211e+02 1.818013582229614258e+02 1.250464820861816406e+01 1.042104911804199219e+01
3.956452541351318359e+02 1.816299223899841309e+02 1.248951721191406250e+01 1.051858615875244141e+01
3.956548309326171875e+02 1.813666138648986816e+02 1.256216430664062500e+01 1.063560771942138672e+01
3.961492309570312500e+02 1.814294109344482422e+02 1.198462295532226562e+01 1.028485870361328125e+01
3.964964356422424316e+02 1.814649333953857422e+02 1.204843807220458984e+01 1.017389297485351562e+01
3.958968486785888672e+02 1.815072364807128906e+02 1.250650787353515625e+01 1.020944595336914062e+01
3.962052302360534668e+02 1.821492376327514648e+02 1.209087467193603516e+01 1.011534309387207031e+01
3.969228019714355469e+02 1.821888952255249023e+02 1.215716552734375000e+01 1.011254310607910156e+01
3.969178047180175781e+02 1.820028147697448730e+02 1.223382186889648438e+01 1.024939060211181641e+01
3.972374053001403809e+02 1.820900464057922363e+02 1.222062397003173828e+01 1.006881999969482422e+01
3.978772406578063965e+02 1.820077357292175293e+02 1.208222293853759766e+01 1.014687061309814453e+01
3.973492269515991211e+02 1.815295825004577637e+02 1.249608039855957031e+01 1.064267063140869141e+01
3.971145949363708496e+02 1.814095015525817871e+02 1.241864490509033203e+01 1.064684391021728516e+01
3.980724530220031738e+02 1.815705442428588867e+02 1.220460414886474609e+01 1.033435249328613281e+01
3.974460644721984863e+02 1.813334250450134277e+02 1.256354808807373047e+01 1.058420276641845703e+01
3.979763746261596680e+02 1.809362788200378418e+02 1.209808540344238281e+01 1.057246875762939453e+01
3.976977252960205078e+02 1.814256024360656738e+02 1.190871047973632812e+01 1.000000000000000000e+01
3.987706689834594727e+02 1.819459619522094727e+02 1.152852821350097656e+01 1.000000000000000000e+01
3.983410930633544922e+02 1.820566091537475586e+02 1.157136917114257812e+01 1.000000000000000000e+01
3.988367557525634766e+02 1.819953227043151855e+02 1.154226684570312500e+01 1.000000000000000000e+01
3.983455414772033691e+02 1.820241346359252930e+02 1.122967433929443359e+01 1.000000000000000000e+01
3.994067020416259766e+02 1.813803129196166992e+02 1.164296340942382812e+01 1.000000000000000000e+01
3.988671298027038574e+02 1.824594874382019043e+02 1.194466114044189453e+01 1.000000000000000000e+01
3.991393780708312988e+02 1.817430543899536133e+02 1.195838832855224609e+01 1.000000000000000000e+01
3.988994035720825195e+02 1.823277325630187988e+02 1.152912330627441406e+01 1.000000000000000000e+01
3.984776310920715332e+02 1.822282934188842773e+02 1.220878887176513672e+01 1.000000000000000000e+01
3.971896343231201172e+02 1.815711450576782227e+02 1.393348693847656250e+01 1.000000000000000000e+01
3.740294027328491211e+02 1.807977800369262695e+02 1.684263038635253906e+01 1.464031219482421875e+01
3.717453489303588867e+02 1.804058790206909180e+02 2.071984291076660156e+01 1.558585739135742188e+01
3.725243768692016602e+02 1.812022151947021484e+02 2.030209922790527344e+01 1.488162803649902344e+01
3.730034341812133789e+02 1.810443363189697266e+02 2.022640800476074219e+01 1.435489463806152344e+01
3.738249502182006836e+02 1.811766824722290039e+02 1.971164894104003906e+01 1.461144256591796875e+01
3.736592836380004883e+02 1.809569406509399414e+02 2.041320610046386719e+01 1.463100433349609375e+01
3.743043861389160156e+02 1.806621751785278320e+02 1.974402618408203125e+01 1.402495574951171875e+01
3.741303558349609375e+02 1.806414022445678711e+02 2.003690338134765625e+01 1.428265762329101562e+01
3.740402803421020508e+02 1.813660945892333984e+02 1.994617271423339844e+01 1.417780876159667969e+01
3.743876438140869141e+02 1.809785976409912109e+02 1.951355361938476562e+01 1.376624870300292969e+01
3.759367856979370117e+02 1.810751619338989258e+02 1.971396064758300781e+01 1.410283660888671875e+01
3.758985862731933594e+02 1.813797068595886230e+02 1.945468902587890625e+01 1.399524974822998047e+01
3.770949401855468750e+02 1.809734730720520020e+02 1.878045654296875000e+01 1.400450992584228516e+01
3.776222248077392578e+02 1.811316480636596680e+02 1.917251205444335938e+01 1.403351211547851562e+01
3.769811143875122070e+02 1.808206849098205566e+02 1.930016899108886719e+01 1.419904804229736328e+01
3.779948787689208984e+02 1.815581083297729492e+02 1.868574142456054688e+01 1.375577163696289062e+01
3.774116992950439453e+02 1.810674872398376465e+02 1.933698654174804688e+01 1.417179012298583984e+01
3.776726255416870117e+02 1.806428327560424805e+02 1.902576637268066406e+01 1.437556838989257812e+01
3.788249835968017578e+02 1.812943463325500488e+02 1.770096969604492188e+01 1.370250034332275391e+01
3.789632797241210938e+02 1.811568989753723145e+02 1.804304504394531250e+01 1.368152713775634766e+01
3.805476751327514648e+02 1.813517842292785645e+02 1.699442481994628906e+01 1.392723178863525391e+01
3.802022047042846680e+02 1.806910872459411621e+02 1.690438270568847656e+01 1.376946163177490234e+01
3.808685550689697266e+02 1.809269886016845703e+02 1.684635543823242188e+01 1.364329338073730469e+01
3.816336345672607422e+02 1.807783284187316895e+02 1.700195693969726562e+01 1.313263034820556641e+01
3.804096851348876953e+02 1.805410008430480957e+02 1.682162857055664062e+01 1.353242588043212891e+01
3.820851840972900391e+02 1.812542972564697266e+02 1.496892166137695312e+01 1.315965843200683594e+01
3.828219971656799316e+02 1.812574667930603027e+02 1.421763134002685547e+01 1.294256496429443359e+01
3.843057460784912109e+02 1.804985475540161133e+02 1.638758468627929688e+01 1.342390441894531250e+01
3.840209403038024902e+02 1.804694557189941406e+02 1.412257862091064453e+01 1.272676277160644531e+01
3.838233919143676758e+02 1.808472986221313477e+02 1.271838951110839844e+01 1.248703765869140625e+01
4.004379014968872070e+02 1.814494872093200684e+02 1.312306022644042969e+01 1.000000000000000000e+01
4.000352034568786621e+02 1.826204833984375000e+02 1.180721378326416016e+01 1.000000000000000000e+01
4.007362937927246094e+02 1.823427772521972656e+02 1.187842559814453125e+01 1.000000000000000000e+01
3.922895812988281250e+02 1.825116906166076660e+02 1.305525207519531250e+01 1.021829891204833984e+01
3.887419710159301758e+02 1.820511627197265625e+02 1.512698936462402344e+01 1.144160842895507812e+01
3.893131084442138672e+02 1.819588246345520020e+02 1.399137496948242188e+01 1.170164775848388672e+01
3.886263332366943359e+02 1.822967481613159180e+02 1.383066558837890625e+01 1.185723686218261719e+01
3.869592556953430176e+02 1.814332013130187988e+02 1.543202877044677734e+01 1.499539470672607422e+01
3.872757205963134766e+02 1.828305110931396484e+02 1.523125839233398438e+01 1.372274017333984375e+01
3.871860103607177734e+02 1.830499887466430664e+02 1.495589828491210938e+01 1.266195869445800781e+01
3.862235393524169922e+02 1.820746617317199707e+02 1.595037460327148438e+01 1.271812725067138672e+01
3.846101675033569336e+02 1.833171591758728027e+02 1.187339210510253906e+01 1.111801242828369141e+01
3.839792294502258301e+02 1.819806265830993652e+02 1.531318950653076172e+01 1.244685459136962891e+01
3.880547809600830078e+02 1.822758417129516602e+02 1.420996093750000000e+01 1.117783546447753906e+01
3.890500059127807617e+02 1.814398908615112305e+02 1.452741813659667969e+01 1.130075645446777344e+01
3.892062969207763672e+02 1.807389135360717773e+02 1.383470153808593750e+01 1.142016029357910156e+01
3.889571962356567383e+02 1.819952220916748047e+02 1.358382225036621094e+01 1.070338821411132812e+01
3.891401767730712891e+02 1.808778724670410156e+02 1.403706359863281250e+01 1.186833572387695312e+01
3.887705554962158203e+02 1.823436927795410156e+02 1.404853820800781250e+01 1.095461654663085938e+01
3.890333900451660156e+02 1.813984451293945312e+02 1.454587936401367188e+01 1.189931869506835938e+01
3.892987351417541504e+02 1.823356227874755859e+02 1.437934017181396484e+01 1.120788574218750000e+01
3.900762281417846680e+02 1.811830959320068359e+02 1.382290458679199219e+01 1.152933883666992188e+01
3.896275906562805176e+02 1.816615853309631348e+02 1.398574352264404297e+01 1.132870769500732422e+01
3.897892184257507324e+02 1.811696934700012207e+02 1.428243732452392578e+01 1.169584560394287109e+01
3.904223031997680664e+02 1.806896567344665527e+02 1.407229042053222656e+01 1.164177036285400391e+01
3.906799821853637695e+02 1.810040550231933594e+02 1.387702369689941406e+01 1.139812088012695312e+01
3.906210284233093262e+02 1.818849601745605469e+02 1.365684223175048828e+01 1.093715286254882812e+01
3.909338421821594238e+02 1.816688194274902344e+02 1.366511440277099609e+01 1.134329223632812500e+01
3.905697469711303711e+02 1.810123105049133301e+02 1.486870765686035156e+01 1.173717784881591797e+01
3.902134914398193359e+02 1.821641163825988770e+02 1.438399124145507812e+01 1.068423748016357422e+01
3.911090879440307617e+02 1.808419375419616699e+02 1.401762580871582031e+01 1.126552295684814453e+01
3.905407185554504395e+02 1.818008661270141602e+02 1.418724346160888672e+01 1.024608039855957031e+01
3.912739400863647461e+02 1.822973985671997070e+02 1.363897895812988281e+01 1.056716346740722656e+01
3.907255406379699707e+02 1.816451950073242188e+02 1.411592388153076172e+01 1.082945632934570312e+01
3.916131930351257324e+02 1.816455826759338379e+02 1.365778446197509766e+01 1.058334255218505859e+01
3.919500107765197754e+02 1.823223652839660645e+02 1.398223781585693359e+01 1.021116924285888672e+01
3.904098906517028809e+02 1.816127634048461914e+02 1.502192020416259766e+01 1.092400550842285156e+01
3.908712863922119141e+02 1.805715451240539551e+02 1.588735961914062500e+01 1.157358837127685547e+01
3.924751157760620117e+02 1.819586982727050781e+02 1.343744468688964844e+01 1.045609664916992188e+01
3.919287281036376953e+02 1.812717990875244141e+02 1.462203979492187500e+01 1.114744949340820312e+01
