2.330000000000000000e+02 6.200000000000000000e+01 2.200000000000000000e+01 3.000000000000000000e+01
2.295371208190917969e+02 6.140816307067871094e+01 2.578382873535156250e+01 2.957357406616210938e+01
2.299708728790283203e+02 5.968024730682373047e+01 2.652563858032226562e+01 2.987553596496582031e+01
2.283880252838134766e+02 5.974832916259765625e+01 2.787331008911132812e+01 3.102806854248046875e+01
2.297934799194335938e+02 5.883115577697753906e+01 2.856848907470703125e+01 3.196675491333007812e+01
2.280797824859619141e+02 5.913704299926757812e+01 2.956314468383789062e+01 3.130293273925781250e+01
2.265913944244384766e+02 5.872652339935302734e+01 3.040324783325195312e+01 3.168366432189941406e+01
2.268976297378540039e+02 5.834373092651367188e+01 2.893492698669433594e+01 3.136528015136718750e+01
2.296290788650512695e+02 5.935267353057861328e+01 2.676789665222167969e+01 3.049297904968261719e+01
2.303182954788208008e+02 6.028755378723144531e+01 2.614584159851074219e+01 3.020947647094726562e+01
2.305796365737915039e+02 5.985016059875488281e+01 2.571439170837402344e+01 3.010322952270507812e+01
2.287294197082519531e+02 5.931208610534667969e+01 2.732362365722656250e+01 3.091663742065429688e+01
2.279099292755126953e+02 5.831441688537597656e+01 2.824010086059570312e+01 3.178982925415039062e+01
2.279259223937988281e+02 5.976357269287109375e+01 2.800131225585937500e+01 3.068750762939453125e+01
2.293130607604980469e+02 5.789907360076904297e+01 2.769960021972656250e+01 3.162167549133300781e+01
2.290534019470214844e+02 5.846704483032226562e+01 2.744953918457031250e+01 3.143884277343750000e+01
2.290169715881347656e+02 5.786570549011230469e+01 2.789927673339843750e+01 3.162638473510742188e+01
2.246428127288818359e+02 5.791393661499023438e+01 3.076635360717773438e+01 3.189152526855468750e+01
2.260208806991577148e+02 5.879621505737304688e+01 2.790726661682128906e+01 3.052334594726562500e+01
2.304953250885009766e+02 5.904759407043457031e+01 2.529326248168945312e+01 3.073532485961914062e+01
2.292919092178344727e+02 5.935364341735839844e+01 2.638742637634277344e+01 3.020684432983398438e+01
2.275604543685913086e+02 5.764943027496337891e+01 2.917389869689941406e+01 3.172606468200683594e+01
2.269908761978149414e+02 5.755837249755859375e+01 2.892513084411621094e+01 3.145055389404296875e+01
2.223745193481445312e+02 5.651515769958496094e+01 3.307579803466796875e+01 3.199090194702148438e+01
2.298833999633789062e+02 5.956546497344970703e+01 2.566675567626953125e+01 2.955421257019042969e+01
2.292553482055664062e+02 5.909476661682128906e+01 2.611186981201171875e+01 2.983827590942382812e+01
2.280851249694824219e+02 5.768581104278564453e+01 2.759666442871093750e+01 3.117799186706542969e+01
2.261836776733398438e+02 5.634640693664550781e+01 2.935323333740234375e+01 3.219079971313476562e+01
2.287197580337524414e+02 5.896205139160156250e+01 2.591553306579589844e+01 3.012766265869140625e+01
2.275039854049682617e+02 5.828087139129638672e+01 2.710687446594238281e+01 3.079677009582519531e+01
2.291404457092285156e+02 5.811579704284667969e+01 2.511447143554687500e+01 3.107481002807617188e+01
2.276148109436035156e+02 5.831709003448486328e+01 2.671755981445312500e+01 3.049789237976074219e+01
2.239111356735229492e+02 5.698222637176513672e+01 3.019702339172363281e+01 3.135055732727050781e+01
2.283346757888793945e+02 5.812817001342773438e+01 2.581342887878417969e+01 3.003442382812500000e+01
2.263492860794067383e+02 5.774356746673583984e+01 2.753466606140136719e+01 3.085389137268066406e+01
2.281762542724609375e+02 5.766923046112060547e+01 2.730028533935546875e+01 3.113571357727050781e+01
2.297474966049194336e+02 5.864144992828369141e+01 2.487789344787597656e+01 3.035838890075683594e+01
2.275674676895141602e+02 5.757369041442871094e+01 2.762331199645996094e+01 3.048652267456054688e+01
2.280202331542968750e+02 5.700351905822753906e+01 2.719803619384765625e+01 3.134222793579101562e+01
2.294953622817993164e+02 5.831456565856933594e+01 2.480274009704589844e+01 3.015235519409179688e+01
2.281426849365234375e+02 5.749653625488281250e+01 2.729250335693359375e+01 3.040404510498046875e+01
2.247546052932739258e+02 5.735780239105224609e+01 2.964831352233886719e+01 3.142286109924316406e+01
2.248417654037475586e+02 5.684813880920410156e+01 3.139492225646972656e+01 3.070570755004882812e+01
2.289334735870361328e+02 5.824399948120117188e+01 2.571374893188476562e+01 3.031695556640625000e+01
2.286007709503173828e+02 5.825421428680419922e+01 2.604610061645507812e+01 3.070410346984863281e+01
2.285713682174682617e+02 5.819839572906494141e+01 2.666844367980957031e+01 2.984648704528808594e+01
2.278225097656250000e+02 5.807054996490478516e+01 2.733345794677734375e+01 3.055345726013183594e+01
2.290129661560058594e+02 5.748400497436523438e+01 2.725267028808593750e+01 3.120901489257812500e+01
2.289432792663574219e+02 5.852029800415039062e+01 2.602314758300781250e+01 3.063134765625000000e+01
2.279497137069702148e+02 5.723849201202392578e+01 2.751383399963378906e+01 3.141605949401855469e+01
2.242515726089477539e+02 5.662885856628417969e+01 3.079913902282714844e+01 3.215302658081054688e+01
2.276488685607910156e+02 5.864441204071044922e+01 2.753221130371093750e+01 3.060736274719238281e+01
2.259411430358886719e+02 5.698577880859375000e+01 3.090341186523437500e+01 3.184836578369140625e+01
2.292127456665039062e+02 5.978158855438232422e+01 2.641782379150390625e+01 3.044804573059082031e+01
2.222073020935058594e+02 5.694804477691650391e+01 3.291711425781250000e+01 3.191696739196777344e+01
2.304075355529785156e+02 6.133330917358398438e+01 2.494332885742187500e+01 2.918298339843750000e+01
2.297118949890136719e+02 5.948546504974365234e+01 2.598083496093750000e+01 3.016431617736816406e+01
2.281139154434204102e+02 5.920392513275146484e+01 2.711014366149902344e+01 3.018984413146972656e+01
2.244499130249023438e+02 5.820232963562011719e+01 3.186277008056640625e+01 3.210316085815429688e+01
2.211239662170410156e+02 5.771077728271484375e+01 3.433866882324218750e+01 3.217395782470703125e+01
2.302097167968750000e+02 6.155092906951904297e+01 2.497240447998046875e+01 2.961310005187988281e+01
2.282961568832397461e+02 6.067096996307373047e+01 2.675280189514160156e+01 3.060728645324707031e+01
2.262269134521484375e+02 5.959113979339599609e+01 2.893796539306640625e+01 3.184665870666503906e+01
2.263033943176269531e+02 5.820646095275878906e+01 2.916889953613281250e+01 3.231605911254882812e+01
2.258976497650146484e+02 6.029764175415039062e+01 2.948853683471679688e+01 3.091310119628906250e+01
2.257384223937988281e+02 5.914641475677490234e+01 2.923069763183593750e+01 3.160642433166503906e+01
2.253210163116455078e+02 5.846537208557128906e+01 2.972780227661132812e+01 3.242821121215820312e+01
2.280309648513793945e+02 5.918702316284179688e+01 2.862461662292480469e+01 3.117491149902343750e+01
2.291057043075561523e+02 5.892654228210449219e+01 2.747098731994628906e+01 3.157584762573242188e+01
2.305693979263305664e+02 5.925829887390136719e+01 2.616568565368652344e+01 3.162032699584960938e+01
2.282440147399902344e+02 6.034380245208740234e+01 2.650683593750000000e+01 3.067084693908691406e+01
2.273129777908325195e+02 5.926370620727539062e+01 2.810775566101074219e+01 3.116389465332031250e+01
2.294285402297973633e+02 6.004448223114013672e+01 2.699154472351074219e+01 3.064682197570800781e+01
2.265743961334228516e+02 5.983359527587890625e+01 2.854361343383789062e+01 3.138686370849609375e+01
2.233257293701171875e+02 5.837669563293457031e+01 3.153896331787109375e+01 3.225938796997070312e+01
2.306795196533203125e+02 5.971504402160644531e+01 2.499112701416015625e+01 3.083554458618164062e+01
2.292913026809692383e+02 5.999017238616943359e+01 2.556931877136230469e+01 3.061228370666503906e+01
2.233160648345947266e+02 5.925133037567138672e+01 3.001944351196289062e+01 3.134272956848144531e+01
2.262160568237304688e+02 5.823107147216796875e+01 3.040860748291015625e+01 3.272153472900390625e+01
2.268389053344726562e+02 5.965890884399414062e+01 2.808927154541015625e+01 3.050856018066406250e+01
2.296820659637451172e+02 6.065860557556152344e+01 2.631386947631835938e+01 3.034563827514648438e+01
2.283877782821655273e+02 6.058889865875244141e+01 2.686164283752441406e+01 3.063443565368652344e+01
2.279038648605346680e+02 5.959428882598876953e+01 2.746798896789550781e+01 3.162508964538574219e+01
2.269679908752441406e+02 5.999233531951904297e+01 2.764488220214843750e+01 3.144310188293457031e+01
2.263407983779907227e+02 5.876794242858886719e+01 2.944505882263183594e+01 3.151368331909179688e+01
2.275169515609741211e+02 6.009260272979736328e+01 2.702967262268066406e+01 3.050842094421386719e+01
2.258341503143310547e+02 5.868156242370605469e+01 2.964176559448242188e+01 3.230399703979492188e+01
2.271304464340209961e+02 5.999072170257568359e+01 2.745482826232910156e+01 3.048331642150878906e+01
2.235829238891601562e+02 5.753129196166992188e+01 3.178549957275390625e+01 3.216061401367187500e+01
2.303080549240112305e+02 5.921139812469482422e+01 2.535742378234863281e+01 3.119110298156738281e+01
2.284350175857543945e+02 5.944028472900390625e+01 2.691857719421386719e+01 3.078591156005859375e+01
2.276235380172729492e+02 5.862772369384765625e+01 2.747270393371582031e+01 3.136544036865234375e+01
2.292879981994628906e+02 5.877886295318603516e+01 2.664393615722656250e+01 3.166864585876464844e+01
2.266578683853149414e+02 5.870308685302734375e+01 2.859514427185058594e+01 3.170995330810546875e+01
2.297805833816528320e+02 5.986885261535644531e+01 2.686469841003417969e+01 3.097186660766601562e+01
2.296289424896240234e+02 6.051623535156250000e+01 2.537589645385742188e+01 2.970412445068359375e+01
2.272526779174804688e+02 5.935113430023193359e+01 2.888233184814453125e+01 3.127919960021972656e+01
2.289069042205810547e+02 6.009788322448730469e+01 2.682508468627929688e+01 3.069599533081054688e+01
2.261353664398193359e+02 5.850461101531982422e+01 2.933068466186523438e+01 3.199394416809082031e+01
2.234358901977539062e+02 5.826794624328613281e+01 3.115538787841796875e+01 3.144664382934570312e+01
2.257635564804077148e+02 6.061483955383300781e+01 2.805227088928222656e+01 3.023505020141601562e+01
2.253738136291503906e+02 5.841233253479003906e+01 3.011471557617187500e+01 3.162097549438476562e+01
2.279357414245605469e+02 5.983762264251708984e+01 2.653614807128906250e+01 3.024500465393066406e+01
2.270488710403442383e+02 5.891811561584472656e+01 2.730312919616699219e+01 3.128116226196289062e+01
2.288980312347412109e+02 5.954988098144531250e+01 2.657537460327148438e+01 3.093805694580078125e+01
2.265756559371948242e+02 5.902273082733154297e+01 2.846609687805175781e+01 3.150926399230957031e+01
2.269858531951904297e+02 5.839006614685058594e+01 2.829912948608398438e+01 3.198856735229492188e+01
2.263137283325195312e+02 5.871994590759277344e+01 2.835561370849609375e+01 3.169346237182617188e+01
2.313494892120361328e+02 5.962862205505371094e+01 2.433040237426757812e+01 3.072462081909179688e+01
2.280124158859252930e+02 6.006426620483398438e+01 2.707519721984863281e+01 3.076016235351562500e+01
2.276081247329711914e+02 5.865138435363769531e+01 2.738028526306152344e+01 3.205829238891601562e+01
2.286458148956298828e+02 6.030877590179443359e+01 2.682956314086914062e+01 3.072161293029785156e+01
2.278299694061279297e+02 5.882224845886230469e+01 2.704427719116210938e+01 3.142364120483398438e+01
2.279642257690429688e+02 5.945233440399169922e+01 2.735628509521484375e+01 3.105180549621582031e+01
2.260916080474853516e+02 5.895492839813232422e+01 2.822829055786132812e+01 3.192839241027832031e+01
2.300012121200561523e+02 6.091753196716308594e+01 2.566593360900878906e+01 3.040943527221679688e+01
2.290262565612792969e+02 6.117338657379150391e+01 2.666143798828125000e+01 3.012479209899902344e+01
2.265860643386840820e+02 5.973636531829833984e+01 2.896639823913574219e+01 3.163695716857910156e+01
2.255630216598510742e+02 5.892911529541015625e+01 2.943399238586425781e+01 3.146544647216796875e+01
2.281362962722778320e+02 6.031917285919189453e+01 2.760864067077636719e+01 3.084031486511230469e+01
2.253062038421630859e+02 5.907907485961914062e+01 2.969480514526367188e+01 3.169827270507812500e+01
2.258397760391235352e+02 5.990798377990722656e+01 2.930209922790527344e+01 3.114485549926757812e+01
2.307161607742309570e+02 6.122162151336669922e+01 2.587884330749511719e+01 3.080941963195800781e+01
2.290337696075439453e+02 6.058617687225341797e+01 2.720611953735351562e+01 3.018261909484863281e+01
2.247359237670898438e+02 5.851009178161621094e+01 2.962616729736328125e+01 3.181628036499023438e+01
2.296785726547241211e+02 6.140850925445556641e+01 2.567868995666503906e+01 3.003139305114746094e+01
2.287581014633178711e+02 6.043953895568847656e+01 2.739666175842285156e+01 3.032165908813476562e+01
2.263973245620727539e+02 5.926000785827636719e+01 2.900990867614746094e+01 3.207044601440429688e+01
2.293723983764648438e+02 6.062095642089843750e+01 2.692902374267578125e+01 3.038426971435546875e+01
2.255785808563232422e+02 5.873442840576171875e+01 2.998488998413085938e+01 3.215793609619140625e+01
2.259158287048339844e+02 5.978218555450439453e+01 2.748947143554687500e+01 3.076139640808105469e+01
2.284438314437866211e+02 6.012029266357421875e+01 2.719988441467285156e+01 3.148998260498046875e+01
2.275117416381835938e+02 5.924902725219726562e+01 2.848421478271484375e+01 3.158427429199218750e+01
2.267309122085571289e+02 5.979098510742187500e+01 2.918472862243652344e+01 3.092414093017578125e+01
2.304488239288330078e+02 5.859274101257324219e+01 2.715829849243164062e+01 3.141518783569335938e+01
2.275754880905151367e+02 5.817170429229736328e+01 2.983357429504394531e+01 3.168568229675292969e+01
2.260369930267333984e+02 5.831407737731933594e+01 3.059684371948242188e+01 3.172687911987304688e+01
2.310207633972167969e+02 6.022109889984130859e+01 2.646925354003906250e+01 3.034627723693847656e+01
2.275927429199218750e+02 5.871195697784423828e+01 2.999381256103515625e+01 3.173968315124511719e+01
2.280781211853027344e+02 5.919505691528320312e+01 2.840756225585937500e+01 3.104037475585937500e+01
2.286770715713500977e+02 5.999739360809326172e+01 2.811119651794433594e+01 3.134738349914550781e+01
2.246984977722167969e+02 5.868103218078613281e+01 3.218693542480468750e+01 3.264293289184570312e+01
2.314003477096557617e+02 5.975573825836181641e+01 2.559480476379394531e+01 3.086313438415527344e+01
2.296840934753417969e+02 6.048218441009521484e+01 2.603895568847656250e+01 3.011623573303222656e+01
2.280265645980834961e+02 5.990530109405517578e+01 2.835231971740722656e+01 3.109364128112792969e+01
2.269887180328369141e+02 6.028088569641113281e+01 2.833765029907226562e+01 3.114017105102539062e+01
2.276299610137939453e+02 6.070793724060058594e+01 2.766292190551757812e+01 3.101031112670898438e+01
2.235276527404785156e+02 5.931225776672363281e+01 3.226573181152343750e+01 3.127975845336914062e+01
2.303189086914062500e+02 6.052826309204101562e+01 2.613259124755859375e+01 3.160557556152343750e+01
2.272437953948974609e+02 5.914640426635742188e+01 2.971564865112304688e+01 3.214880371093750000e+01
2.251209669113159180e+02 5.893301010131835938e+01 2.982994270324707031e+01 3.135482788085937500e+01
2.305050544738769531e+02 6.127601051330566406e+01 2.511807250976562500e+01 3.030673599243164062e+01
2.288251409530639648e+02 6.051305770874023438e+01 2.757554054260253906e+01 3.094151306152343750e+01
2.272240753173828125e+02 6.018749332427978516e+01 2.866997528076171875e+01 3.189980125427246094e+01
2.230127944946289062e+02 5.851091957092285156e+01 3.216289520263671875e+01 3.300867080688476562e+01
2.305200033187866211e+02 6.048328113555908203e+01 2.562658119201660156e+01 3.064280509948730469e+01
2.283226747512817383e+02 6.056338310241699219e+01 2.747816276550292969e+01 3.082186508178710938e+01
2.264859447479248047e+02 5.872463226318359375e+01 2.929462814331054688e+01 3.213916778564453125e+01
2.252838582992553711e+02 5.953483676910400391e+01 2.999646949768066406e+01 3.072345542907714844e+01
2.319713554382324219e+02 6.036739921569824219e+01 2.521559143066406250e+01 3.078721237182617188e+01
2.302639951705932617e+02 6.126104927062988281e+01 2.556161689758300781e+01 2.980192947387695312e+01
2.285585851669311523e+02 6.019843387603759766e+01 2.755594825744628906e+01 2.990801048278808594e+01
2.283537921905517578e+02 5.929035949707031250e+01 2.782803726196289062e+01 3.146237945556640625e+01
2.299344902038574219e+02 6.024270820617675781e+01 2.675784301757812500e+01 3.052936172485351562e+01
2.284060993194580078e+02 6.024272441864013672e+01 2.699368667602539062e+01 3.050189399719238281e+01
2.266995544433593750e+02 5.921523189544677734e+01 2.852588653564453125e+01 3.171729469299316406e+01
2.290800886154174805e+02 5.927287292480468750e+01 2.862956428527832031e+01 3.075109100341796875e+01
2.286866617202758789e+02 5.943809318542480469e+01 2.729755210876464844e+01 3.175484848022460938e+01
2.292716703414916992e+02 6.071793460845947266e+01 2.624910163879394531e+01 3.059944725036621094e+01
2.222542953491210938e+02 5.820617294311523438e+01 3.375344085693359375e+01 3.210490417480468750e+01
2.246617994308471680e+02 5.942243576049804688e+01 3.043072700500488281e+01 3.093209838867187500e+01
2.285528459548950195e+02 5.974431037902832031e+01 2.776446342468261719e+01 3.067348098754882812e+01
2.263174676895141602e+02 5.809153747558593750e+01 2.976207542419433594e+01 3.246520233154296875e+01
2.273423633575439453e+02 6.008233547210693359e+01 2.811334609985351562e+01 3.069269752502441406e+01
2.262098379135131836e+02 5.883471870422363281e+01 2.936400794982910156e+01 3.137302017211914062e+01
2.273031768798828125e+02 5.926875877380371094e+01 2.872402191162109375e+01 3.086434555053710938e+01
2.306009521484375000e+02 6.042701339721679688e+01 2.604251861572265625e+01 3.090637207031250000e+01
2.305838937759399414e+02 6.090066623687744141e+01 2.566400718688964844e+01 3.028720664978027344e+01
2.274903669357299805e+02 6.016338157653808594e+01 2.919661140441894531e+01 3.096599960327148438e+01
2.306600456237792969e+02 6.080760478973388672e+01 2.531712341308593750e+01 3.076687812805175781e+01
2.273400001525878906e+02 5.985223770141601562e+01 2.964210510253906250e+01 3.158561706542968750e+01
2.297700281143188477e+02 6.096934413909912109e+01 2.627676963806152344e+01 3.046322059631347656e+01
2.248848133087158203e+02 5.922904682159423828e+01 3.127893447875976562e+01 3.172485160827636719e+01
2.283750877380371094e+02 6.066636562347412109e+01 2.663273620605468750e+01 3.028489112854003906e+01
2.277371587753295898e+02 6.028993606567382812e+01 2.863114356994628906e+01 3.087403869628906250e+01
2.282317047119140625e+02 5.923589515686035156e+01 2.865097808837890625e+01 3.224383926391601562e+01
2.275207901000976562e+02 6.015221786499023438e+01 2.873467254638671875e+01 3.170422363281250000e+01
2.306090507507324219e+02 5.933458042144775391e+01 2.690594482421875000e+01 3.161685752868652344e+01
2.261032142639160156e+02 5.944317245483398438e+01 3.034553527832031250e+01 3.192762756347656250e+01
2.281849393844604492e+02 6.124153900146484375e+01 2.747227668762207031e+01 3.011891937255859375e+01
2.281522960662841797e+02 6.000558662414550781e+01 2.841779708862304688e+01 3.156634902954101562e+01
2.278433523178100586e+02 5.906510353088378906e+01 2.930999183654785156e+01 3.225366592407226562e+01
2.304758319854736328e+02 6.033185195922851562e+01 2.694171524047851562e+01 3.108798217773437500e+01
2.248759317398071289e+02 5.917708015441894531e+01 3.153519248962402344e+01 3.214731216430664062e+01
2.285162668228149414e+02 6.050159835815429688e+01 2.891419029235839844e+01 3.021836853027343750e+01
2.260153799057006836e+02 5.936649990081787109e+01 3.075762367248535156e+01 3.155074501037597656e+01
2.253166656494140625e+02 5.964160442352294922e+01 3.078414154052734375e+01 3.167726325988769531e+01
2.303001050949096680e+02 6.006042098999023438e+01 2.670901679992675781e+01 3.028977966308593750e+01
2.265969476699829102e+02 5.948763179779052734e+01 2.963936424255371094e+01 3.116488075256347656e+01
2.301099815368652344e+02 6.072361564636230469e+01 2.707482910156250000e+01 3.038117599487304688e+01
2.292670879364013672e+02 6.022670936584472656e+01 2.685345077514648438e+01 3.073776626586914062e+01
2.243775253295898438e+02 5.806011581420898438e+01 3.181891632080078125e+01 3.204963684082031250e+01
2.273404712677001953e+02 6.021765613555908203e+01 2.870007705688476562e+01 3.086324882507324219e+01
2.287334260940551758e+02 5.986415386199951172e+01 2.789895439147949219e+01 3.138051033020019531e+01
2.285574169158935547e+02 5.875580883026123047e+01 2.725596237182617188e+01 3.185261726379394531e+01
2.283678398132324219e+02 5.978547000885009766e+01 2.753895568847656250e+01 3.078957176208496094e+01
2.270990352630615234e+02 5.911257362365722656e+01 2.816466903686523438e+01 3.172499465942382812e+01
2.272226200103759766e+02 5.844932365417480469e+01 2.946203994750976562e+01 3.243621444702148438e+01
2.287678289413452148e+02 5.993005371093750000e+01 2.677602577209472656e+01 3.048674774169921875e+01
2.249264240264892578e+02 5.864222240447998047e+01 2.961441421508789062e+01 3.131105232238769531e+01
2.250687294006347656e+02 5.944536304473876953e+01 2.914273071289062500e+01 3.099044609069824219e+01
2.289368114471435547e+02 6.078816223144531250e+01 2.668116378784179688e+01 3.070050811767578125e+01
2.263595829010009766e+02 5.864223289489746094e+01 2.930093765258789062e+01 3.202071762084960938e+01
2.250458707809448242e+02 5.941342067718505859e+01 2.935893440246582031e+01 3.072016334533691406e+01
2.298853492736816406e+02 6.087489604949951172e+01 2.574235534667968750e+01 3.048668098449707031e+01
2.281636924743652344e+02 6.000358295440673828e+01 2.731387329101562500e+01 3.024966239929199219e+01
2.272152671813964844e+02 5.949516105651855469e+01 2.750112915039062500e+01 3.140270614624023438e+01
2.273784809112548828e+02 5.880507087707519531e+01 2.774356460571289062e+01 3.163617324829101562e+01
2.288948297500610352e+02 6.049518775939941406e+01 2.571555137634277344e+01 3.084529495239257812e+01
2.250541782379150391e+02 5.955877590179443359e+01 2.859788894653320312e+01 3.144936561584472656e+01
2.307304801940917969e+02 6.090963745117187500e+01 2.461215209960937500e+01 3.088678741455078125e+01
2.293447265625000000e+02 6.188334369659423828e+01 2.588784027099609375e+01 3.010841178894042969e+01
2.290554113388061523e+02 6.046987819671630859e+01 2.679148292541503906e+01 3.076377296447753906e+01
2.274696540832519531e+02 5.951168441772460938e+01 2.743101501464843750e+01 3.159291076660156250e+01
2.249910306930541992e+02 5.916844940185546875e+01 2.939401435852050781e+01 3.238738250732421875e+01
2.244857778549194336e+02 5.912106990814208984e+01 3.010924720764160156e+01 3.160535621643066406e+01
2.285901851654052734e+02 6.067268466949462891e+01 2.615967941284179688e+01 3.002284812927246094e+01
2.258420944213867188e+02 5.874076175689697266e+01 2.925388336181640625e+01 3.134221458435058594e+01
2.293454284667968750e+02 5.923473739624023438e+01 2.741846466064453125e+01 3.085340881347656250e+01
2.288993234634399414e+02 5.792455387115478516e+01 2.735877037048339844e+01 3.057411766052246094e+01
2.198143577575683594e+02 5.475844001770019531e+01 3.673263549804687500e+01 3.207826614379882812e+01
2.292608242034912109e+02 5.478444194793701172e+01 2.741920089721679688e+01 3.131918525695800781e+01
2.241152725219726562e+02 5.429562282562255859e+01 3.200487518310546875e+01 2.967563819885253906e+01
2.333947591781616211e+02 5.258534526824951172e+01 2.403367042541503906e+01 2.914970588684082031e+01
2.333756361007690430e+02 5.106529712677001953e+01 2.539183235168457031e+01 2.795171928405761719e+01
2.322630176544189453e+02 4.906071376800537109e+01 2.691824722290039062e+01 2.830376625061035156e+01
2.355021457672119141e+02 4.705617141723632812e+01 2.380952835083007812e+01 2.714533996582031250e+01
2.336725587844848633e+02 4.540916061401367188e+01 2.377084922790527344e+01 2.690676116943359375e+01
2.311762990951538086e+02 4.156475353240966797e+01 2.521161079406738281e+01 2.901572608947753906e+01
2.295116071701049805e+02 3.582955074310302734e+01 2.731601905822753906e+01 3.193232154846191406e+01
2.271764163970947266e+02 3.334787368774414062e+01 3.340482711791992188e+01 3.236839294433593750e+01
2.228489055633544922e+02 3.010374641418457031e+01 3.743692398071289062e+01 3.408893203735351562e+01
1.883420715332031250e+02 3.322199058532714844e+01 4.457561492919921875e+01 3.403542709350585938e+01
1.833284416198730469e+02 2.884200859069824219e+01 4.199670410156250000e+01 4.085004806518554688e+01
1.852882709503173828e+02 3.255492401123046875e+01 4.648482131958007812e+01 3.539324188232421875e+01
1.871104812622070312e+02 2.743092155456542969e+01 4.168587493896484375e+01 3.899648666381835938e+01
1.919803752899169922e+02 3.090687751770019531e+01 4.329131698608398438e+01 3.293999099731445312e+01
2.238507814407348633e+02 2.835397911071777344e+01 2.878716850280761719e+01 3.029084396362304688e+01
2.252422437667846680e+02 2.625432682037353516e+01 2.760980415344238281e+01 3.111662864685058594e+01
2.228636426925659180e+02 2.475745487213134766e+01 2.710037422180175781e+01 3.074233055114746094e+01
2.255766677856445312e+02 2.272831153869628906e+01 2.442963409423828125e+01 3.028345108032226562e+01
2.238919229507446289e+02 2.245120429992675781e+01 2.574544334411621094e+01 3.007970046997070312e+01
2.222829713821411133e+02 2.203514289855957031e+01 2.695791435241699219e+01 3.106337356567382812e+01
2.216899862289428711e+02 2.390533638000488281e+01 2.801700782775878906e+01 3.072145462036132812e+01
2.207726631164550781e+02 2.537289619445800781e+01 2.901016235351562500e+01 3.173254776000976562e+01
2.218794422149658203e+02 3.010878849029541016e+01 2.777225112915039062e+01 3.113509178161621094e+01
2.200475606918334961e+02 3.103484153747558594e+01 2.793506813049316406e+01 3.195623397827148438e+01
2.200745449066162109e+02 3.534482765197753906e+01 2.793735885620117188e+01 3.191308975219726562e+01
2.173165712356567383e+02 3.719612693786621094e+01 3.047836112976074219e+01 3.243301010131835938e+01
2.167544107437133789e+02 4.090606021881103516e+01 3.094363975524902344e+01 3.156232261657714844e+01
2.228018732070922852e+02 4.573022079467773438e+01 2.490981101989746094e+01 2.906877136230468750e+01
2.192269906997680664e+02 4.700388813018798828e+01 2.850835227966308594e+01 3.004453849792480469e+01
2.242407808303833008e+02 4.919009017944335938e+01 2.476875114440917969e+01 3.048397827148437500e+01
2.233534708023071289e+02 5.248318672180175781e+01 2.616850852966308594e+01 2.999948501586914062e+01
2.255778789520263672e+02 5.404234600067138672e+01 2.460163497924804688e+01 3.024458503723144531e+01
2.221372261047363281e+02 5.597907733917236328e+01 2.863955688476562500e+01 3.063773918151855469e+01
2.255313253402709961e+02 5.760625362396240234e+01 2.589872169494628906e+01 3.055349159240722656e+01
2.270987854003906250e+02 6.125659084320068359e+01 2.494124603271484375e+01 3.043630409240722656e+01
2.244896869659423828e+02 6.131503105163574219e+01 2.601942825317382812e+01 3.110735702514648438e+01
2.232654075622558594e+02 6.344639682769775391e+01 2.851770019531250000e+01 3.111588096618652344e+01
2.206661148071289062e+02 6.277900505065917969e+01 3.027202606201171875e+01 3.185126876831054688e+01
2.238347606658935547e+02 6.613372516632080078e+01 2.739699935913085938e+01 3.125582695007324219e+01
2.246560230255126953e+02 6.948133850097656250e+01 2.627544021606445312e+01 3.126497650146484375e+01
2.233616619110107422e+02 7.096981239318847656e+01 2.689879989624023438e+01 3.208795547485351562e+01
2.207362260818481445e+02 7.146437072753906250e+01 2.913883781433105469e+01 3.329018402099609375e+01
2.224898023605346680e+02 7.657377624511718750e+01 2.627203559875488281e+01 3.141265106201171875e+01
2.211663131713867188e+02 7.858339309692382812e+01 2.642432403564453125e+01 3.123197937011718750e+01
2.202955913543701172e+02 7.941550636291503906e+01 2.771174240112304688e+01 3.202615737915039062e+01
2.193361749649047852e+02 8.038028621673583984e+01 2.706268882751464844e+01 3.151369667053222656e+01
2.209293909072875977e+02 8.078841400146484375e+01 2.690633201599121094e+01 3.145711517333984375e+01
2.205735101699829102e+02 8.201072311401367188e+01 2.651462364196777344e+01 3.132963562011718750e+01
2.193444499969482422e+02 8.313935279846191406e+01 2.718888473510742188e+01 3.204828262329101562e+01
2.196393175125122070e+02 8.367401504516601562e+01 2.723356437683105469e+01 3.215769958496093750e+01
2.203886222839355469e+02 8.435976696014404297e+01 2.659901428222656250e+01 3.137115669250488281e+01
2.203559989929199219e+02 8.391600131988525391e+01 2.557312011718750000e+01 3.188942527770996094e+01
2.193046169281005859e+02 8.532811546325683594e+01 2.653713607788085938e+01 3.142255783081054688e+01
2.207084150314331055e+02 8.488176727294921875e+01 2.549054145812988281e+01 3.008684539794921875e+01
2.205093469619750977e+02 8.454754352569580078e+01 2.560487937927246094e+01 3.089495658874511719e+01
2.204473266601562500e+02 8.445002746582031250e+01 2.557517242431640625e+01 3.090435028076171875e+01
2.208100118637084961e+02 8.438820838928222656e+01 2.539972877502441406e+01 3.053198623657226562e+01
2.204851322174072266e+02 8.474194240570068359e+01 2.512112808227539062e+01 3.033831214904785156e+01
2.198781051635742188e+02 8.734304428100585938e+01 2.702996063232421875e+01 3.018894958496093750e+01
2.207492809295654297e+02 8.683910179138183594e+01 2.622956466674804688e+01 3.092345809936523438e+01
2.199513349533081055e+02 8.633820152282714844e+01 2.845083808898925781e+01 3.235839462280273438e+01
2.210840082168579102e+02 8.649863624572753906e+01 2.881436729431152344e+01 3.216995620727539062e+01
2.138758468627929688e+02 8.355648994445800781e+01 3.362671661376953125e+01 3.370163345336914062e+01
2.142230834960937500e+02 8.471460151672363281e+01 3.594304656982421875e+01 3.524545669555664062e+01
1.958205032348632812e+02 6.558723068237304688e+01 5.383882904052734375e+01 4.811761474609375000e+01
1.855594100952148438e+02 7.027518272399902344e+01 4.879647064208984375e+01 5.898283004760742188e+01
1.929600639343261719e+02 8.029339790344238281e+01 5.420356750488281250e+01 4.663261795043945312e+01
1.929014110565185547e+02 6.776633834838867188e+01 5.995899581909179688e+01 6.027482604980468750e+01
1.952025833129882812e+02 7.808794975280761719e+01 4.497890472412109375e+01 4.921149826049804688e+01
1.963661289215087891e+02 7.427539443969727984e+01 5.354613113403320312e+01 4.989970397949218750e+01
1.978081855773925781e+02 7.438431358337403765e+01 4.820394897460937500e+01 5.345335006713867188e+01
2.004921932220458984e+02 7.404492568969727984e+01 5.201110458374023438e+01 5.365197753906250000e+01
2.004296264648437500e+02 7.329817962646485796e+01 5.901813507080078125e+01 5.369322967529296875e+01
2.028000354766845703e+02 7.214990615844727984e+01 4.755243301391601562e+01 5.351568603515625000e+01
2.056334743499755859e+02 7.384196472167968750e+01 5.516576766967773438e+01 4.860311126708984375e+01
2.086914863586425781e+02 6.964208412170410156e+01 6.006961059570312500e+01 5.385216140747070312e+01
2.089663467407226562e+02 7.340379142761230469e+01 5.687187957763671875e+01 5.136973190307617188e+01
2.095077419281005859e+02 7.087818145751953125e+01 5.196749496459960938e+01 5.154970550537109375e+01
2.136595897674560547e+02 7.206622505187988281e+01 4.966209030151367188e+01 5.120959854125976562e+01
2.077010860443115234e+02 6.216300010681150923e+01 6.169009017944335938e+01 5.731092453002929688e+01
2.187809982299804688e+02 7.610462379455564985e+01 4.833696746826171875e+01 4.710199356079101562e+01
2.181280307769775391e+02 7.009597778320311079e+01 5.579182815551757812e+01 4.913454437255859375e+01
2.171807117462158203e+02 6.900700950622557173e+01 5.030449295043945312e+01 4.979288864135742188e+01
2.164151611328125000e+02 5.847304534912107954e+01 6.486287689208984375e+01 6.019719696044921875e+01
2.159004631042480469e+02 7.150202369689939985e+01 5.507907104492187500e+01 5.420421218872070312e+01
2.223098831176757812e+02 6.723686218261717329e+01 6.112116241455078125e+01 5.247129058837890625e+01
2.206950550079345703e+02 7.152158164978025923e+01 4.960673904418945312e+01 4.992873764038085938e+01
2.246638774871826172e+02 6.837815284729002485e+01 5.919771957397460938e+01 4.873004531860351562e+01
2.197467708587646484e+02 6.723045730590818891e+01 5.565198898315429688e+01 5.311698913574218750e+01
2.182129192352294922e+02 6.746165657043455610e+01 6.131576156616210938e+01 4.991069412231445312e+01
2.203600807189941406e+02 6.524131393432615766e+01 6.245051574707031250e+01 5.032723999023437500e+01
2.224875659942626953e+02 6.241833114624022016e+01 5.356041336059570312e+01 4.487399291992187500e+01
2.204855995178222656e+02 5.331239318847654829e+01 6.170936584472656250e+01 4.848361968994140625e+01
2.219400501251220703e+02 5.559688186645506391e+01 4.554744338989257812e+01 4.496069335937500000e+01
2.257330818176269531e+02 5.009923934936522016e+01 5.066622924804687500e+01 4.487916564941406250e+01
2.341053810119628906e+02 5.254826164245604048e+01 4.578152465820312500e+01 4.004117965698242188e+01
2.260257396697998047e+02 4.849748992919920454e+01 4.856661605834960938e+01 4.602686309814453125e+01
2.258790283203125000e+02 4.262185859680174360e+01 5.413666534423828125e+01 4.419028091430664062e+01
2.308127231597900391e+02 4.592325210571287641e+01 3.801927566528320312e+01 3.935066223144531250e+01
2.303267669677734375e+02 4.068012046813963423e+01 4.141922760009765625e+01 4.114802169799804688e+01
2.278058834075927734e+02 3.496324539184568891e+01 4.827111434936523438e+01 4.576173400878906250e+01
2.346682376861572266e+02 4.038100624084471235e+01 3.339917373657226562e+01 3.363936233520507812e+01
2.349106693267822266e+02 3.667879486083982954e+01 3.582750320434570312e+01 3.331877899169921875e+01
2.501372413635253906e+02 3.599241638183590908e+01 3.711228942871093750e+01 3.266402435302734375e+01
2.457381668090820312e+02 2.885309982299801845e+01 4.250695037841796875e+01 3.658415222167968750e+01
2.241842651367187500e+02 2.684229850769040127e+01 4.757418060302734375e+01 4.161825180053710938e+01
2.282865009307861328e+02 2.960303497314450283e+01 4.392062759399414062e+01 4.024022674560546875e+01
2.339344139099121094e+02 2.892006874084469814e+01 3.660646057128906250e+01 3.863467788696289062e+01
2.318745384216308594e+02 2.800404167175290127e+01 3.683799743652343750e+01 3.748046493530273438e+01
2.314936828613281250e+02 2.744130706787106533e+01 3.644792938232421875e+01 3.628989410400390625e+01
2.351179409027099609e+02 2.723574256896969814e+01 3.738927841186523438e+01 3.493640518188476562e+01
2.283526973724365234e+02 2.778904533386227627e+01 3.980283737182617188e+01 3.615494918823242188e+01
2.291337623596191406e+02 2.652709388732907314e+01 4.087420654296875000e+01 3.985216140747070312e+01
2.262343997955322266e+02 2.816561698913571377e+01 4.461590957641601562e+01 4.102990341186523438e+01
2.245401515960693359e+02 2.997522926330563564e+01 4.086097335815429688e+01 3.940069961547851562e+01
2.282595500946044922e+02 3.443037986755368252e+01 4.086079025268554688e+01 3.854969406127929688e+01
2.321136741638183594e+02 3.521449089050290127e+01 4.264851379394531250e+01 3.816544723510742188e+01
2.271074256896972656e+02 3.763088607788083095e+01 4.490254211425781250e+01 4.099577331542968750e+01
2.266257648468017578e+02 3.718636703491208095e+01 5.150175857543945312e+01 3.971981811523437500e+01
2.281867637634277344e+02 4.210927391052243252e+01 4.129136657714843750e+01 3.698760604858398438e+01
2.298359870910644531e+02 4.118215179443356533e+01 5.285383605957031250e+01 3.920850372314453125e+01
2.316322746276855469e+02 4.302306556701657314e+01 4.953091430664062500e+01 3.825612258911132812e+01
2.359754581451416016e+02 4.422672271728512783e+01 4.973486709594726562e+01 3.855869293212890625e+01
2.187210979461669922e+02 4.408725166320797939e+01 5.046474838256835938e+01 4.364557266235351562e+01
2.484028301239013672e+02 5.133100128173825283e+01 3.607018661499023438e+01 3.534476470947265625e+01
2.508857259750366211e+02 5.838649749755856533e+01 3.165914344787597656e+01 3.090743255615234375e+01
2.485070667266845703e+02 5.931113433837887783e+01 3.041781997680664062e+01 3.213826751708984375e+01
2.380911064147949219e+02 5.960671234130856533e+01 3.775064086914062500e+01 3.193090057373046875e+01
2.285715713500976562e+02 5.522319030761715908e+01 5.086141204833984375e+01 4.068235015869140625e+01
2.104717311859130859e+02 6.013151359558102627e+01 5.346264266967773438e+01 4.305794906616210938e+01
2.066733283996582031e+02 5.692900657653805752e+01 6.302891540527343750e+01 5.270490646362304688e+01
2.080247650146484375e+02 6.751871681213376064e+01 5.191667938232421875e+01 4.437927627563476562e+01
1.977375259399414062e+02 6.408420562744136362e+01 5.485807037353515625e+01 5.076883697509765625e+01
2.008157539367675781e+02 6.060732078552241830e+01 6.599702453613281250e+01 5.725342941284179688e+01
1.947574176788330078e+02 7.125472640991206674e+01 5.187025833129882812e+01 5.609887695312500000e+01
2.027487621307373047e+02 7.229261970520015268e+01 5.908559799194335938e+01 5.121306228637695312e+01
1.966254100799560547e+02 7.473350715637202768e+01 5.984780502319335938e+01 5.281419754028320312e+01
1.936100387573242188e+02 7.376106071472163705e+01 5.978907012939453125e+01 5.531142807006834516e+01
1.856497764587402344e+02 7.240303802490228691e+01 6.025030517578125000e+01 6.026746368408203125e+01
1.845064907073974609e+02 7.624110412597650566e+01 6.239396286010742188e+01 5.668990325927734375e+01
1.836371212005615234e+02 7.753396224975580253e+01 5.971595382690429688e+01 5.454507446289062500e+01
1.888950920104980469e+02 7.961445426940912284e+01 7.051495361328125000e+01 5.299691390991210938e+01
1.840889492034912109e+02 8.057222557067865409e+01 5.408463668823242188e+01 5.338743209838867188e+01
1.853148574829101562e+02 7.592498588562006034e+01 6.414746856689453125e+01 5.710787582397460938e+01
1.816428775787353516e+02 8.006603813171381034e+01 5.177521133422851562e+01 5.727102279663085938e+01
1.853085536956787109e+02 8.350621604919427909e+01 4.667072677612304688e+01 5.290345382690429688e+01
1.818752174377441406e+02 7.553471755981439628e+01 5.932545471191406250e+01 5.604873657226562500e+01
1.796911277770996094e+02 7.820339584350580253e+01 6.193569946289062500e+01 5.609043884277343750e+01
1.844121093750000000e+02 8.443058776855463066e+01 6.436959075927734375e+01 4.939054107666015625e+01
1.805536708831787109e+02 7.826988983154291191e+01 5.177781295776367188e+01 5.878307342529296875e+01
1.823954067230224609e+02 8.031040573120111503e+01 4.892036056518554688e+01 5.476741027832031250e+01
1.859373035430908203e+02 7.830701255798334159e+01 5.058531570434570312e+01 5.287008285522460938e+01
1.907645702362060547e+02 7.861993408203119316e+01 5.462234115600585938e+01 5.158890533447265625e+01
1.869456844329833984e+02 6.432752418518060722e+01 5.719358444213867188e+01 5.957815933227539062e+01
1.934544639587402344e+02 6.654593086242670097e+01 6.424975585937500000e+01 5.372877883911132812e+01
1.957279338836669922e+02 7.031588745117181816e+01 5.000973129272460938e+01 4.396675872802734375e+01
1.906719131469726562e+02 6.428570938110345878e+01 5.311617279052734375e+01 4.980212402343750000e+01
2.173906421661376953e+02 6.259645271301263847e+01 3.770703506469726562e+01 3.545779800415039062e+01
2.267178325653076172e+02 6.253567409515375175e+01 2.767524337768554688e+01 3.135595130920410156e+01
2.217506723403930664e+02 5.750501632690424003e+01 3.061163902282714844e+01 3.146955871582031250e+01
2.276521778106689453e+02 5.598603153228754081e+01 2.492564773559570312e+01 2.938480186462402344e+01
2.262771091461181641e+02 5.185928344726556816e+01 2.376219558715820312e+01 2.897418212890625000e+01
2.255143928527832031e+02 4.963944721221918144e+01 2.519694519042968750e+01 2.931266593933105469e+01
2.228041315078735352e+02 4.727525043487543144e+01 2.526553916931152344e+01 2.940781974792480469e+01
2.220933876037597656e+02 4.607962608337396659e+01 2.614320373535156250e+01 2.881148910522460938e+01
2.195830726623535156e+02 4.317009067535394706e+01 2.707044982910156250e+01 2.987615013122558594e+01
2.187590017318725586e+02 3.847150135040277519e+01 2.767513465881347656e+01 3.161323356628417969e+01
2.126482353210449219e+02 3.649980735778802909e+01 3.356016540527343750e+01 3.320153427124023438e+01
2.134471225738525391e+02 3.429743194580072441e+01 3.406669998168945312e+01 3.401412200927734375e+01
2.052078838348388672e+02 2.956334877014154472e+01 4.321825790405273438e+01 3.725664138793945312e+01
2.149586391448974609e+02 3.487197589874261894e+01 3.216804122924804688e+01 3.187811088562011719e+01
2.021773071289062500e+02 2.995206069946283378e+01 4.374240875244140625e+01 3.682658386230468750e+01
2.157899789810180664e+02 3.425500202178949394e+01 2.873064231872558594e+01 3.160154533386230469e+01
2.155994777679443359e+02 3.277969455718988456e+01 2.859389877319335938e+01 3.182585716247558594e+01
2.161621656417846680e+02 3.306835365295404472e+01 3.049571418762207031e+01 3.282712173461914062e+01
2.075057449340820312e+02 2.950831794738763847e+01 4.193613433837890625e+01 3.584093093872070312e+01
1.834192905426025391e+02 3.276409149169916191e+01 5.145055007934570312e+01 3.931789398193359375e+01
1.793140277862548828e+02 3.117207336425776987e+01 4.978395462036132812e+01 4.195803070068359375e+01
1.885073986053466797e+02 3.592700386047359018e+01 5.141097640991210938e+01 3.604863357543945312e+01
1.808101501464843750e+02 3.248765563964839487e+01 4.458470916748046875e+01 4.272292327880859375e+01
1.874891948699951172e+02 4.044185447692866830e+01 3.950786972045898438e+01 3.523328781127929688e+01
1.866856231689453125e+02 3.825234031677243252e+01 4.519889068603515625e+01 3.629839706420898438e+01
1.880909538269042969e+02 3.978544616699215908e+01 4.701280212402343750e+01 3.801270294189453125e+01
2.006028518676757812e+02 4.983437919616696377e+01 4.095516204833984375e+01 3.222863388061523438e+01
2.004684600830078125e+02 4.938572120666501064e+01 4.422733306884765625e+01 3.518555068969726562e+01
2.285045585632324219e+02 5.554226493835446377e+01 3.966757202148437500e+01 3.473919296264648438e+01
2.314069442749023438e+02 5.466255378723141689e+01 4.384200286865234375e+01 3.500172805786132812e+01
2.078222656250000000e+02 5.649274826049801845e+01 4.445430755615234375e+01 3.851472473144531250e+01
2.062473182678222656e+02 5.502840995788571377e+01 5.453140258789062500e+01 4.692623519897460938e+01
2.394823970794677734e+02 6.386993789672847299e+01 4.065078353881835938e+01 3.933137512207031250e+01
2.463833370208740234e+02 6.857336044311519174e+01 3.418543624877929688e+01 3.612107849121093750e+01
2.472835502624511719e+02 7.047936248779292612e+01 3.322024536132812500e+01 3.602741241455078125e+01
2.520531997680664062e+02 7.552883148193353691e+01 3.263278961181640625e+01 3.534639739990234375e+01
2.482781715393066406e+02 7.538901329040521659e+01 3.438113403320312500e+01 3.621891403198242188e+01
2.525653820037841797e+02 8.043786048889154472e+01 3.213044357299804688e+01 3.620116043090820312e+01
2.474656333923339844e+02 7.734036636352533378e+01 3.408747863769531250e+01 3.829737854003906250e+01
2.479125957489013672e+02 8.129356002807611503e+01 3.395412826538085938e+01 3.781056213378906250e+01
2.337873020172119141e+02 7.736360359191888847e+01 4.363086318969726562e+01 4.147368240356445312e+01
2.165490016937255859e+02 6.778213500976556816e+01 5.884605026245117188e+01 5.120690155029296875e+01
2.117403278350830078e+02 7.325851631164545097e+01 5.717970657348632812e+01 5.339455032348632812e+01
2.158491592407226562e+02 7.939795684814447441e+01 5.498810577392578125e+01 4.808036041259765625e+01
2.142403869628906250e+02 7.427205657958978691e+01 6.651241302490234375e+01 5.234641265869140625e+01
2.138997421264648438e+02 7.679858207702631034e+01 5.570471954345703125e+01 5.312557601928710938e+01
2.129617729187011719e+02 7.366188240051263847e+01 6.521981811523437500e+01 5.389491653442382812e+01
2.138747100830078125e+02 7.719613456726068534e+01 5.297539520263671875e+01 5.162105941772460938e+01
2.171315116882324219e+02 6.832496643066400566e+01 6.604418945312500000e+01 5.986116790771484375e+01
2.161595516204833984e+02 7.872890853881830253e+01 5.013691329956054688e+01 4.873800659179687500e+01
2.159389152526855469e+02 6.961669540405267753e+01 6.406591796875000000e+01 5.502612304687500000e+01
2.156438903808593750e+02 7.763956642150873222e+01 5.303768157958984375e+01 4.974942398071289062e+01
2.154566955566406250e+02 6.491654014587396659e+01 6.763729095458984375e+01 5.564820480346679688e+01
2.167076339721679688e+02 7.809364128112787284e+01 5.300925445556640625e+01 4.824285507202148438e+01
2.172979583740234375e+02 6.363049507141106176e+01 7.048128509521484375e+01 5.609125137329101562e+01
2.198733119964599609e+02 7.139804077148430395e+01 4.576151657104492188e+01 4.786331939697265625e+01
2.156846256256103516e+02 5.559881401062004613e+01 6.133234024047851562e+01 5.248147201538085938e+01
2.159165573120117188e+02 6.085275650024406957e+01 4.835681915283203125e+01 4.896961975097656250e+01
2.151831188201904297e+02 5.402645492553703832e+01 5.576949691772460938e+01 4.806239318847656250e+01
2.202769851684570312e+02 4.840289878845207738e+01 6.498355865478515625e+01 4.928908920288085938e+01
2.174302330017089844e+02 4.627985572814934301e+01 5.347341918945312500e+01 4.677235794067382812e+01
2.323441486358642578e+02 4.963566017150871801e+01 4.282213211059570312e+01 3.755203628540039062e+01
2.262543601989746094e+02 3.699041175842278051e+01 4.905850219726562500e+01 4.088391494750976562e+01
2.239578647613525391e+02 3.620388031005852270e+01 4.903218460083007812e+01 3.928920745849609375e+01
2.287843647003173828e+02 3.104700088500969457e+01 4.790906143188476562e+01 4.241424560546875000e+01
2.263891029357910156e+02 2.948596000671379613e+01 5.226016235351562500e+01 3.964295578002929688e+01
2.163835983276367188e+02 2.475379943847649145e+01 5.291072845458984375e+01 4.307273101806640625e+01
2.266702213287353516e+02 2.708069229125969457e+01 4.209849929809570312e+01 4.068302917480468750e+01
2.308576583862304688e+02 2.789171600341789770e+01 4.394953155517578125e+01 3.903327178955078125e+01
2.282700405120849609e+02 2.832985496520988988e+01 4.238235092163085938e+01 3.879662704467773438e+01
2.392471256256103516e+02 2.747554206848137426e+01 4.084213638305664062e+01 3.583092117309570312e+01
2.390825309753417969e+02 2.601994895935051488e+01 4.096943664550781250e+01 3.623078536987304688e+01
2.437971096038818359e+02 2.615146064758293676e+01 3.845425033569335938e+01 3.438090896606445312e+01
2.342852993011474609e+02 2.790998268127434301e+01 4.210197067260742188e+01 3.316711807250976562e+01
2.359350109100341797e+02 2.804051780700677909e+01 4.050094223022460938e+01 3.487583541870117188e+01
2.342377052307128906e+02 2.761080551147453832e+01 4.516041564941406250e+01 3.986137390136718750e+01
2.239219226837158203e+02 2.558962631225578832e+01 5.076192092895507812e+01 4.249661254882812500e+01
2.273164787292480469e+02 2.695023155212395238e+01 4.685314941406250000e+01 4.143966293334960938e+01
2.334491367340087891e+02 2.725321006774895238e+01 4.368931961059570312e+01 3.950132369995117188e+01
2.383566665649414062e+02 2.824905204772942113e+01 4.125595855712890625e+01 3.882397079467773438e+01
2.411296596527099609e+02 2.893962097167961645e+01 4.063991928100585938e+01 3.881896209716796875e+01
2.415787258148193359e+02 2.722844314575188207e+01 5.060197067260742188e+01 4.087516784667968750e+01
2.323242645263671875e+02 2.810409927368156957e+01 5.307648468017578125e+01 3.850366210937500000e+01
2.473497524261474609e+02 3.391417121887199926e+01 5.754491806030273438e+01 3.788669204711914062e+01
2.557703247070312500e+02 3.123430824279778051e+01 5.322467803955078125e+01 3.934488296508789062e+01
2.897421588897705078e+02 3.569227218627922582e+01 3.420654678344726562e+01 3.584545898437500000e+01
2.881282577514648438e+02 2.927519226074211645e+01 4.872536468505859375e+01 4.006264495849609375e+01
2.898399372100830078e+02 3.424218559265129613e+01 3.706882095336914062e+01 3.713915634155273438e+01
2.975579433441162109e+02 3.219011306762688207e+01 3.471807479858398438e+01 3.860144042968750000e+01
3.002000751495361328e+02 2.776525688171379613e+01 5.444357681274414062e+01 4.370373153686523438e+01
2.666114749908447266e+02 3.408409118652336645e+01 4.534869766235351562e+01 3.397875213623046875e+01
2.956413021087646484e+02 3.202546310424797582e+01 3.425822067260742188e+01 3.881489562988281250e+01
2.915203552246093750e+02 3.400407028198235082e+01 4.397597503662109375e+01 3.661413574218750000e+01
2.906304664611816406e+02 3.021264457702629613e+01 6.001644897460937500e+01 4.173228073120117188e+01
2.651707153320312500e+02 3.666742897033684301e+01 4.104395294189453125e+01 3.180165481567382812e+01
2.680463581085205078e+02 3.679461860656731176e+01 3.886757278442382812e+01 3.333272171020507812e+01
2.923327999114990234e+02 3.530561637878410863e+01 3.335700607299804688e+01 3.691981124877929688e+01
2.834692802429199219e+02 3.400845336914055395e+01 4.618725585937500000e+01 3.661666107177734375e+01
2.842458953857421875e+02 2.250580215454094457e+01 7.151644134521484375e+01 4.976460266113281250e+01
2.326674709320068359e+02 3.310314369201653051e+01 6.291817855834960938e+01 4.613809585571289062e+01
2.396042213439941406e+02 3.587436676025383520e+01 5.351647949218750000e+01 3.870209503173828125e+01
2.470746326446533203e+02 3.705603218078606176e+01 4.404610061645507812e+01 3.455983352661132812e+01
2.417607269287109375e+02 3.705003547668449926e+01 4.244203948974609375e+01 3.612170791625976562e+01
2.380690422058105469e+02 3.746611976623528051e+01 4.265954589843750000e+01 3.603009414672851562e+01
2.382210121154785156e+02 3.676242256164543676e+01 3.823236083984375000e+01 3.304031753540039062e+01
2.381545867919921875e+02 3.416947555541985082e+01 4.008802032470703125e+01 3.722348022460937500e+01
2.288063507080078125e+02 3.266062355041496801e+01 3.977411651611328125e+01 3.743506240844726562e+01
2.218980979919433594e+02 3.187390708923332738e+01 4.706465148925781250e+01 4.026549911499023438e+01
2.198087615966796875e+02 3.446531867980949926e+01 5.074326324462890625e+01 3.646184158325195312e+01
2.146898422241210938e+02 3.040644836425774145e+01 5.291599273681640625e+01 3.932152557373046875e+01
2.086511764526367188e+02 3.144990921020500707e+01 5.069596099853515625e+01 3.763279724121093750e+01
2.049713916778564453e+02 2.925031089782707738e+01 5.302022171020507812e+01 4.029146957397460938e+01
2.059775104522705078e+02 3.093775177001946020e+01 5.452721023559570312e+01 4.210234832763671875e+01
1.979210777282714844e+02 2.802882003784172582e+01 5.470928955078125000e+01 4.317027282714843750e+01
1.989682292938232422e+02 3.544929504394524145e+01 4.826011276245117188e+01 3.772956085205078125e+01
1.926189651489257812e+02 3.105082893371574926e+01 4.782070159912109375e+01 3.960609817504882812e+01
1.904773960113525391e+02 2.893556785583488988e+01 4.681398391723632812e+01 4.185250473022460938e+01
1.876187591552734375e+02 2.835829544067375707e+01 5.029705047607421875e+01 4.298065185546875000e+01
1.855293369293212891e+02 3.274333000183098363e+01 4.874628067016601562e+01 4.162237167358398438e+01
1.918910942077636719e+02 3.638998603820793676e+01 4.111508178710937500e+01 3.284833145141601562e+01
1.851772918701171875e+02 3.070692825317375707e+01 4.399875640869140625e+01 3.910671997070312500e+01
1.862462253570556641e+02 3.215974235534660863e+01 4.060104751586914062e+01 3.894984054565429688e+01
1.752013454437255859e+02 2.945217514038078832e+01 4.693993759155273438e+01 3.975567626953125000e+01
1.852668151855468750e+02 3.605076789855949926e+01 4.293967437744140625e+01 3.595726394653320312e+01
1.765441360473632812e+02 3.024967575073235082e+01 4.609731292724609375e+01 3.957270812988281250e+01
1.803717002868652344e+02 3.606402778625481176e+01 4.432548522949218750e+01 3.559888076782226562e+01
1.716212482452392578e+02 2.922007942199699926e+01 4.774536514282226562e+01 4.371986770629882812e+01
1.721719017028808594e+02 3.127601242065422582e+01 5.124844360351562500e+01 4.109060668945312500e+01
1.695803337097167969e+02 3.165323257446281957e+01 4.527885437011718750e+01 4.153131103515625000e+01
1.700697822570800781e+02 3.407353401184074926e+01 4.554682922363281250e+01 3.858024978637695312e+01
1.702233505249023438e+02 3.496798133850090551e+01 5.042612457275390625e+01 3.606816482543945312e+01
1.669537296295166016e+02 3.330597686767571020e+01 4.606192398071289062e+01 3.968846893310546875e+01
1.724200401306152344e+02 3.632873535156242895e+01 4.150135803222656250e+01 3.801605987548828125e+01
1.670750541687011719e+02 2.927787208557121801e+01 4.602845764160156250e+01 4.647240066528320312e+01
1.675635643005371094e+02 3.293846511840813207e+01 4.450004577636718750e+01 4.231451416015625000e+01
1.709915676116943359e+02 3.705909156799309301e+01 4.268171310424804688e+01 3.688341140747070312e+01
2.100216207504272461e+02 3.956566905975334691e+01 2.640239906311035156e+01 3.150192451477050781e+01
2.123033647537231445e+02 4.238504219055168676e+01 2.658741569519042969e+01 3.076829910278320312e+01
2.105067539215087891e+02 4.355775070190422582e+01 2.660429763793945312e+01 3.207034301757812500e+01
2.096616182327270508e+02 4.653854560852043676e+01 2.932325553894042969e+01 3.257252883911132812e+01
2.113854465484619141e+02 5.239053058624260473e+01 2.528819656372070312e+01 3.131605339050292969e+01
2.064823884963989258e+02 5.388752746582024145e+01 3.054931449890136719e+01 3.413632965087890625e+01
2.140152511596679688e+02 6.159640502929680395e+01 2.422913360595703125e+01 3.089867401123046875e+01
2.136734666824340820e+02 6.590749740600578832e+01 2.574114799499511719e+01 3.183770751953125000e+01
2.135172634124755859e+02 7.184396839141838598e+01 2.700582504272460938e+01 3.151609611511230469e+01
2.144495353698730469e+02 7.650312328338615941e+01 2.692037963867187500e+01 3.171234321594238281e+01
2.153232088088989258e+02 8.036192131042473363e+01 2.689784049987792969e+01 3.259659957885742188e+01
2.137466382980346680e+02 8.357732772827141332e+01 2.864386177062988281e+01 3.364595031738281250e+01
2.147142257690429688e+02 8.829600524902336645e+01 2.804123687744140625e+01 3.373738861083984375e+01
2.095761108398437500e+02 8.728359222412102270e+01 3.272933197021484375e+01 3.658332061767578125e+01
1.908621158599853516e+02 7.096301651000969457e+01 5.455490493774414062e+01 4.566877746582031250e+01
1.647045097351074219e+02 6.876988220214836645e+01 7.076745605468750000e+01 6.030736541748048296e+01
1.708383808135986328e+02 8.847501754760736503e+01 5.830284500122070312e+01 5.210168457031250000e+01
1.699248085021972656e+02 7.884926605224603691e+01 7.086393737792968750e+01 6.311396026611328125e+01
1.690881690979003906e+02 7.510660934448236503e+01 7.608070373535156250e+01 6.945364379882812500e+01
1.760496978759765625e+02 8.986097145080560722e+01 6.234108734130859375e+01 5.517325210571289062e+01
1.684670753479003906e+02 8.659254264831537284e+01 5.899433898925781250e+01 5.938140487670898438e+01
1.695102519989013672e+02 8.484694099426263847e+01 6.198348617553710938e+01 6.069801712036132812e+01
1.703341350555419922e+02 8.777738380432123222e+01 6.099309921264648438e+01 5.770181655883789062e+01
1.716259937286376953e+02 8.708479499816888847e+01 5.964564895629882812e+01 5.678117752075195312e+01
1.708187923431396484e+02 8.303839874267572441e+01 6.260209274291992188e+01 5.935666656494140625e+01
1.690611057281494141e+02 8.245481491088861503e+01 6.252505874633789062e+01 5.792953491210937500e+01
1.744449787139892578e+02 8.449282836914056816e+01 6.135164260864257812e+01 5.481987762451171875e+01
1.704843063354492188e+02 7.995099067687982597e+01 6.340274810791015625e+01 6.012306594848632812e+01
1.783194065093994141e+02 8.371751403808588066e+01 5.057132339477539062e+01 5.247713470458984375e+01
1.818765563964843750e+02 7.692173576354974784e+01 6.356707000732421875e+01 5.851751327514648438e+01
1.850461463928222656e+02 7.789136314392084159e+01 6.599797058105468750e+01 5.567444992065429688e+01
1.900717678070068359e+02 7.726649475097650566e+01 5.373475265502929688e+01 5.543193817138671875e+01
1.963590946197509766e+02 7.705546760559076347e+01 5.125802993774414062e+01 5.598143386840820312e+01
2.008233127593994141e+02 7.891366577148431816e+01 5.487747573852539062e+01 4.940956878662109375e+01
2.071944503784179688e+02 7.575821304321283378e+01 5.872107696533203125e+01 5.045848083496093750e+01
2.080235633850097656e+02 7.721040725708002128e+01 5.146183776855468750e+01 4.685557556152343750e+01
2.119500598907470703e+02 7.225332450866693534e+01 6.071522903442382812e+01 4.978550338745117188e+01
2.120109100341796875e+02 7.415982246398920097e+01 5.484111785888671875e+01 4.915820693969726562e+01
2.174446811676025391e+02 7.452042961120599784e+01 5.252182388305664062e+01 4.802158737182617188e+01
2.228826885223388672e+02 7.061792182922357597e+01 5.814748764038085938e+01 4.720390701293945312e+01
2.204822502136230469e+02 7.305025482177728691e+01 5.329020690917968750e+01 4.899082183837890625e+01
2.262695140838623047e+02 6.718469619750970878e+01 6.092911911010742188e+01 4.869140625000000000e+01
2.254931449890136719e+02 6.621382713317865409e+01 6.114497375488281250e+01 5.457650375366210938e+01
2.229249534606933594e+02 7.031511306762689628e+01 5.444389343261718750e+01 5.337847900390625000e+01
2.333509540557861328e+02 7.438216400146478691e+01 5.338040542602539062e+01 4.500142669677734375e+01
2.281934375762939453e+02 6.700892257690424003e+01 6.033078384399414062e+01 4.981542968750000000e+01
2.288158969879150391e+02 7.202157783508295097e+01 6.034590530395507812e+01 4.694093704223632812e+01
2.311285285949707031e+02 7.465856170654291191e+01 5.576806640625000000e+01 4.510797882080078125e+01
2.181607627868652344e+02 6.544030952453607597e+01 6.753721618652343750e+01 5.285339736938476562e+01
2.291526527404785156e+02 7.210483932495111503e+01 5.430593872070312500e+01 4.922291564941406250e+01
2.216655578613281250e+02 6.379617118835443534e+01 6.948175811767578125e+01 5.351887130737304688e+01
2.244515457153320312e+02 6.988656044006341972e+01 5.864861297607421875e+01 5.323534011840820312e+01
2.241128654479980469e+02 7.255266952514642753e+01 6.188783264160156250e+01 5.085020446777343750e+01
2.223561916351318359e+02 7.177328681945795097e+01 6.123891830444335938e+01 5.248300552368164062e+01
2.186527519226074219e+02 6.960355377197259941e+01 6.370518493652343750e+01 5.335680389404296875e+01
2.222187881469726562e+02 7.178263854980463066e+01 6.234822845458984375e+01 5.021469879150390625e+01
2.199870967864990234e+02 6.683314132690424003e+01 5.694573593139648438e+01 5.140846252441406250e+01
2.211636466979980469e+02 6.916164970397943534e+01 6.465132141113281250e+01 4.941132736206054688e+01
2.154292850494384766e+02 6.861236000061029472e+01 5.963292312622070312e+01 5.069026565551757812e+01
2.199176979064941406e+02 6.943335151672357597e+01 6.966491699218750000e+01 4.910980606079101562e+01
2.120735034942626953e+02 6.825203323364252128e+01 5.880508804321289062e+01 4.888183593750000000e+01
2.398924503326416016e+02 6.550119209289545097e+01 5.050569534301757812e+01 4.772043228149414062e+01
2.060629692077636719e+02 6.349944496154779472e+01 6.770397949218750000e+01 5.213466262817382812e+01
2.040001392364501953e+02 6.717744445800775566e+01 4.756370925903320312e+01 4.871646881103515625e+01
1.934948539733886719e+02 6.184619522094719457e+01 6.508262634277343750e+01 5.206208801269531250e+01
1.927343196868896484e+02 6.280725479125969457e+01 5.117333602905273438e+01 5.188160705566406250e+01
1.946521911621093750e+02 5.994173431396477270e+01 6.225199127197265625e+01 5.140796661376953125e+01
1.894140377044677734e+02 6.232677650451653051e+01 5.326034164428710938e+01 5.414001846313476562e+01
1.930691108703613281e+02 6.047590827941887426e+01 6.827026367187500000e+01 5.594401931762695312e+01
1.886723213195800781e+02 6.359084510803215551e+01 5.083511352539062500e+01 5.167062759399414062e+01
1.881468849182128906e+02 6.084648132324211645e+01 6.323980712890625000e+01 5.291254425048828125e+01
1.848561096191406250e+02 6.271327781677238988e+01 5.765836334228515625e+01 4.918413925170898438e+01
1.907266750335693359e+02 6.438020324707024145e+01 4.841317367553710938e+01 4.574365997314453125e+01
1.922023677825927734e+02 6.025754928588861503e+01 5.729436874389648438e+01 4.652175903320312500e+01
1.891880226135253906e+02 5.621552276611322441e+01 6.424517822265625000e+01 4.843135833740234375e+01
1.912085437774658203e+02 6.640343475341791191e+01 5.098120498657226562e+01 4.259420013427734375e+01
1.938219795227050781e+02 5.332781219482416191e+01 6.020472717285156250e+01 5.256079864501953125e+01
1.892106895446777344e+02 5.156353569030756034e+01 7.421350097656250000e+01 5.172286605834960938e+01
1.829442081451416016e+02 5.931175041198724784e+01 4.758975601196289062e+01 4.685586166381835938e+01
1.865461502075195312e+02 5.794054222106927909e+01 5.339035797119140625e+01 4.202898788452148438e+01
2.133584899902343750e+02 5.846205520629877128e+01 3.604293060302734375e+01 3.383013916015625000e+01
2.231257266998291016e+02 5.858459281921381034e+01 2.541733169555664062e+01 3.001050949096679688e+01
2.177003326416015625e+02 5.452229690551752128e+01 3.078363800048828125e+01 3.226370239257812500e+01
2.211097354888916016e+02 5.452942943572992363e+01 2.588518142700195312e+01 2.983676338195800781e+01
2.169773464202880859e+02 5.088320636749261894e+01 2.732290267944335938e+01 3.142771720886230469e+01
2.142177553176879883e+02 5.004888916015619316e+01 2.978887748718261719e+01 3.058728790283203125e+01
2.163795127868652344e+02 4.866603088378900566e+01 2.771051025390625000e+01 3.032057952880859375e+01
2.132742843627929688e+02 4.704193973541254081e+01 3.075760650634765625e+01 3.064690208435058594e+01
2.139508867263793945e+02 4.535917949676507988e+01 2.915340995788574219e+01 3.009794807434082031e+01
2.154085426330566406e+02 4.440709114074701347e+01 2.798672485351562500e+01 2.909427261352539062e+01
2.068196697235107422e+02 4.085463523864740409e+01 3.388679122924804688e+01 3.221606063842773438e+01
2.153526802062988281e+02 3.641231155395502128e+01 2.828839111328125000e+01 3.306326293945312500e+01
2.124392318725585938e+02 3.711492538452142753e+01 3.129811859130859375e+01 3.201905822753906250e+01
2.136978778839111328e+02 3.742198371887201347e+01 2.869641494750976562e+01 2.979259109497070312e+01
2.117362880706787109e+02 3.383257007598871269e+01 3.040967941284179688e+01 3.103550529479980469e+01
2.150571422576904297e+02 3.260159778594965019e+01 2.814318466186523438e+01 3.148054313659667969e+01
2.132135248184204102e+02 2.991364097595209159e+01 2.962695884704589844e+01 3.283356857299804688e+01
2.135871229171752930e+02 2.960330772399896659e+01 2.913382148742675781e+01 3.245017623901367188e+01
2.138947191238403320e+02 2.791834831237787284e+01 2.893371391296386719e+01 3.245574569702148438e+01
2.131491451263427734e+02 2.520798492431634941e+01 3.325507736206054688e+01 3.359384918212890625e+01
2.117513217926025391e+02 2.485862350463861503e+01 3.224330520629882812e+01 3.270503234863281250e+01
2.139403657913208008e+02 2.475282859802240409e+01 2.922479057312011719e+01 3.159070968627929688e+01
2.126600742340087891e+02 2.414852905273431816e+01 2.881476211547851562e+01 3.245771026611328125e+01
2.114984035491943359e+02 2.535817337036127128e+01 2.996944808959960938e+01 3.208009338378906250e+01
2.114761800765991211e+02 2.469004821777338066e+01 3.175571632385253906e+01 3.418538665771484375e+01
2.102418193817138672e+02 2.498806953430170097e+01 3.313140487670898438e+01 3.309267044067382812e+01
2.120781507492065430e+02 2.525436973571771659e+01 3.069995307922363281e+01 3.240121078491210938e+01
2.118849420547485352e+02 2.617394065856927909e+01 3.090724754333496094e+01 3.273865890502929688e+01
2.119950284957885742e+02 2.618661880493158378e+01 3.086178779602050781e+01 3.154382324218750000e+01
2.120913743972778320e+02 2.718987655639642753e+01 2.919660758972167969e+01 3.195333862304687500e+01
2.036286525726318359e+02 2.431548500061029472e+01 3.700722885131835938e+01 3.446432876586914062e+01
1.706327705383300781e+02 2.720120239257806816e+01 4.772465515136718750e+01 3.537297821044921875e+01
1.734643955230712891e+02 2.523220443725580253e+01 4.877978897094726562e+01 4.079077148437500000e+01
1.738546276092529297e+02 2.849984169006341972e+01 4.583494186401367188e+01 3.663801956176757812e+01
1.699187374114990234e+02 2.220616340637201347e+01 5.313227462768554688e+01 4.105006790161132812e+01
1.745775718688964844e+02 2.352310371398920097e+01 5.156944274902343750e+01 3.967160415649414062e+01
1.732624683380126953e+02 2.400900268554681816e+01 5.089455032348632812e+01 3.945131683349609375e+01
1.740310325622558594e+02 2.587076950073237924e+01 4.909739685058593750e+01 3.794656372070312500e+01
1.786643257141113281e+02 2.722790336608882455e+01 5.127159118652343750e+01 3.656075668334960938e+01
1.794779434204101562e+02 2.737766265869136362e+01 5.590270233154296875e+01 3.782266998291015625e+01
1.857859954833984375e+02 2.972039031982417612e+01 5.137818145751953125e+01 3.502878570556640625e+01
2.173443775177001953e+02 3.370743942260737924e+01 2.570076370239257812e+01 2.904243469238281250e+01
2.185744457244873047e+02 3.154141330718989877e+01 2.609263229370117188e+01 3.189401817321777344e+01
2.204786233901977539e+02 3.203147983551021127e+01 2.558321189880371094e+01 3.173364830017089844e+01
2.192968769073486328e+02 3.222170448303218393e+01 2.675941848754882812e+01 3.178969192504882812e+01
2.191961421966552734e+02 3.287788486480708627e+01 2.699628829956054688e+01 3.190538597106933594e+01
2.195779361724853516e+02 3.361288833618159799e+01 2.719905471801757812e+01 3.229629516601562500e+01
2.176475543975830078e+02 3.297251892089839487e+01 2.804585647583007812e+01 3.327904510498046875e+01
2.188011341094970703e+02 3.444998168945308237e+01 2.749814224243164062e+01 3.293592071533203125e+01
2.197405967712402344e+02 4.046462917327876596e+01 2.679069519042968750e+01 3.105449867248535156e+01
2.204102306365966797e+02 4.117596912384028940e+01 2.787102890014648438e+01 3.197506523132324219e+01
2.247232599258422852e+02 4.435373783111568002e+01 2.397058677673339844e+01 2.964111900329589844e+01
2.244469842910766602e+02 4.404768562316890268e+01 2.490360069274902344e+01 2.924388504028320312e+01
2.261758480072021484e+02 4.245625495910640268e+01 2.540291976928710938e+01 2.893109512329101562e+01
2.303198413848876953e+02 4.020276260375972299e+01 2.563850784301757812e+01 2.887463378906250000e+01
2.306207723617553711e+02 3.887171936035151987e+01 2.572019386291503906e+01 2.878836822509765625e+01
2.348791027069091797e+02 3.642595481872554330e+01 2.392057418823242188e+01 2.785880661010742188e+01
2.361069498062133789e+02 3.410368728637691049e+01 2.602560997009277344e+01 2.972712707519531250e+01
2.363094711303710938e+02 2.909330558776851205e+01 2.906215667724609375e+01 3.149525070190429688e+01
2.397527465820312500e+02 2.665562820434566049e+01 3.506694793701171875e+01 3.415664672851562500e+01
2.359281997680664062e+02 2.534910583496089487e+01 4.008821868896484375e+01 3.635323333740234375e+01
2.356586704254150391e+02 2.397763824462886362e+01 4.204765701293945312e+01 3.825220489501953125e+01
2.360063171386718750e+02 2.395436286926265268e+01 4.124352264404296875e+01 3.595155715942382812e+01
2.216088047027587891e+02 2.706430244445796518e+01 4.633130264282226562e+01 3.654454421997070312e+01
2.190154418945312500e+02 2.545712089538569955e+01 4.540166473388671875e+01 3.871912765502929688e+01
2.154846458435058594e+02 2.351853942871089487e+01 4.678436279296875000e+01 4.011191558837890625e+01
2.217428798675537109e+02 2.436147308349605112e+01 4.553251266479492188e+01 4.086734771728515625e+01
2.205640201568603516e+02 2.215886497497554330e+01 4.348839187622070312e+01 4.039425277709960938e+01
2.194636840820312500e+02 2.273312759399409799e+01 4.473345184326171875e+01 4.071318054199218750e+01
2.210443344116210938e+02 2.388397979736323862e+01 4.194666290283203125e+01 3.886840057373046875e+01
2.191395168304443359e+02 2.336943244934077768e+01 4.361899948120117188e+01 3.731779861450195312e+01
2.197314014434814453e+02 2.321067428588862924e+01 4.629492568969726562e+01 3.802879333496093750e+01
2.211133098602294922e+02 2.400598144531245737e+01 4.344642257690429688e+01 3.867618560791015625e+01
2.198474521636962891e+02 2.445214080810542612e+01 4.659984207153320312e+01 3.832151031494140625e+01
2.210155010223388672e+02 2.519407653808589487e+01 4.042846298217773438e+01 3.768735504150390625e+01
2.183807544708251953e+02 2.525058364868159799e+01 4.272232437133789062e+01 3.750250244140625000e+01
2.104131488800048828e+02 2.477991867065425424e+01 4.871060562133789062e+01 3.922241210937500000e+01
2.111921882629394531e+02 2.849588012695308237e+01 4.638397216796875000e+01 4.085279083251953125e+01
2.053865032196044922e+02 2.796099472045894174e+01 4.531252670288085938e+01 3.989167785644531250e+01
1.997712898254394531e+02 2.727639770507808237e+01 4.949728393554687500e+01 4.117549896240234375e+01
1.923318748474121094e+02 2.788089561462398080e+01 4.642980957031250000e+01 4.371129989624023438e+01
1.852915687561035156e+02 2.779245185852046518e+01 5.145274353027343750e+01 4.244597244262695312e+01
1.763949623107910156e+02 2.378475761413569955e+01 5.482060241699218750e+01 4.476626205444335938e+01
1.803347873687744141e+02 2.802068901062007455e+01 5.561572647094726562e+01 4.376066207885742188e+01
1.782749366760253906e+02 2.993411064147944955e+01 4.794758605957031250e+01 4.044413375854492188e+01
1.784619693756103516e+02 2.680379867553706674e+01 5.709073257446289062e+01 3.939477539062500000e+01
1.767023563385009766e+02 2.773437309265132455e+01 4.948680496215820312e+01 3.894007492065429688e+01
1.786767311096191406e+02 2.799042320251460580e+01 4.663739013671875000e+01 4.406338119506835938e+01
1.655309906005859375e+02 1.843976593017573862e+01 6.578408050537109375e+01 4.619962310791015625e+01
1.866540184020996094e+02 2.605720710754390268e+01 6.537255859375000000e+01 4.257307815551757812e+01
1.696873416900634766e+02 1.954441070556636362e+01 6.181804275512695312e+01 4.663105010986328125e+01
1.806489696502685547e+02 2.573148727416987924e+01 6.240726852416992188e+01 4.420733642578125000e+01
1.806646366119384766e+02 3.066495323181148080e+01 5.103389358520507812e+01 3.345423507690429688e+01
1.803047542572021484e+02 2.758870315551753549e+01 4.642637252807617188e+01 4.007499694824218750e+01
1.756576328277587891e+02 2.509590148925776987e+01 4.695213699340820312e+01 4.200023651123046875e+01
1.796448268890380859e+02 2.742313003540034799e+01 5.000367355346679688e+01 3.820550537109375000e+01
1.855223541259765625e+02 2.882775497436519174e+01 4.850553131103515625e+01 3.532858276367187500e+01
1.801407337188720703e+02 2.450755310058589487e+01 5.483183670043945312e+01 4.485082244873046875e+01
1.728979949951171875e+02 2.521905136108394174e+01 5.278446197509765625e+01 4.238841247558593750e+01
1.751465244293212891e+02 2.654548263549800424e+01 4.881380081176757812e+01 3.927642822265625000e+01
1.814054889678955078e+02 2.724300575256343393e+01 5.316679763793945312e+01 4.001759719848632812e+01
1.796440200805664062e+02 2.769947814941403408e+01 4.540674591064453125e+01 4.104950714111328125e+01
1.785820407867431641e+02 2.891237258911129970e+01 4.851242446899414062e+01 4.240493774414062500e+01
1.807835426330566406e+02 3.441895103454587002e+01 4.746226501464843750e+01 3.413554000854492188e+01
1.760276851654052734e+02 3.117602729797360439e+01 4.144729232788085938e+01 4.229697036743164062e+01
1.810248355865478516e+02 3.770380401611325283e+01 3.793892288208007812e+01 3.924755096435546875e+01
1.760993041992187500e+02 3.938911628723141689e+01 4.486029815673828125e+01 3.829721450805664062e+01
1.737640819549560547e+02 3.854297637939450283e+01 4.576855087280273438e+01 4.344922637939453125e+01
1.770755367279052734e+02 4.772727966308590908e+01 4.687612533569335938e+01 3.869316864013671875e+01
1.748995914459228516e+02 4.866931533813473720e+01 4.326190567016601562e+01 4.001976013183593750e+01
2.185051107406616211e+02 6.087992000579831142e+01 2.659804725646972656e+01 3.096705055236816406e+01
2.119945106506347656e+02 5.830898857116696377e+01 3.273681640625000000e+01 3.533263778686523438e+01
2.141060523986816406e+02 6.067028045654294033e+01 3.385499572753906250e+01 3.439278411865234375e+01
2.213613443374633789e+02 6.280912780761715908e+01 2.819544029235839844e+01 3.243752288818359375e+01
2.146780548095703125e+02 5.953080558776852627e+01 3.685201263427734375e+01 3.527061080932617188e+01
2.156168594360351562e+02 5.967200279235837002e+01 3.550142669677734375e+01 3.396958541870117188e+01
2.245585565567016602e+02 6.477049827575680752e+01 2.658633995056152344e+01 3.023905563354492188e+01
2.231103048324584961e+02 6.548475646972653408e+01 2.477855873107910156e+01 3.108226776123046875e+01
2.214946928024291992e+02 6.267462158203122158e+01 2.665498542785644531e+01 3.083995819091796875e+01
2.198152475357055664e+02 6.010746002197262783e+01 2.753700828552246094e+01 3.179027557373046875e+01
2.186619396209716797e+02 5.758835697174069423e+01 2.909309005737304688e+01 3.104169273376464844e+01
2.191378087997436523e+02 5.441528797149655361e+01 2.963103675842285156e+01 2.949989128112792969e+01
2.239655323028564453e+02 5.162852764129635830e+01 2.648190689086914062e+01 2.957116889953613281e+01
2.246535739898681641e+02 4.831637859344479580e+01 2.748741531372070312e+01 2.803201484680175781e+01
2.283449220657348633e+02 4.290116691589352627e+01 2.558494377136230469e+01 2.916711044311523438e+01
2.292620649337768555e+02 4.068034458160397548e+01 2.438778877258300781e+01 2.819132041931152344e+01
2.311072578430175781e+02 3.906390190124508877e+01 2.567065429687500000e+01 2.843632125854492188e+01
2.306402482986450195e+02 3.841908168792721767e+01 2.556164360046386719e+01 2.916671180725097656e+01
2.307597160339355469e+02 3.862474822998044033e+01 2.485301208496093750e+01 2.941336822509765625e+01
2.298090209960937500e+02 3.867253875732419033e+01 2.649263763427734375e+01 3.031195831298828125e+01
2.325986509323120117e+02 3.967343425750729580e+01 2.455192756652832031e+01 3.004062080383300781e+01
2.321119260787963867e+02 3.898425006866452236e+01 2.505894660949707031e+01 2.971436882019042969e+01
2.317886056900024414e+02 3.670421791076657314e+01 2.522356224060058594e+01 3.114018630981445312e+01
2.315842065811157227e+02 3.602021408081051845e+01 2.557909202575683594e+01 2.962528991699218750e+01
2.322605800628662109e+02 3.459143924713131923e+01 2.578127670288085938e+01 3.053421592712402344e+01
2.317598562240600586e+02 3.436023521423337002e+01 2.422217750549316406e+01 3.048673629760742188e+01
2.318705148696899414e+02 3.450153446197506923e+01 2.616625022888183594e+01 3.019536399841308594e+01
2.329626560211181641e+02 3.481277179718014736e+01 2.536540603637695312e+01 3.013610649108886719e+01
2.321067371368408203e+02 3.477295017242428798e+01 2.499635696411132812e+01 3.010254478454589844e+01
2.317889900207519531e+02 3.375580883026120205e+01 2.527262878417968750e+01 3.037529182434082031e+01
2.320777120590209961e+02 3.455055904388424892e+01 2.527388954162597656e+01 2.961692237854003906e+01
2.318067083358764648e+02 3.280031394958493252e+01 2.600661659240722656e+01 3.046590805053710938e+01
2.334315643310546875e+02 3.294125843048092861e+01 2.462415313720703125e+01 2.949249076843261719e+01
2.343454389572143555e+02 3.413043117523190517e+01 2.468539619445800781e+01 2.813044166564941406e+01
2.333312978744506836e+02 3.401967334747311611e+01 2.340502357482910156e+01 2.823518180847167969e+01
2.338557758331298828e+02 3.383093547821042080e+01 2.462556838989257812e+01 2.777849006652832031e+01
2.333531990051269531e+02 3.443635845184323330e+01 2.438578796386718750e+01 2.730270576477050781e+01
2.334988794326782227e+02 3.208599185943600673e+01 2.452992820739746094e+01 2.890111351013183594e+01
2.332352952957153320e+02 3.475986194610592861e+01 2.515931510925292969e+01 2.704195976257324219e+01
2.334962272644042969e+02 3.197987937927243252e+01 2.680166625976562500e+01 3.035700607299804688e+01
2.283093061447143555e+02 2.772160530090329189e+01 3.136868476867675781e+01 3.606009292602539062e+01
2.345457782745361328e+02 2.218037223815915127e+01 4.457297134399414062e+01 3.968902206420898438e+01
2.027117958068847656e+02 4.148440170288083095e+01 4.654299926757812500e+01 3.656579589843750000e+01
2.016839466094970703e+02 3.911095619201657314e+01 5.019845962524414062e+01 3.903313064575195312e+01
2.019338455200195312e+02 4.024447441101071377e+01 5.201160430908203125e+01 3.803402328491210938e+01
1.998334274291992188e+02 3.909909629821774502e+01 5.435793304443359375e+01 3.784615707397460938e+01
1.973310966491699219e+02 3.496420669555661220e+01 5.962426757812500000e+01 4.186140441894531250e+01
1.863350334167480469e+02 2.904800796508786220e+01 6.544917297363281250e+01 4.570909118652343750e+01
1.923746109008789062e+02 3.993108558654782314e+01 5.818138885498046875e+01 3.866928482055664062e+01
1.835465164184570312e+02 3.483230209350583095e+01 6.704781341552734375e+01 4.151828002929687500e+01
1.902776298522949219e+02 3.555381774902340908e+01 6.288740539550781250e+01 4.199532318115234375e+01
1.881110343933105469e+02 3.341583061218258877e+01 6.586405944824218750e+01 4.270914840698242188e+01
1.917796649932861328e+02 3.928413200378415127e+01 5.527017593383789062e+01 3.757877731323242188e+01
1.811374931335449219e+02 3.106574058532712002e+01 7.470254516601562500e+01 4.410282516479492188e+01
1.711509819030761719e+02 3.217916107177731533e+01 7.902120971679687500e+01 4.686875152587890625e+01
2.112408504486083984e+02 2.227360343933102627e+01 4.473090744018554688e+01 4.300930404663085938e+01
2.142993011474609375e+02 2.286155509948727627e+01 4.533570098876953125e+01 4.036365890502929688e+01
1.680759124755859375e+02 3.063748741149899502e+01 8.143279266357421875e+01 4.818697738647460938e+01
1.889150314331054688e+02 2.809398460388180752e+01 6.113828277587890625e+01 4.694973373413085938e+01
1.852073116302490234e+02 3.899205780029294033e+01 6.168174362182617188e+01 3.805007171630859375e+01
1.907057762145996094e+02 3.207376480102536220e+01 6.677877807617187500e+01 4.270152282714843750e+01
1.865614013671875000e+02 3.721338653564450283e+01 6.201093292236328125e+01 3.968531036376953125e+01
1.869872589111328125e+02 2.943244743347165127e+01 6.886539459228515625e+01 4.396747970581054688e+01
1.785984420776367188e+02 3.462365150451657314e+01 7.147347259521484375e+01 4.290956497192382812e+01
1.875446777343750000e+02 3.998429298400876064e+01 5.285675811767578125e+01 3.636192703247070312e+01
1.715252571105957031e+02 3.230593490600583095e+01 6.821717834472656250e+01 4.233790588378906250e+01
1.855149211883544922e+02 4.177356719970700283e+01 5.783861923217773438e+01 3.502593231201171875e+01
1.795353755950927734e+02 3.123580932617184658e+01 5.985558700561523438e+01 4.275922393798828125e+01
1.831281833648681641e+02 3.704812240600581674e+01 4.911345291137695312e+01 3.827534484863281250e+01
1.711109390258789062e+02 3.118902397155757455e+01 5.368093109130859375e+01 3.975344467163085938e+01
1.761451530456542969e+02 2.905921363830563564e+01 5.825639343261718750e+01 3.930809402465820312e+01
1.875569648742675781e+02 3.038647842407223720e+01 4.859765625000000000e+01 4.028564453125000000e+01
1.891755294799804688e+02 2.968790245056149502e+01 4.864339447021484375e+01 3.766686630249023438e+01
1.837216739654541016e+02 2.685664749145504970e+01 4.657199478149414062e+01 4.053446960449218750e+01
1.879635620117187500e+02 2.778332519531247158e+01 4.257704925537109375e+01 3.808864593505859375e+01
1.890852108001708984e+02 2.383308219909665127e+01 4.615162277221679688e+01 4.036391830444335938e+01
1.889661846160888672e+02 2.521803092956540127e+01 4.726926803588867188e+01 3.925831222534179688e+01
1.891881046295166016e+02 2.611431694030758877e+01 4.456560134887695312e+01 3.813521957397460938e+01
1.858415851593017578e+02 2.071203422546383877e+01 5.123381423950195312e+01 4.293152999877929688e+01
1.895096130371093750e+02 2.273995590209958095e+01 4.756208038330078125e+01 4.106791687011718750e+01
1.902723255157470703e+02 2.520914077758786220e+01 5.242790603637695312e+01 3.879588317871093750e+01
1.894320106506347656e+02 2.204270935058590908e+01 5.225491333007812500e+01 4.148233795166015625e+01
1.870272006988525391e+02 2.247620964050290127e+01 4.920860671997070312e+01 3.996364974975585938e+01
1.895175056457519531e+02 2.430490303039547939e+01 4.234399414062500000e+01 3.879370498657226562e+01
1.908782539367675781e+02 2.488915824890133877e+01 4.247521972656250000e+01 3.734742355346679688e+01
1.889450073242187500e+02 2.445853233337399502e+01 4.667084503173828125e+01 3.895971298217773438e+01
1.907675056457519531e+02 2.671810150146481533e+01 4.782192993164062500e+01 3.821489715576171875e+01
1.801702213287353516e+02 2.373849296569821377e+01 5.717126846313476562e+01 4.268717575073242188e+01
1.872614135742187500e+02 2.330082702636715908e+01 6.930049896240234375e+01 4.637322235107421875e+01
1.969954338073730469e+02 1.787499237060544033e+01 8.761264038085937500e+01 5.362958526611328125e+01
1.775172996520996094e+02 2.892169189453122158e+01 6.667160034179687500e+01 4.671297454833984375e+01
1.933474617004394531e+02 3.043688774108883877e+01 7.264720153808593750e+01 4.874596786499023438e+01
1.955928974151611328e+02 4.044682502746579189e+01 5.027302932739257812e+01 3.893349075317382812e+01
1.843898754119873047e+02 3.103216552734372158e+01 6.075548934936523438e+01 4.078466033935546875e+01
1.886152839660644531e+02 2.497299957275387783e+01 7.407667541503906250e+01 4.846331024169921875e+01
1.983544311523437500e+02 4.518462181091305752e+01 4.678701019287109375e+01 3.624251937866210938e+01
2.248829898834228516e+02 2.791448593139645595e+01 3.555070877075195312e+01 3.311062622070312500e+01
2.266685523986816406e+02 2.679212760925290127e+01 3.668997192382812500e+01 3.351281356811523438e+01
2.286152458190917969e+02 2.773399925231930752e+01 3.362341308593750000e+01 3.240980148315429688e+01
2.259296112060546875e+02 2.480879211425778408e+01 3.807869720458984375e+01 3.572562408447265625e+01
2.225888442993164062e+02 2.284881591796872158e+01 4.839975738525390625e+01 3.937276458740234375e+01
2.155985546112060547e+02 2.772602462768551845e+01 4.752526473999023438e+01 4.472355651855468750e+01
2.273286514282226562e+02 2.784588050842283735e+01 3.552533721923828125e+01 3.551425552368164062e+01
2.178337879180908203e+02 2.681647491455076704e+01 4.279710769653320312e+01 3.801337432861328125e+01
2.169793415069580078e+02 2.247557640075682173e+01 5.544032669067382812e+01 4.176641464233398438e+01
1.954425544738769531e+02 4.113634681701657314e+01 5.614724731445312500e+01 4.399467849731445312e+01
1.983796997070312500e+02 4.546833801269528408e+01 5.202123260498046875e+01 3.716207122802734375e+01
2.321459045410156250e+02 3.042834091186520595e+01 2.971532440185546875e+01 3.234960937500000000e+01
2.312607831954956055e+02 2.869906044006344814e+01 3.168383979797363281e+01 3.369208145141601562e+01
2.226104450225830078e+02 2.886236763000485439e+01 3.815593338012695312e+01 3.689375686645507812e+01
2.305310163497924805e+02 3.133095645904536752e+01 3.106006050109863281e+01 3.146887779235839844e+01
2.217916107177734375e+02 2.936328315734859018e+01 3.712836456298828125e+01 3.809822463989257812e+01
2.363163108825683594e+02 3.099173164367671518e+01 2.962785339355468750e+01 3.238878250122070312e+01
2.400423126220703125e+02 2.935116100311275034e+01 2.525777435302734375e+01 3.003442573547363281e+01
2.400072879791259766e+02 3.102823257446284799e+01 2.526315689086914062e+01 2.894464111328125000e+01
2.408168878555297852e+02 2.925933170318599252e+01 2.436981773376464844e+01 2.809242820739746094e+01
2.401346044540405273e+02 2.844046020507808237e+01 2.508394813537597656e+01 2.974494171142578125e+01
2.400894260406494141e+02 2.656550407409663705e+01 2.531052017211914062e+01 3.091302108764648438e+01
2.417836780548095703e+02 2.956584739685054330e+01 2.390459060668945312e+01 2.863244247436523438e+01
2.415298957824707031e+02 2.906742382049556284e+01 2.452961730957031250e+01 2.904695320129394531e+01
2.408970184326171875e+02 2.738712215423579721e+01 2.472861480712890625e+01 2.934530067443847656e+01
2.425856466293334961e+02 2.703545093536372690e+01 2.355674171447753906e+01 2.958311271667480469e+01
2.437959146499633789e+02 2.840374088287349252e+01 2.368334007263183594e+01 2.845616722106933594e+01
2.428477544784545898e+02 2.808640766143794565e+01 2.289787483215332031e+01 2.890026664733886719e+01
2.423877182006835938e+02 2.787641048431392221e+01 2.497427368164062500e+01 2.954342079162597656e+01
2.416046600341796875e+02 2.760469055175776987e+01 2.469746398925781250e+01 2.983531951904296875e+01
2.403103733062744141e+02 2.706179523468013315e+01 2.534543991088867188e+01 3.037460136413574219e+01
2.379284515380859375e+02 2.531567955017085580e+01 3.101478576660156250e+01 3.223797225952148438e+01
2.403553619384765625e+02 2.874310588836665659e+01 2.437315368652343750e+01 2.761570930480957031e+01
2.398310480117797852e+02 2.668148326873775034e+01 2.512055778503417969e+01 3.036512947082519531e+01
2.394454832077026367e+02 2.793976688385005502e+01 2.680552101135253906e+01 2.950090599060058594e+01
2.393135347366333008e+02 2.689281845092769174e+01 2.948796653747558594e+01 3.018707275390625000e+01
2.402701110839843750e+02 2.799713802337642221e+01 2.750511169433593750e+01 2.755594825744628906e+01
2.394352264404296875e+02 2.367198181152339487e+01 2.889234924316406250e+01 3.152509307861328125e+01
2.417323236465454102e+02 2.658677959442134409e+01 2.534652519226074219e+01 2.800357246398925781e+01
2.410174503326416016e+02 2.275981998443599252e+01 2.931629562377929688e+01 3.092258262634277344e+01
2.418549718856811523e+02 2.676952171325679330e+01 2.462510871887207031e+01 2.671805953979492188e+01
2.415088529586791992e+02 2.562909698486323862e+01 2.483046913146972656e+01 2.807083892822265625e+01
2.411049108505249023e+02 2.415155696868892221e+01 2.870405769348144531e+01 2.932526588439941406e+01
2.412116403579711914e+02 2.582547378540034799e+01 2.546536064147949219e+01 2.804592895507812500e+01
2.410431003570556641e+02 2.511075973510737924e+01 2.578690719604492188e+01 2.885089111328125000e+01
2.382245655059814453e+02 2.448505878448482065e+01 2.978719711303710938e+01 2.976701164245605469e+01
2.374595127105712891e+02 2.373556613922114877e+01 3.385462570190429688e+01 3.111408042907714844e+01
2.358561592102050781e+02 2.670053100585933237e+01 3.013330841064453125e+01 2.885379791259765625e+01
2.390100774765014648e+02 2.672511577606196909e+01 2.718542671203613281e+01 2.881042671203613281e+01
2.381031436920166016e+02 2.484888935089107065e+01 2.829150009155273438e+01 3.039777946472167969e+01
2.387812099456787109e+02 2.723902893066401987e+01 2.674827957153320312e+01 2.781409454345703125e+01
2.362291917800903320e+02 2.346370506286616830e+01 2.975223350524902344e+01 3.244244003295898438e+01
2.402214126586914062e+02 2.701928615570064096e+01 2.546653747558593750e+01 2.921007728576660156e+01
2.389253549575805664e+02 2.383169651031489877e+01 2.748458671569824219e+01 3.030090904235839844e+01
2.441419878005981445e+02 2.483627700805659799e+01 3.105092430114746094e+01 2.792131042480468750e+01
2.419178009033203125e+02 2.491016292572017221e+01 2.960086059570312500e+01 2.668869972229003906e+01
2.395973939895629883e+02 2.562498855590816049e+01 2.947073936462402344e+01 2.552737426757812500e+01
2.401770095825195312e+02 2.651926994323726205e+01 2.592630004882812500e+01 2.582310104370117188e+01
2.395350322723388672e+02 2.425581836700435190e+01 3.246684646606445312e+01 2.856498527526855469e+01
2.368996067047119141e+02 2.456959152221675424e+01 3.402706527709960938e+01 2.906796264648437500e+01
2.342306442260742188e+02 2.245884227752681284e+01 4.237503051757812500e+01 3.118930244445800781e+01
1.991251506805419922e+02 2.383970451354976205e+01 5.417141342163085938e+01 3.704693222045898438e+01
1.995009860992431641e+02 1.788264465332026987e+01 6.252344131469726562e+01 4.354256439208984375e+01
2.019030284881591797e+02 2.195644378662105112e+01 5.346603012084960938e+01 4.154496002197265625e+01
1.805571899414062500e+02 9.558052062988252828e+00 7.515407562255859375e+01 5.188646697998046875e+01
2.012969512939453125e+02 2.192712020874020595e+01 5.685936737060546875e+01 4.406694030761718750e+01
1.636943111419677734e+02 4.964338302612276266e+00 5.341773605346679688e+01 4.198098373413085938e+01
1.695682220458984375e+02 8.911293029785127828e+00 7.860720062255859375e+01 5.100789642333984375e+01
1.976095409393310547e+02 1.561800384521481533e+01 5.942049789428710938e+01 4.794249725341796875e+01
1.907061958312988281e+02 7.826879501342745016e+00 6.055734252929687500e+01 4.203623580932617188e+01
1.980534934997558594e+02 1.784173774719234018e+01 9.084434509277343750e+01 5.172240066528320312e+01
2.074243068695068359e+02 2.548013305664058237e+01 4.529290390014648438e+01 3.482869720458984375e+01
2.065996246337890625e+02 2.411343574523921518e+01 4.800930023193359375e+01 3.575952529907226562e+01
2.134730720520019531e+02 2.425021362304683237e+01 4.501647949218750000e+01 3.307430267333984375e+01
2.139666748046875000e+02 1.973630905151362924e+01 5.461327362060546875e+01 3.687785339355468750e+01
2.156236305236816406e+02 2.026777267456051845e+01 5.370498657226562500e+01 3.394296264648437500e+01
2.216827716827392578e+02 1.571599006652829189e+01 4.955688858032226562e+01 3.608107376098632812e+01
2.225328559875488281e+02 1.742761611938473720e+01 5.383024597167968750e+01 3.715032958984375000e+01
2.204091663360595703e+02 2.076568794250485439e+01 4.773118972778320312e+01 3.356444168090820312e+01
2.218973846435546875e+02 2.093712806701657314e+01 4.967592620849609375e+01 3.364523696899414062e+01
2.184807472229003906e+02 1.624053382873532314e+01 5.663566589355468750e+01 3.930510330200195312e+01
2.139511604309082031e+02 1.648084831237791548e+01 6.459004211425781250e+01 3.906586837768554688e+01
2.061747112274169922e+02 1.969665336608885298e+01 5.218874740600585938e+01 3.656731796264648438e+01
2.082874927520751953e+02 1.535970878601072798e+01 6.201984024047851562e+01 4.181843185424804688e+01
2.104729843139648438e+02 1.873664474487303266e+01 4.893254852294921875e+01 3.611979675292968750e+01
2.089291248321533203e+02 2.217393302917479048e+01 5.480459976196289062e+01 3.858449935913085938e+01
2.116510620117187500e+02 2.735800170898436079e+01 4.037177276611328125e+01 3.229972076416015625e+01
2.127806663513183594e+02 2.579505538940428266e+01 4.099745178222656250e+01 3.162945556640625000e+01
2.089329185485839844e+02 2.307603454589842329e+01 4.615997314453125000e+01 3.461075592041015625e+01
2.115354137420654297e+02 2.738452529907225141e+01 4.264135360717773438e+01 3.212524414062500000e+01
2.089637622833251953e+02 2.348424339294432173e+01 4.851640701293945312e+01 3.574407577514648438e+01
2.094043903350830078e+02 2.801563739776609907e+01 4.396579360961914062e+01 3.088377189636230469e+01
2.068393249511718750e+02 2.382595062255857954e+01 4.654813385009765625e+01 3.529862213134765625e+01
2.109135856628417969e+02 2.815526199340818891e+01 4.468502807617187500e+01 3.345181274414062500e+01
2.069822769165039062e+02 2.365235137939451704e+01 4.792591094970703125e+01 3.667671966552734375e+01
2.055368957519531250e+02 2.608033370971678266e+01 5.112364959716796875e+01 3.711849975585937500e+01
2.043912296295166016e+02 2.238084220886229048e+01 5.484485244750976562e+01 3.847945785522460938e+01
2.008670864105224609e+02 2.720534706115721235e+01 4.776498031616210938e+01 3.791389846801757812e+01
2.063217010498046875e+02 3.109178161621092329e+01 4.127811431884765625e+01 3.217252349853515625e+01
2.386803178787231445e+02 2.407248973846434126e+01 2.307137870788574219e+01 3.010780525207519531e+01
2.227874298095703125e+02 2.182716369628904829e+01 3.635983276367187500e+01 3.364412689208984375e+01
2.281935157775878906e+02 2.827303695678709516e+01 3.076294708251953125e+01 3.157244873046875000e+01
2.240663394927978516e+02 2.680476093292234907e+01 3.512101364135742188e+01 3.184597587585449219e+01
2.270399723052978516e+02 2.824598121643064985e+01 3.269222640991210938e+01 3.151121902465820312e+01
2.196445579528808594e+02 2.571223831176756391e+01 3.976024627685546875e+01 3.207527160644531250e+01
2.052028770446777344e+02 3.051736450195311079e+01 4.072216033935546875e+01 3.600060272216796875e+01
2.037487678527832031e+02 2.895451545715330610e+01 4.051224517822265625e+01 3.732562637329101562e+01
2.054699821472167969e+02 3.278549766540525923e+01 4.327436065673828125e+01 3.437537765502929688e+01
2.018512954711914062e+02 3.059265136718748579e+01 3.856474304199218750e+01 3.522582244873046875e+01
2.063308639526367188e+02 3.279159164428709516e+01 3.721188354492187500e+01 3.494538879394531250e+01
2.119241561889648438e+02 3.662683105468748579e+01 3.978222656250000000e+01 3.330533599853515625e+01
2.109534626007080078e+02 3.050046920776365766e+01 4.411443710327148438e+01 3.852331542968750000e+01
2.074765548706054688e+02 3.544367790222166548e+01 4.276126098632812500e+01 3.796355819702148438e+01
2.086819419860839844e+02 3.910083580017088423e+01 4.159674835205078125e+01 3.716711044311523438e+01
2.047276077270507812e+02 3.140988922119139204e+01 4.439849853515625000e+01 4.353429412841796875e+01
2.056984920501708984e+02 4.102701187133787641e+01 3.725258255004882812e+01 3.781164550781250000e+01
2.053015689849853516e+02 3.644406127929684658e+01 4.317495346069335938e+01 3.827808380126953125e+01
2.047577056884765625e+02 2.867844963073727627e+01 5.330206298828125000e+01 4.448887252807617188e+01
