9.600000000000000000e+01 8.300000000000000000e+01 1.600000000000000000e+01 1.600000000000000000e+01
9.576111316680908203e+01 8.248070621490478516e+01 1.584004020690917969e+01 1.674543571472167969e+01
9.554438638687133789e+01 8.221146965026855469e+01 1.575457286834716797e+01 1.683411026000976562e+01
9.636152410507202148e+01 8.184471130371093750e+01 1.564987659454345703e+01 1.695507049560546875e+01
9.611021041870117188e+01 8.234924030303955078e+01 1.581934356689453125e+01 1.714280509948730469e+01
9.548984289169311523e+01 8.257198905944824219e+01 1.562669086456298828e+01 1.707563400268554688e+01
9.611396265029907227e+01 8.242142772674560547e+01 1.576828289031982422e+01 1.687145423889160156e+01
9.571827316284179688e+01 8.230700969696044922e+01 1.593731689453125000e+01 1.685580635070800781e+01
9.541270971298217773e+01 8.214863109588623047e+01 1.597967243194580078e+01 1.676219367980957031e+01
9.627107572555541992e+01 8.183553886413574219e+01 1.582597446441650391e+01 1.697069168090820312e+01
9.613604831695556641e+01 8.264111995697021484e+01 1.560468101501464844e+01 1.713392066955566406e+01
9.577161121368408203e+01 8.263488006591796875e+01 1.585004997253417969e+01 1.695293426513671875e+01
9.554712629318237305e+01 8.271188735961914062e+01 1.582888889312744141e+01 1.682875823974609375e+01
9.617533683776855469e+01 8.265473270416259766e+01 1.585960769653320312e+01 1.687174034118652344e+01
9.607635259628295898e+01 8.250472831726074219e+01 1.554784107208251953e+01 1.709305191040039062e+01
9.565455579757690430e+01 8.260285472869873047e+01 1.597084903717041016e+01 1.722210121154785156e+01
9.583592987060546875e+01 8.229025936126708984e+01 1.634664916992187500e+01 1.730146980285644531e+01
9.504337215423583984e+01 8.287984180450439453e+01 1.651420021057128906e+01 1.768611717224121094e+01
9.545382976531982422e+01 8.300846862792968750e+01 1.683666419982910156e+01 1.745631408691406250e+01
9.494712162017822266e+01 8.324924468994140625e+01 1.689811515808105469e+01 1.797435760498046875e+01
9.558871841430664062e+01 8.398716449737548828e+01 1.696584320068359375e+01 1.818686485290527344e+01
9.526806449890136719e+01 8.434233570098876953e+01 1.705406570434570312e+01 1.904997825622558594e+01
9.579656982421875000e+01 8.486610507965087891e+01 1.700728607177734375e+01 1.808218955993652344e+01
9.542039585113525391e+01 8.460773181915283203e+01 1.749930381774902344e+01 1.808775901794433594e+01
9.484434032440185547e+01 8.513948535919189453e+01 1.692722511291503906e+01 1.764291191101074219e+01
9.453035259246826172e+01 8.593378448486328125e+01 1.708684730529785156e+01 1.706975555419921875e+01
9.480403900146484375e+01 8.634988689422607422e+01 1.667965698242187500e+01 1.673900794982910156e+01
9.465938377380371094e+01 8.536752986907958984e+01 1.687863540649414062e+01 1.675562477111816406e+01
9.362213420867919922e+01 8.653854608535766602e+01 1.753676795959472656e+01 1.593361186981201172e+01
9.372661685943603516e+01 8.575585174560546875e+01 1.718182945251464844e+01 1.667523956298828125e+01
9.147443580627441406e+01 8.626631259918212891e+01 1.820691299438476562e+01 1.684360313415527344e+01
8.929665851593017578e+01 8.810197257995605469e+01 1.787370872497558594e+01 1.606773757934570312e+01
8.670840167999267578e+01 8.994420909881591797e+01 1.776867485046386719e+01 1.560451698303222656e+01
8.324727249145507812e+01 9.155507087707519531e+01 1.545088958740234375e+01 1.572059249877929688e+01
8.139217090606689453e+01 9.418723678588867188e+01 1.607777214050292969e+01 1.568803405761718750e+01
7.979662990570068359e+01 9.389743041992187500e+01 1.771816444396972656e+01 1.639093780517578125e+01
7.712609863281250000e+01 9.586516618728637695e+01 1.666424560546875000e+01 1.520289516448974609e+01
7.472496414184570312e+01 9.551827621459960938e+01 1.799243164062500000e+01 1.667394256591796875e+01
7.204315090179443359e+01 9.638932514190673828e+01 1.673170661926269531e+01 1.534444999694824219e+01
7.028381538391113281e+01 9.551489448547363281e+01 1.691423416137695312e+01 1.590502548217773438e+01
6.943030071258544922e+01 9.582954311370849609e+01 1.721915626525878906e+01 1.629400062561035156e+01
6.963361644744873047e+01 9.633322525024414062e+01 1.726913642883300781e+01 1.637804412841796875e+01
7.140221214294433594e+01 9.687906932830810547e+01 1.689031600952148438e+01 1.634713172912597656e+01
7.315578174591064453e+01 9.697005271911621094e+01 1.660767936706542969e+01 1.639719009399414062e+01
7.541098308563232422e+01 9.692610931396484375e+01 1.862555885314941406e+01 1.611447906494140625e+01
7.830861282348632812e+01 9.673898983001708984e+01 1.704980468750000000e+01 1.613781166076660156e+01
8.087233161926269531e+01 9.569224452972412109e+01 1.635940170288085938e+01 1.597867774963378906e+01
8.280104064941406250e+01 9.384367275238037109e+01 1.581866455078125000e+01 1.562180519104003906e+01
8.568199300765991211e+01 9.250342559814453125e+01 1.583405780792236328e+01 1.554138183593750000e+01
8.724214744567871094e+01 9.112277603149414062e+01 1.678070449829101562e+01 1.590171051025390625e+01
8.767473602294921875e+01 9.041039085388183594e+01 1.630393218994140625e+01 1.633318710327148438e+01
8.886841201782226562e+01 8.970679759979248047e+01 1.927335357666015625e+01 1.765939521789550781e+01
8.997718524932861328e+01 9.085090160369873047e+01 1.925545310974121094e+01 1.703409004211425781e+01
9.164500331878662109e+01 9.071856689453125000e+01 1.877021980285644531e+01 1.735659790039062500e+01
9.247867870330810547e+01 9.117191219329833984e+01 1.855203437805175781e+01 1.708123970031738281e+01
9.282207202911376953e+01 9.169884300231933594e+01 1.870934104919433594e+01 1.685316848754882812e+01
9.234710693359375000e+01 9.313534927368164062e+01 1.911904907226562500e+01 1.659960937500000000e+01
1.103537931442260742e+02 7.939972591400146484e+01 2.040369606018066406e+01 1.956797218322753906e+01
1.092853879928588867e+02 7.953118324279785156e+01 2.047363471984863281e+01 1.932950973510742188e+01
1.083161468505859375e+02 7.907419586181640625e+01 2.182794189453125000e+01 2.038012695312500000e+01
1.091722812652587891e+02 7.949797439575195312e+01 2.221866226196289062e+01 2.037474060058593750e+01
1.100344676971435547e+02 7.937191390991210938e+01 2.026091384887695312e+01 1.974489593505859375e+01
1.099274063110351562e+02 7.885613822937011719e+01 2.018045806884765625e+01 1.974930953979492188e+01
1.111352319717407227e+02 7.897924709320068359e+01 2.004527091979980469e+01 1.929540443420410156e+01
1.128135814666748047e+02 7.857427406311035156e+01 1.860387802124023438e+01 1.943672561645507812e+01
1.132246160507202148e+02 7.889833927154541016e+01 1.973496437072753906e+01 1.898605155944824219e+01
1.137291584014892578e+02 7.678870105743408203e+01 2.121631240844726562e+01 1.971336174011230469e+01
1.143911781311035156e+02 7.629248237609863281e+01 1.961295318603515625e+01 1.993143081665039062e+01
1.146983022689819336e+02 7.535861873626708984e+01 2.041593360900878906e+01 2.024891090393066406e+01
1.159091386795043945e+02 7.613430976867675781e+01 2.026469993591308594e+01 1.904554367065429688e+01
1.152218952178955078e+02 7.464465427398681641e+01 2.002161788940429688e+01 2.014130210876464844e+01
1.165381355285644531e+02 7.584723472595214844e+01 1.966564178466796875e+01 1.882108688354492188e+01
1.149832124710083008e+02 7.462581539154052734e+01 2.054253196716308594e+01 1.981846046447753906e+01
1.163282394409179688e+02 7.498051643371582031e+01 1.934465789794921875e+01 1.918175888061523438e+01
1.150963115692138672e+02 7.498608684539794922e+01 2.091118240356445312e+01 1.967228889465332031e+01
1.149823741912841797e+02 7.505228614807128906e+01 2.060173416137695312e+01 1.916282272338867188e+01
1.161476583480834961e+02 7.492717742919921875e+01 2.042115211486816406e+01 1.912958526611328125e+01
1.152174654006958008e+02 7.501440048217773438e+01 2.057989311218261719e+01 1.954201507568359375e+01
1.144091148376464844e+02 7.538625526428222656e+01 2.239497375488281250e+01 1.983320999145507812e+01
1.142871150970458984e+02 7.506892204284667969e+01 2.167707443237304688e+01 1.993278121948242188e+01
1.152631645202636719e+02 7.456118869781494141e+01 2.203922271728515625e+01 1.972847557067871094e+01
1.149343128204345703e+02 7.488887214660644531e+01 2.090497970581054688e+01 1.936136245727539062e+01
1.155826196670532227e+02 7.457720470428466797e+01 2.068564414978027344e+01 1.976992988586425781e+01
1.147511186599731445e+02 7.517779254913330078e+01 2.180047416687011719e+01 2.013840293884277344e+01
1.151851644515991211e+02 7.439122867584228516e+01 2.145721626281738281e+01 1.960234642028808594e+01
8.637237548828125000e+01 9.044926548004150391e+01 1.693423843383789062e+01 1.559065818786621094e+01
8.622739315032958984e+01 9.022556591033935547e+01 1.654630088806152344e+01 1.608648109436035156e+01
8.597031402587890625e+01 8.988843441009521484e+01 1.672548294067382812e+01 1.649208259582519531e+01
8.767483520507812500e+01 8.976137447357177734e+01 1.658624649047851562e+01 1.626660346984863281e+01
8.779819488525390625e+01 8.976616668701171875e+01 1.704567337036132812e+01 1.683999633789062500e+01
8.703445911407470703e+01 8.893069553375244141e+01 1.688409614562988281e+01 1.632318687438964844e+01
8.785894870758056641e+01 8.963142204284667969e+01 1.607170295715332031e+01 1.618297195434570312e+01
8.783799552917480469e+01 8.980208015441894531e+01 1.666268157958984375e+01 1.644144821166992188e+01
8.755197715759277344e+01 8.937200832366943359e+01 1.630687713623046875e+01 1.583838844299316406e+01
8.865436649322509766e+01 8.968471431732177734e+01 1.689636421203613281e+01 1.644684028625488281e+01
8.973588752746582031e+01 9.011935615539550781e+01 2.272360992431640625e+01 1.788088607788085938e+01
9.030695629119873047e+01 8.999187755584716797e+01 2.051936149597167969e+01 1.705323982238769531e+01
9.073353481292724609e+01 9.079652595520019531e+01 1.926737022399902344e+01 1.647455215454101562e+01
9.196295547485351562e+01 9.252927589416503906e+01 2.145262527465820312e+01 1.586838912963867188e+01
9.227106666564941406e+01 9.206279945373535156e+01 2.135433959960937500e+01 1.635224533081054688e+01
9.258843708038330078e+01 9.258410072326660156e+01 2.034427070617675781e+01 1.605662918090820312e+01
9.452250289916992188e+01 9.197391986846923828e+01 1.908734512329101562e+01 1.662674522399902344e+01
9.456796646118164062e+01 9.098548698425292969e+01 1.975014877319335938e+01 1.802807998657226562e+01
9.680043029785156250e+01 9.276752328872680664e+01 1.798270034790039062e+01 1.592639446258544922e+01
9.813762187957763672e+01 9.193972778320312500e+01 1.883749961853027344e+01 1.700518035888671875e+01
9.929408550262451172e+01 9.365595579147338867e+01 1.869290733337402344e+01 1.551521396636962891e+01
1.013420677185058594e+02 9.410684347152709961e+01 1.838606643676757812e+01 1.526752948760986328e+01
1.026280612945556641e+02 9.309627532958984375e+01 1.890408325195312500e+01 1.672303771972656250e+01
1.052216091156005859e+02 9.473478412628173828e+01 1.728424835205078125e+01 1.596377372741699219e+01
1.080327215194702148e+02 9.119776248931884766e+01 2.543355369567871094e+01 1.895499229431152344e+01
1.087342624664306641e+02 9.382816886901855469e+01 2.230918884277343750e+01 1.628229904174804688e+01
1.094917488098144531e+02 9.373509025573730469e+01 2.091236495971679688e+01 1.667457199096679688e+01
1.196887025833129883e+02 7.324617576599121094e+01 1.854435157775878906e+01 2.060984039306640625e+01
1.231279325485229492e+02 7.264871025085449219e+01 2.166308403015136719e+01 1.968686676025390625e+01
1.455285902023315430e+02 7.386822605133056641e+01 2.090135002136230469e+01 1.942580604553222656e+01
1.233198833465576172e+02 7.331735038757324219e+01 1.801024627685546875e+01 1.956872558593750000e+01
1.149034900665283203e+02 9.475081348419189453e+01 1.923417663574218750e+01 1.716070747375488281e+01
1.159749822616577148e+02 9.420135307312011719e+01 1.893149375915527344e+01 1.695063781738281250e+01
1.182430191040039062e+02 9.475695896148681641e+01 1.768481063842773438e+01 1.652723884582519531e+01
1.187972717285156250e+02 9.491251468658447266e+01 1.721898269653320312e+01 1.630925178527832031e+01
1.207696447372436523e+02 9.538679885864257812e+01 1.677963829040527344e+01 1.591246414184570312e+01
1.210305585861206055e+02 9.580864620208740234e+01 1.731973075866699219e+01 1.618905448913574219e+01
1.222421836853027344e+02 9.553870677947998047e+01 1.724900436401367188e+01 1.638044548034667969e+01
1.245837907791137695e+02 9.605085659027099609e+01 1.709935951232910156e+01 1.626083946228027344e+01
1.254509553909301758e+02 9.571839523315429688e+01 1.807119178771972656e+01 1.701645278930664062e+01
1.277166900634765625e+02 9.518855571746826172e+01 2.436830520629882812e+01 1.846695518493652344e+01
1.309968814849853516e+02 9.444797801971435547e+01 2.287873077392578125e+01 1.936442375183105469e+01
1.320627355575561523e+02 9.611168575286865234e+01 2.121373558044433594e+01 1.625846672058105469e+01
1.335636529922485352e+02 9.536819171905517578e+01 1.932362556457519531e+01 1.663257026672363281e+01
1.343150844573974609e+02 9.523561811447143555e+01 1.821302795410156250e+01 1.563955402374267578e+01
1.337134838104248047e+02 9.430069446563720703e+01 1.885982513427734375e+01 1.692966651916503906e+01
1.331636343002319336e+02 9.400839996337890625e+01 1.918375205993652344e+01 1.743487167358398438e+01
1.322061777114868164e+02 9.464272117614746094e+01 1.961622047424316406e+01 1.662186431884765625e+01
1.315743989944458008e+02 9.535760974884033203e+01 1.998231697082519531e+01 1.746091651916503906e+01
1.308751163482666016e+02 9.468720817565917969e+01 2.105326080322265625e+01 1.774028778076171875e+01
1.306495733261108398e+02 9.472776222229003906e+01 2.182396507263183594e+01 1.866062927246093750e+01
1.296328773498535156e+02 9.411883640289306641e+01 2.270609664916992188e+01 1.877832221984863281e+01
1.293965530395507812e+02 9.360380268096923828e+01 2.299689865112304688e+01 1.946259498596191406e+01
1.289950304031372070e+02 9.482615280151367188e+01 2.318982887268066406e+01 1.932538986206054688e+01
1.281178331375122070e+02 9.431856346130371094e+01 2.444574928283691406e+01 1.987841033935546875e+01
1.280138626098632812e+02 9.370256423950195312e+01 2.436006546020507812e+01 1.926922225952148438e+01
1.278702898025512695e+02 9.388926219940185547e+01 2.476079750061035156e+01 2.011894035339355469e+01
1.284250907897949219e+02 9.384490966796875000e+01 2.461697769165039062e+01 1.949380111694335938e+01
1.278447198867797852e+02 9.380818748474121094e+01 2.469510841369628906e+01 1.924275207519531250e+01
1.275240135192871094e+02 9.484950351715087891e+01 2.279689407348632812e+01 1.858667945861816406e+01
1.275586862564086914e+02 9.429378318786621094e+01 2.412417793273925781e+01 1.861773681640625000e+01
1.269561433792114258e+02 9.476164054870605469e+01 2.512170600891113281e+01 1.911585235595703125e+01
1.243979349136352539e+02 9.834586811065673828e+01 2.014814186096191406e+01 1.587288093566894531e+01
1.248702898025512695e+02 1.003076725006103516e+02 1.655385017395019531e+01 1.604148864746093750e+01
