2.010000000000000000e+02 6.100000000000000000e+01 3.200000000000000000e+01 5.400000000000000000e+01
2.021683645248413086e+02 5.829634475708007812e+01 3.054303169250488281e+01 5.311429595947265625e+01
2.027105979919433594e+02 5.800420570373535156e+01 3.055204010009765625e+01 5.330427169799804688e+01
2.019028253555297852e+02 5.688570404052734375e+01 3.081637382507324219e+01 5.408245849609375000e+01
2.025267257690429688e+02 5.684904670715332031e+01 2.961853027343750000e+01 5.423490524291992188e+01
2.032801675796508789e+02 5.580006790161132812e+01 2.873705863952636719e+01 5.547023773193359375e+01
2.009741535186767578e+02 5.562430000305175781e+01 3.107094955444335938e+01 5.471450424194335938e+01
2.018439168930053711e+02 5.729427146911621094e+01 3.011549568176269531e+01 5.414793777465820312e+01
2.026701049804687500e+02 5.740526390075683594e+01 2.941761779785156250e+01 5.410020828247070312e+01
2.033489837646484375e+02 5.758248710632324219e+01 2.919898986816406250e+01 5.438460159301757812e+01
2.021644592285156250e+02 5.661704254150390625e+01 3.018630981445312500e+01 5.413967895507812500e+01
2.021632585525512695e+02 5.682831001281738281e+01 2.989949607849121094e+01 5.430562973022460938e+01
2.023458337783813477e+02 5.650891113281250000e+01 2.966004753112792969e+01 5.426310729980468750e+01
2.017829608917236328e+02 5.724042320251464844e+01 2.980482101440429688e+01 5.422868728637695312e+01
2.026807336807250977e+02 5.758936882019042969e+01 2.932383537292480469e+01 5.373009109497070312e+01
2.028568954467773438e+02 5.701523399353027344e+01 2.936535644531250000e+01 5.399153518676757812e+01
2.020085763931274414e+02 5.683699607849121094e+01 2.956820487976074219e+01 5.440956497192382812e+01
2.025092668533325195e+02 5.606207466125488281e+01 3.005771446228027344e+01 5.453336715698242188e+01
2.025903930664062500e+02 5.697561264038085938e+01 2.948275756835937500e+01 5.422394561767578125e+01
2.025625171661376953e+02 5.688198661804199219e+01 2.985337448120117188e+01 5.444935989379882812e+01
2.029221115112304688e+02 5.724651527404785156e+01 2.934808349609375000e+01 5.363900375366210938e+01
2.034656181335449219e+02 5.600951385498046875e+01 2.855544281005859375e+01 5.436518859863281250e+01
2.011329860687255859e+02 5.631006813049316406e+01 3.032333755493164062e+01 5.519146347045898438e+01
2.022950086593627930e+02 5.668608093261718750e+01 2.926066017150878906e+01 5.495909118652343750e+01
2.040248451232910156e+02 5.620161628723144531e+01 2.963651275634765625e+01 5.504069137573242188e+01
2.046582622528076172e+02 5.662006759643554688e+01 3.074702835083007812e+01 5.483309173583984375e+01
2.063741912841796875e+02 5.830554771423339844e+01 3.078016662597656250e+01 5.334599685668945312e+01
2.066800174713134766e+02 5.885764312744140625e+01 3.251572799682617188e+01 5.305696105957031250e+01
2.069471521377563477e+02 5.837355041503906250e+01 3.184081840515136719e+01 5.321348571777343750e+01
2.071011371612548828e+02 5.704498100280761719e+01 3.456695175170898438e+01 5.415732192993164062e+01
2.075654926300048828e+02 5.650391006469726562e+01 3.007509994506835938e+01 5.425096893310546875e+01
2.059701414108276367e+02 5.629409408569335938e+01 3.181986427307128906e+01 5.428269195556640625e+01
2.061750507354736328e+02 5.638472747802734375e+01 3.059173202514648438e+01 5.523339843750000000e+01
2.067015686035156250e+02 5.637913131713867188e+01 2.923519897460937500e+01 5.506600189208984375e+01
2.042596435546875000e+02 5.701376724243164062e+01 2.940682983398437500e+01 5.508277130126953125e+01
2.039694690704345703e+02 5.653189277648925781e+01 3.011596298217773438e+01 5.448620223999023438e+01
2.029300413131713867e+02 5.777926445007324219e+01 3.015264320373535156e+01 5.435019302368164062e+01
2.033184452056884766e+02 5.712117958068847656e+01 3.128681564331054688e+01 5.506298446655273438e+01
2.045130929946899414e+02 5.622735977172851562e+01 3.126872062683105469e+01 5.489588165283203125e+01
2.047188682556152344e+02 5.540798950195312500e+01 3.225128936767578125e+01 5.583592224121093750e+01
2.055043582916259766e+02 5.582376861572265625e+01 3.163239669799804688e+01 5.575402832031250000e+01
2.063475294113159180e+02 5.573374176025390625e+01 3.122423744201660156e+01 5.555416870117187500e+01
2.054581460952758789e+02 5.592864608764648438e+01 3.138645744323730469e+01 5.562194061279296875e+01
2.048525600433349609e+02 5.600975990295410156e+01 3.109662246704101562e+01 5.570312118530273438e+01
2.050155277252197266e+02 5.582076072692871094e+01 3.188752365112304688e+01 5.593992996215820312e+01
2.059944362640380859e+02 5.504995727539062500e+01 3.114097976684570312e+01 5.626823425292968750e+01
2.048729343414306641e+02 5.527964782714843750e+01 3.235712814331054688e+01 5.647895812988281250e+01
2.065487365722656250e+02 5.482333946228027344e+01 3.147830200195312500e+01 5.605304336547851562e+01
2.066261558532714844e+02 5.587995910644531250e+01 3.237055206298828125e+01 5.606991577148437500e+01
2.066224422454833984e+02 5.510514831542968750e+01 3.311153030395507812e+01 5.622566223144531250e+01
2.079764328002929688e+02 5.551947021484375000e+01 3.237886047363281250e+01 5.599526977539062500e+01
2.060185565948486328e+02 5.532252311706542969e+01 3.358779525756835938e+01 5.574457168579101562e+01
2.073003158569335938e+02 5.466338157653808594e+01 3.223171997070312500e+01 5.644934463500976562e+01
2.070764732360839844e+02 5.532468795776367188e+01 3.312519073486328125e+01 5.572052764892578125e+01
2.067968082427978516e+02 5.498670578002929688e+01 3.305970382690429688e+01 5.585054779052734375e+01
2.065745182037353516e+02 5.597858619689941406e+01 3.321154403686523438e+01 5.558199691772460938e+01
2.066289920806884766e+02 5.583175468444824219e+01 3.254215621948242188e+01 5.569299697875976562e+01
2.070321331024169922e+02 5.458459854125976562e+01 3.499960708618164062e+01 5.700745391845703125e+01
2.064643573760986328e+02 5.581377220153808594e+01 3.326580429077148438e+01 5.527537918090820312e+01
2.065079421997070312e+02 5.553652381896972656e+01 3.235272216796875000e+01 5.580871200561523438e+01
2.066824398040771484e+02 5.484639358520507812e+01 3.352803421020507812e+01 5.661643218994140625e+01
2.066712684631347656e+02 5.592648315429687500e+01 3.196947479248046875e+01 5.562065124511718750e+01
2.055411663055419922e+02 5.529778671264648438e+01 3.243007278442382812e+01 5.647090911865234375e+01
2.051440563201904297e+02 5.448542213439941406e+01 3.207834243774414062e+01 5.651166915893554688e+01
2.042351131439208984e+02 5.589602661132812500e+01 3.208935928344726562e+01 5.584411621093750000e+01
2.040241966247558594e+02 5.462664985656738281e+01 3.346703338623046875e+01 5.655428695678710938e+01
2.022966995239257812e+02 5.536635398864746094e+01 3.327374267578125000e+01 5.560861587524414062e+01
2.021100425720214844e+02 5.548302078247070312e+01 3.174906158447265625e+01 5.592014312744140625e+01
2.012386779785156250e+02 5.514428710937500000e+01 3.252313232421875000e+01 5.617990112304687500e+01
1.984671955108642578e+02 5.548379898071289062e+01 3.362052536010742188e+01 5.599324798583984375e+01
1.975143413543701172e+02 5.518631553649902344e+01 3.341989517211914062e+01 5.601646804809570312e+01
1.946218318939208984e+02 5.488784217834472656e+01 3.384015274047851562e+01 5.574532699584960938e+01
1.944325828552246094e+02 5.528307342529296875e+01 3.194527435302734375e+01 5.545246887207031250e+01
1.924426784515380859e+02 5.523925781250000000e+01 3.224924087524414062e+01 5.526083374023437500e+01
1.900661373138427734e+02 5.476507759094238281e+01 3.291540908813476562e+01 5.585384750366210938e+01
1.923383750915527344e+02 5.535964775085449219e+01 3.016670989990234375e+01 5.566641616821289062e+01
1.879034233093261719e+02 5.386742210388183594e+01 3.368787384033203125e+01 5.663214492797851562e+01
1.897324733734130859e+02 5.468751716613769531e+01 3.005260086059570312e+01 5.552442550659179688e+01
1.847778835296630859e+02 5.406304359436035156e+01 3.340015029907226562e+01 5.595820236206054688e+01
1.859609680175781250e+02 5.391439819335937500e+01 3.018916320800781250e+01 5.595887756347656250e+01
1.835408515930175781e+02 5.419479751586914062e+01 3.101006317138671875e+01 5.578050994873046875e+01
1.832070522308349609e+02 5.454974937438964844e+01 3.047710037231445312e+01 5.580919265747070312e+01
1.814179563522338867e+02 5.401373100280761719e+01 3.077089881896972656e+01 5.609856033325195312e+01
1.800174751281738281e+02 5.340954589843750000e+01 3.046700286865234375e+01 5.685768127441406250e+01
1.790952873229980469e+02 5.378731727600097656e+01 3.034427642822265625e+01 5.653091049194335938e+01
1.797147092819213867e+02 5.415510940551757812e+01 2.996441078186035156e+01 5.604210662841796875e+01
1.796259794235229492e+02 5.407290458679199219e+01 3.003254127502441406e+01 5.579610061645507812e+01
1.787035655975341797e+02 5.463218879699707031e+01 3.026999282836914062e+01 5.585189437866210938e+01
1.799956912994384766e+02 5.374446296691894531e+01 2.927680587768554688e+01 5.613871383666992188e+01
1.786572084426879883e+02 5.442376518249511719e+01 3.085523033142089844e+01 5.601649856567382812e+01
1.803818531036376953e+02 5.501719856262207031e+01 2.899415206909179688e+01 5.570408248901367188e+01
1.803581180572509766e+02 5.484060096740722656e+01 3.017919540405273438e+01 5.554914474487304688e+01
1.797907714843750000e+02 5.483044242858886719e+01 3.071131896972656250e+01 5.572504043579101562e+01
1.806515369415283203e+02 5.492794227600097656e+01 2.959104537963867188e+01 5.568731307983398438e+01
1.808352994918823242e+02 5.533559989929199219e+01 2.995496559143066406e+01 5.526660537719726562e+01
1.818726816177368164e+02 5.535847091674804688e+01 2.908842277526855469e+01 5.504715728759765625e+01
1.804592542648315430e+02 5.525829887390136719e+01 3.106492042541503906e+01 5.567595291137695312e+01
1.832096643447875977e+02 5.546020889282226562e+01 2.869677543640136719e+01 5.560910797119140625e+01
1.813365211486816406e+02 5.608156585693359375e+01 3.206134796142578125e+01 5.494013977050781250e+01
1.844995460510253906e+02 5.477100563049316406e+01 2.984372711181640625e+01 5.589077377319335938e+01
1.853772420883178711e+02 5.577018547058105469e+01 2.985099983215332031e+01 5.572552871704101562e+01
1.870068693161010742e+02 5.554701423645019531e+01 3.038788795471191406e+01 5.513477706909179688e+01
1.876010303497314453e+02 5.570334053039550781e+01 3.140748214721679688e+01 5.493284225463867188e+01
1.899535360336303711e+02 5.690868377685546875e+01 3.115684700012207031e+01 5.439724731445312500e+01
1.903334188461303711e+02 5.560303306579589844e+01 3.091247749328613281e+01 5.572879409790039062e+01
1.918134193420410156e+02 5.693529891967773438e+01 3.092978668212890625e+01 5.473390960693359375e+01
1.932800130844116211e+02 5.650362968444824219e+01 3.123011970520019531e+01 5.525780105590820312e+01
1.946746206283569336e+02 5.637308883666992188e+01 3.143586921691894531e+01 5.535462188720703125e+01
1.957947368621826172e+02 5.531669616699218750e+01 3.142982864379882812e+01 5.601081848144531250e+01
1.961695117950439453e+02 5.617931175231933594e+01 3.243931198120117188e+01 5.583504104614257812e+01
1.978651809692382812e+02 5.553404045104980469e+01 3.277978515625000000e+01 5.592100906372070312e+01
1.986968269348144531e+02 5.614922142028808594e+01 3.350212860107421875e+01 5.575394058227539062e+01
2.007493362426757812e+02 5.565590476989746094e+01 3.385687255859375000e+01 5.575209426879882812e+01
2.021008853912353516e+02 5.520657920837402344e+01 3.494965744018554688e+01 5.606459426879882812e+01
2.039859981536865234e+02 5.647440910339355469e+01 3.365660476684570312e+01 5.555203628540039062e+01
2.061394863128662109e+02 5.550940322875976562e+01 3.365564346313476562e+01 5.593019866943359375e+01
2.074917240142822266e+02 5.607841491699218750e+01 3.318703842163085938e+01 5.549722290039062500e+01
2.075461177825927734e+02 5.647729492187500000e+01 3.451141738891601562e+01 5.528109741210937500e+01
2.097063026428222656e+02 5.574197769165039062e+01 3.337660980224609375e+01 5.531850433349609375e+01
2.106811008453369141e+02 5.606045722961425781e+01 3.438019943237304688e+01 5.517045211791992188e+01
2.121433124542236328e+02 5.579798126220703125e+01 3.351382064819335938e+01 5.491702270507812500e+01
2.143987979888916016e+02 5.560987281799316406e+01 3.231332015991210938e+01 5.534783554077148438e+01
2.140664749145507812e+02 5.611318206787109375e+01 3.317179870605468750e+01 5.564460754394531250e+01
2.165365924835205078e+02 5.602652549743652344e+01 3.194848251342773438e+01 5.561859512329101562e+01
2.166647682189941406e+02 5.615243721008300781e+01 3.411000823974609375e+01 5.555657577514648438e+01
2.176008872985839844e+02 5.404338836669921875e+01 3.480944061279296875e+01 5.704849243164062500e+01
2.193829574584960938e+02 5.500074577331542969e+01 3.268833923339843750e+01 5.563656997680664062e+01
2.202401924133300781e+02 5.401392745971679688e+01 3.470789337158203125e+01 5.631650543212890625e+01
2.218220615386962891e+02 5.411250686645507812e+01 3.284031295776367188e+01 5.658611297607421875e+01
2.243431339263916016e+02 5.480991363525390625e+01 3.311640548706054688e+01 5.567201232910156250e+01
2.256997852325439453e+02 5.518003273010253906e+01 3.281892013549804688e+01 5.491410446166992188e+01
2.254056110382080078e+02 5.278245353698730469e+01 3.502599716186523438e+01 5.692450332641601562e+01
2.279494800567626953e+02 5.324257087707519531e+01 3.367921066284179688e+01 5.612383651733398438e+01
2.285495433807373047e+02 5.422569084167480469e+01 3.307266616821289062e+01 5.556241226196289062e+01
2.287706832885742188e+02 5.270912170410156250e+01 3.326226806640625000e+01 5.612590026855468750e+01
2.298517436981201172e+02 5.315126991271972656e+01 3.313252639770507812e+01 5.649711227416992188e+01
2.293407783508300781e+02 5.255138587951660156e+01 3.385379791259765625e+01 5.692403793334960938e+01
2.294829330444335938e+02 5.323325729370117188e+01 3.399943542480468750e+01 5.611461639404296875e+01
2.288362045288085938e+02 5.230811309814453125e+01 3.412557983398437500e+01 5.715014648437500000e+01
2.288712177276611328e+02 5.288953018188476562e+01 3.346175765991210938e+01 5.688584136962890625e+01
2.280764007568359375e+02 5.282924652099609375e+01 3.440682983398437500e+01 5.637615966796875000e+01
2.273044567108154297e+02 5.222693634033203125e+01 3.486449050903320312e+01 5.634616088867187500e+01
2.268174934387207031e+02 5.311658096313476562e+01 3.452848052978515625e+01 5.648992156982421875e+01
2.265227832794189453e+02 5.269099044799804688e+01 3.433723068237304688e+01 5.588660430908203125e+01
2.256771297454833984e+02 5.199227905273437500e+01 3.419087600708007812e+01 5.608421325683593750e+01
2.255836639404296875e+02 5.212942695617675781e+01 3.374111938476562500e+01 5.561803817749023438e+01
2.257140903472900391e+02 5.291469955444335938e+01 3.421596908569335938e+01 5.592447662353515625e+01
2.263890666961669922e+02 5.307824325561523438e+01 3.355707168579101562e+01 5.552452850341796875e+01
2.260749588012695312e+02 5.242661857604980469e+01 3.307325744628906250e+01 5.576341629028320312e+01
2.251251277923583984e+02 5.329526710510253906e+01 3.217616653442382812e+01 5.499769210815429688e+01
2.244421148300170898e+02 5.312217903137207031e+01 3.159301948547363281e+01 5.550565719604492188e+01
2.248208675384521484e+02 5.322443962097167969e+01 3.198474502563476562e+01 5.462675857543945312e+01
2.250721073150634766e+02 5.365181732177734375e+01 3.106296920776367188e+01 5.455487060546875000e+01
2.246187343597412109e+02 5.279271125793457031e+01 3.034572219848632812e+01 5.516732406616210938e+01
2.249502353668212891e+02 5.376814270019531250e+01 3.147542953491210938e+01 5.403900146484375000e+01
2.243454904556274414e+02 5.400416946411132812e+01 3.028938102722167969e+01 5.431285858154296875e+01
2.244962558746337891e+02 5.403100967407226562e+01 3.014675521850585938e+01 5.316791534423828125e+01
2.243842134475708008e+02 5.441248703002929688e+01 3.101088523864746094e+01 5.344976043701171875e+01
2.243157224655151367e+02 5.471650695800781250e+01 2.988810157775878906e+01 5.333023071289062500e+01
2.239722490310668945e+02 5.489588165283203125e+01 3.069634056091308594e+01 5.330171203613281250e+01
2.231524724960327148e+02 5.514853477478027344e+01 2.969415473937988281e+01 5.287886428833007812e+01
2.232622461318969727e+02 5.501724243164062500e+01 3.055790519714355469e+01 5.301405334472656250e+01
2.219426116943359375e+02 5.345508003234863281e+01 2.921047973632812500e+01 5.380715560913085938e+01
2.215873594284057617e+02 5.462126731872558594e+01 3.048850440979003906e+01 5.279449844360351562e+01
2.219285726547241211e+02 5.473243331909179688e+01 3.023823738098144531e+01 5.229158782958984375e+01
2.215375881195068359e+02 5.779846000671386719e+01 2.895920181274414062e+01 4.951033401489257812e+01
2.220988445281982422e+02 5.554251289367675781e+01 3.246274185180664062e+01 5.084762191772460938e+01
2.228269243240356445e+02 5.746523666381835938e+01 2.943588829040527344e+01 4.928282928466796875e+01
2.220840587615966797e+02 5.697705268859863281e+01 3.114587783813476562e+01 4.966151046752929688e+01
2.225493755340576172e+02 5.862200164794921875e+01 2.977232742309570312e+01 4.819923400878906250e+01
2.228419599533081055e+02 5.663924026489257812e+01 3.034743690490722656e+01 5.009000396728515625e+01
2.225428838729858398e+02 5.867954444885253906e+01 2.886926460266113281e+01 4.836103439331054688e+01
2.233353853225708008e+02 5.879245376586915484e+01 2.913059043884277344e+01 4.852848052978515625e+01
2.230562763214111328e+02 5.819412422180175781e+01 2.944097518920898438e+01 4.855715560913085938e+01
2.226508941650390625e+02 5.933611679077148438e+01 2.967224121093750000e+01 4.715663909912109375e+01
2.237921915054321289e+02 5.858342552185057173e+01 2.998390007019042969e+01 4.762047195434570312e+01
2.236454486846923828e+02 5.845147895812986860e+01 2.967840194702148438e+01 4.739941024780273438e+01
2.240734109878540039e+02 5.946487045288083095e+01 2.942307853698730469e+01 4.651731109619140625e+01
2.239569158554077148e+02 5.923072242736813564e+01 2.900438117980957031e+01 4.676418685913085938e+01
2.229374790191650391e+02 5.901159286499020595e+01 2.902509689331054688e+01 4.684557342529296875e+01
2.232597265243530273e+02 5.863308334350583095e+01 2.926033210754394531e+01 4.688356781005859375e+01
2.230642251968383789e+02 5.849138259887692470e+01 2.921499443054199219e+01 4.733393096923828125e+01
2.230394945144653320e+02 5.875020790100094814e+01 2.910086631774902344e+01 4.716125106811523438e+01
2.229224519729614258e+02 5.913675308227536220e+01 2.943800926208496094e+01 4.696657562255859375e+01
2.233274593353271484e+02 5.914614105224606533e+01 2.951718521118164062e+01 4.622906494140625000e+01
2.235597314834594727e+02 5.908518409729001064e+01 2.921781730651855469e+01 4.630971908569335938e+01
2.232577590942382812e+02 5.927209091186520595e+01 2.993025207519531250e+01 4.664234161376953125e+01
2.225348653793334961e+02 5.834377670288084516e+01 2.954901313781738281e+01 4.773789215087890625e+01
2.230918064117431641e+02 5.907427406311032314e+01 2.967708969116210938e+01 4.696929550170898438e+01
2.222696256637573242e+02 5.843203163146971235e+01 3.028794288635253906e+01 4.769062423706054688e+01
2.213021593093872070e+02 5.841666412353514204e+01 3.040386009216308594e+01 4.757115173339843750e+01
2.211849765777587891e+02 5.742599296569822798e+01 3.036709213256835938e+01 4.867343521118164062e+01
2.209898204803466797e+02 5.945883750915525923e+01 2.964223098754882812e+01 4.719351577758789062e+01
2.205782909393310547e+02 5.773776054382321377e+01 3.068997573852539062e+01 4.885728836059570312e+01
2.199103507995605469e+02 6.019949531555172939e+01 2.995928192138671875e+01 4.651678085327148438e+01
2.196448135375976562e+02 5.902622985839842329e+01 3.091130065917968750e+01 4.728056335449218750e+01
2.190050477981567383e+02 5.977778244018553266e+01 2.944290733337402344e+01 4.628639984130859375e+01
2.184997987747192383e+02 6.044720840454100141e+01 2.985008811950683594e+01 4.610659027099609375e+01
2.178129854202270508e+02 6.006604003906248579e+01 2.900099754333496094e+01 4.575756835937500000e+01
2.165769624710083008e+02 6.104798698425291548e+01 2.889926719665527344e+01 4.578602981567382812e+01
2.164609460830688477e+02 5.950189781188963423e+01 3.033675956726074219e+01 4.726665115356445312e+01
2.158180046081542969e+02 6.218150520324705610e+01 2.913162994384765625e+01 4.488041305541992188e+01
2.147151918411254883e+02 6.201838684082029829e+01 2.928847312927246094e+01 4.494990539550781250e+01
2.133602886199951172e+02 6.150059700012205610e+01 2.862079238891601562e+01 4.574944686889648438e+01
2.127982625961303711e+02 6.215800285339354048e+01 2.772474861145019531e+01 4.461005020141601562e+01
2.106296176910400391e+02 6.282120513916014204e+01 3.054572677612304688e+01 4.440481567382812500e+01
2.114672040939331055e+02 6.137779235839842329e+01 2.752036476135253906e+01 4.512767028808593750e+01
2.082633543014526367e+02 6.472633171081541548e+01 2.859885597229003906e+01 4.283201980590820312e+01
2.078237648010253906e+02 6.368807601928709516e+01 2.907769012451171875e+01 4.303113555908203125e+01
2.075490684509277344e+02 6.309951972961424360e+01 2.742960357666015625e+01 4.370606613159179688e+01
2.052634229660034180e+02 6.372945213317869673e+01 2.979766273498535156e+01 4.298799514770507812e+01
2.029277343750000000e+02 6.291493415832518110e+01 2.884257507324218750e+01 4.377384567260742188e+01
2.036745100021362305e+02 6.311584663391111860e+01 2.797469520568847656e+01 4.393200302124023438e+01
2.013473567962646484e+02 6.478308296203611860e+01 2.907736587524414062e+01 4.240795516967773438e+01
1.998079690933227539e+02 6.361495590209959516e+01 2.918317985534667969e+01 4.384256744384765625e+01
1.975216884613037109e+02 6.445796203613279829e+01 2.930096817016601562e+01 4.281074523925781250e+01
1.934845266342163086e+02 6.295962142944334516e+01 3.050105476379394531e+01 4.401918792724609375e+01
1.919309988021850586e+02 6.415893554687498579e+01 2.890541267395019531e+01 4.385319519042968750e+01
1.914652099609375000e+02 6.313369750976561079e+01 2.805201721191406250e+01 4.440620422363281250e+01
1.911261043548583984e+02 6.485202407836912641e+01 2.899951553344726562e+01 4.251854705810546875e+01
1.880586986541748047e+02 6.356039237976072798e+01 2.866754531860351562e+01 4.406264114379882812e+01
1.887106046676635742e+02 6.414941406249998579e+01 2.922017860412597656e+01 4.276156616210937500e+01
1.851469316482543945e+02 6.264158439636229048e+01 2.898677635192871094e+01 4.432831192016601562e+01
1.849155244827270508e+02 6.321355247497557173e+01 2.991753196716308594e+01 4.349841690063476562e+01
1.862962903976440430e+02 6.407095909118650923e+01 2.797164344787597656e+01 4.315530776977539062e+01
1.849337120056152344e+02 6.263499069213865766e+01 2.941510772705078125e+01 4.441745758056640625e+01
1.868582048416137695e+02 6.338976097106932173e+01 2.922141075134277344e+01 4.408325576782226562e+01
1.877351007461547852e+02 6.341944122314451704e+01 2.999706840515136719e+01 4.463468933105468750e+01
1.885972805023193359e+02 6.318147850036619673e+01 2.770242691040039062e+01 4.482495498657226562e+01
1.891817884445190430e+02 6.343606948852537641e+01 2.974242591857910156e+01 4.470662689208984375e+01
1.895720920562744141e+02 6.139854431152342329e+01 2.949782943725585938e+01 4.686935424804687500e+01
1.920487070083618164e+02 6.133292770385740766e+01 2.836860466003417969e+01 4.641500091552734375e+01
1.945392980575561523e+02 5.980651283264158735e+01 2.738374519348144531e+01 4.772817611694335938e+01
1.951726531982421875e+02 6.086646080017088423e+01 2.842355346679687500e+01 4.720947647094726562e+01
1.976864604949951172e+02 5.993611907958982954e+01 2.870289993286132812e+01 4.836662292480468750e+01
1.997119731903076172e+02 5.851016616821289062e+01 2.760795974731445312e+01 4.925373077392578125e+01
2.003659439086914062e+02 5.783462905883789062e+01 2.954722595214843750e+01 5.004959869384765625e+01
2.005621471405029297e+02 5.883412551879882812e+01 2.851713943481445312e+01 4.980475616455078125e+01
2.017817964553833008e+02 5.769810867309570312e+01 2.933759117126464844e+01 5.041464996337890625e+01
2.025588922500610352e+02 5.778540420532226562e+01 2.899679374694824219e+01 5.092047882080078125e+01
2.028078861236572266e+02 5.634547424316406250e+01 3.032233810424804688e+01 5.141241455078125000e+01
2.054716548919677734e+02 5.651537513732910156e+01 2.995270156860351562e+01 5.172834396362304688e+01
2.065938186645507812e+02 5.664921760559082031e+01 3.077726745605468750e+01 5.120385360717773438e+01
2.081527261734008789e+02 5.622085952758789062e+01 3.093520927429199219e+01 5.140587615966796875e+01
2.068486480712890625e+02 5.706285095214843750e+01 3.121984863281250000e+01 5.072317504882812500e+01
2.096384506225585938e+02 5.610441589355468750e+01 3.108747863769531250e+01 5.159111022949218750e+01
2.085965175628662109e+02 5.693054962158203125e+01 3.082989883422851562e+01 5.139332580566406250e+01
2.095018405914306641e+02 5.572803497314453125e+01 3.147932052612304688e+01 5.159042358398437500e+01
2.106055307388305664e+02 5.549516487121582031e+01 3.091123771667480469e+01 5.182854843139648438e+01
2.101136922836303711e+02 5.697099494934082031e+01 2.989317512512207031e+01 5.085648727416992188e+01
2.089323730468750000e+02 5.608635139465332031e+01 3.102720642089843750e+01 5.176328659057617188e+01
2.097259664535522461e+02 5.693580627441406250e+01 3.035898017883300781e+01 5.149673461914062500e+01
2.086488733291625977e+02 5.491905784606933594e+01 3.159127616882324219e+01 5.236391067504882812e+01
2.097157020568847656e+02 5.686397361755371094e+01 3.014583587646484375e+01 5.090317153930664062e+01
2.076019601821899414e+02 5.568151664733886719e+01 3.157815361022949219e+01 5.253960037231445312e+01
2.080405941009521484e+02 5.558599472045898438e+01 3.058847427368164062e+01 5.226107025146484375e+01
2.064697895050048828e+02 5.374644279479980469e+01 3.256064987182617188e+01 5.370053482055664062e+01
2.052540378570556641e+02 5.342142677307128906e+01 3.268316268920898438e+01 5.391021347045898438e+01
2.042369098663330078e+02 5.399008369445800781e+01 3.387192916870117188e+01 5.433094406127929688e+01
2.047752418518066406e+02 5.280351829528808594e+01 3.269309234619140625e+01 5.428134536743164062e+01
2.037864246368408203e+02 5.304139137268066406e+01 3.416514205932617188e+01 5.528367233276367188e+01
2.045985546112060547e+02 5.148605346679687500e+01 3.356651687622070312e+01 5.556268310546875000e+01
2.045832977294921875e+02 5.162904357910156250e+01 3.370898437500000000e+01 5.619877624511718750e+01
2.045827369689941406e+02 5.105225753784179688e+01 3.366086578369140625e+01 5.599755096435546875e+01
2.043532333374023438e+02 5.130108451843261719e+01 3.386453247070312500e+01 5.628216934204101562e+01
2.030106220245361328e+02 5.078695678710937500e+01 3.353362655639648438e+01 5.652616882324218750e+01
2.022711372375488281e+02 5.084750175476074219e+01 3.514699554443359375e+01 5.646512222290039062e+01
2.031717967987060547e+02 5.037842369079589844e+01 3.475445938110351562e+01 5.651538467407226562e+01
2.020709419250488281e+02 5.043828392028808594e+01 3.470491790771484375e+01 5.646190261840820312e+01
2.022858486175537109e+02 4.982389068603515625e+01 3.486563491821289062e+01 5.665846252441406250e+01
2.034350242614746094e+02 5.083620452880859375e+01 3.355826568603515625e+01 5.545501708984375000e+01
2.030218391418457031e+02 4.997596168518066406e+01 3.351715850830078125e+01 5.614762496948242188e+01
2.042799549102783203e+02 5.105437088012695312e+01 3.206904220581054688e+01 5.486334991455078125e+01
2.026951274871826172e+02 5.112254333496093750e+01 3.336067581176757812e+01 5.599342346191406250e+01
2.023978767395019531e+02 5.116756629943847656e+01 3.450115203857421875e+01 5.440061569213867188e+01
2.034429779052734375e+02 5.047546577453613281e+01 3.264826965332031250e+01 5.526169967651367188e+01
2.038315601348876953e+02 5.072607612609863281e+01 3.237070846557617188e+01 5.481400680541992188e+01
2.025751686096191406e+02 4.863668632507324219e+01 3.332032012939453125e+01 5.676637649536132812e+01
2.034744853973388672e+02 5.133082962036132812e+01 3.213327407836914062e+01 5.347658538818359375e+01
2.009391994476318359e+02 4.951288795471191406e+01 3.498845291137695312e+01 5.569959640502929688e+01
2.023877449035644531e+02 4.918814659118652344e+01 3.330756378173828125e+01 5.541885757446289062e+01
2.021793098449707031e+02 4.962485694885253906e+01 3.321038055419921875e+01 5.479038619995117188e+01
2.016683406829833984e+02 4.950069427490234375e+01 3.420190811157226562e+01 5.506126403808593750e+01
2.028381004333496094e+02 4.870634269714355469e+01 3.343711090087890625e+01 5.532680130004882812e+01
2.015087280273437500e+02 5.007215309143066406e+01 3.432078552246093750e+01 5.486765670776367188e+01
2.029411010742187500e+02 4.957240867614746094e+01 3.412763977050781250e+01 5.512138748168945312e+01
2.021997947692871094e+02 4.907778358459472656e+01 3.469284820556640625e+01 5.518290328979492188e+01
2.047483997344970703e+02 5.007300376892089844e+01 3.258973312377929688e+01 5.465367507934570312e+01
2.046135883331298828e+02 4.947322845458984375e+01 3.392063522338867188e+01 5.541923522949218750e+01
2.070506362915039062e+02 4.912155151367187500e+01 3.180033874511718750e+01 5.496742248535156250e+01
2.065819664001464844e+02 4.857506561279296875e+01 3.489333343505859375e+01 5.480604553222656250e+01
2.098951930999755859e+02 5.001966857910156250e+01 3.298788833618164062e+01 5.438897705078125000e+01
2.123599777221679688e+02 4.908739471435546875e+01 3.491284179687500000e+01 5.421673583984375000e+01
2.146991939544677734e+02 4.892434692382812500e+01 3.409433364868164062e+01 5.467567443847656250e+01
2.166748847961425781e+02 4.866520309448242188e+01 3.572040557861328125e+01 5.423131561279296875e+01
2.213264217376708984e+02 4.897996330261230469e+01 3.374362564086914062e+01 5.333513259887695312e+01
2.237853412628173828e+02 4.739981842041015625e+01 3.254534530639648438e+01 5.390721130371093750e+01
2.247124176025390625e+02 4.720150566101074219e+01 3.403843688964843750e+01 5.432033157348632812e+01
2.255250930786132812e+02 4.644767379760742188e+01 3.426383972167968750e+01 5.435111236572265625e+01
2.274233741760253906e+02 4.590657424926757812e+01 3.465554046630859375e+01 5.424672698974609375e+01
2.310601806640625000e+02 4.596707725524902344e+01 3.375056457519531250e+01 5.335429763793945312e+01
2.313013248443603516e+02 4.567378807067871094e+01 3.544860458374023438e+01 5.474664688110351562e+01
2.319101467132568359e+02 4.537990760803222656e+01 3.628219985961914062e+01 5.396601486206054688e+01
2.337168102264404297e+02 4.573090553283691406e+01 3.586716079711914062e+01 5.467722702026367188e+01
2.328836212158203125e+02 4.549152374267578125e+01 3.699658203125000000e+01 5.464152526855468750e+01
2.331362552642822266e+02 4.579732894897462359e+01 3.639750289916992188e+01 5.473892974853515625e+01
2.322546138763427734e+02 4.602546501159669390e+01 3.699480056762695312e+01 5.400262832641601562e+01
2.312121009826660156e+02 4.592174911499024859e+01 3.619872283935546875e+01 5.406273651123046875e+01
2.310030097961425781e+02 4.640016555786134234e+01 3.473213958740234375e+01 5.322245025634765625e+01
2.296890888214111328e+02 4.540218734741212359e+01 3.330372238159179688e+01 5.458690643310546875e+01
2.286941890716552734e+02 4.589732170104981890e+01 3.391878128051757812e+01 5.492377090454101562e+01
2.266178550720214844e+02 4.738725471496583452e+01 3.363098907470703125e+01 5.447808456420898438e+01
2.252122955322265625e+02 4.714797210693360796e+01 3.402011108398437500e+01 5.478663635253906250e+01
2.242678127288818359e+02 4.641205406188966265e+01 3.545378494262695312e+01 5.532423782348632812e+01
2.229405231475830078e+02 4.824111557006837359e+01 3.378672409057617188e+01 5.367084503173828125e+01
2.203919620513916016e+02 4.741283226013185015e+01 3.574480819702148438e+01 5.457545852661132812e+01
2.183069248199462891e+02 4.912201690673829546e+01 3.293275070190429688e+01 5.397563171386718750e+01
2.173514194488525391e+02 4.829228591918946734e+01 3.187807846069335938e+01 5.427927398681640625e+01
2.160047073364257812e+02 4.952332496643067827e+01 3.197575378417968750e+01 5.439291000366210938e+01
2.147334823608398438e+02 4.867522430419923296e+01 3.220195007324218750e+01 5.537034606933593750e+01
2.119455623626708984e+02 4.853275871276856890e+01 3.394057083129882812e+01 5.558171463012695312e+01
2.119979209899902344e+02 4.969004058837892046e+01 3.240589141845703125e+01 5.428114318847656250e+01
2.115750064849853516e+02 4.997772026062013140e+01 3.298426437377929688e+01 5.447713088989257812e+01
2.100977916717529297e+02 4.986608695983888140e+01 3.488603591918945312e+01 5.597749710083007812e+01
2.088188838958740234e+02 5.112352180480958452e+01 3.359737014770507812e+01 5.437940597534179688e+01
2.075821609497070312e+02 5.210819816589356890e+01 3.342463684082031250e+01 5.397795486450195312e+01
2.094052515029907227e+02 5.362770462036134234e+01 3.099108695983886719e+01 5.205266571044921875e+01
2.093124504089355469e+02 5.564299774169923296e+01 3.131237030029296875e+01 5.122734069824218750e+01
2.095718660354614258e+02 5.460700416564942827e+01 3.033882713317871094e+01 5.181051254272460938e+01
2.093077154159545898e+02 5.598450851440431109e+01 3.014737129211425781e+01 5.034175872802734375e+01
2.081462955474853516e+02 5.503480529785157671e+01 3.044878768920898438e+01 5.093840026855468750e+01
2.058166255950927734e+02 5.549661254882813921e+01 3.272853469848632812e+01 5.033560180664062500e+01
2.039692134857177734e+02 5.650782775878907671e+01 3.476688003540039062e+01 4.926110839843750000e+01
2.014592590332031250e+02 5.555870628356935015e+01 3.746131896972656250e+01 4.914970779418945312e+01
2.014858093261718750e+02 5.573227310180665484e+01 3.791793823242187500e+01 4.848145294189453125e+01
1.987833099365234375e+02 5.650502967834474077e+01 4.069567871093750000e+01 4.866590499877929688e+01
1.971523952484130859e+02 5.571228027343751421e+01 4.332014846801757812e+01 4.887249755859375000e+01
2.108104457855224609e+02 5.839218711853030186e+01 3.356918716430664062e+01 4.509778213500976562e+01
2.059431724548339844e+02 5.966755294799807530e+01 3.827552032470703125e+01 4.367874908447265625e+01
2.087570476531982422e+02 6.085467529296877842e+01 3.620628738403320312e+01 4.131683349609375000e+01
1.936740264892578125e+02 5.783420276641848545e+01 2.667576599121093750e+01 2.653499412536621094e+01
2.108124923706054688e+02 6.503258323669436436e+01 3.433453369140625000e+01 3.680102920532226562e+01
1.929096155166625977e+02 6.160002803802493077e+01 2.359461784362792969e+01 2.676150703430175781e+01
2.093479213714599609e+02 6.631139564514162998e+01 3.354730606079101562e+01 3.389710617065429688e+01
2.064491882324218750e+02 6.400030708312991123e+01 3.753073120117187500e+01 3.515989303588867188e+01
2.033069477081298828e+02 6.344650650024416905e+01 4.079714584350585938e+01 3.550522613525390625e+01
1.913909769058227539e+02 5.896874523162844639e+01 2.363682365417480469e+01 2.979252052307128906e+01
2.107461376190185547e+02 6.505064964294436436e+01 3.417729568481445312e+01 3.439035415649414062e+01
2.053042354583740234e+02 6.264476585388186436e+01 3.834868240356445312e+01 3.728235244750976562e+01
1.916965160369873047e+02 5.784988212585452061e+01 2.233302688598632812e+01 2.990799331665039062e+01
2.126139392852783203e+02 6.741434001922610264e+01 3.181182479858398438e+01 3.122556495666503906e+01
2.086195697784423828e+02 6.502979469299319248e+01 3.394042587280273438e+01 3.433367538452148438e+01
1.995110301971435547e+02 6.296914672851565342e+01 4.081848526000976562e+01 3.469351196289062500e+01
1.878787612915039062e+02 5.763391304016116123e+01 2.763244628906250000e+01 3.209505844116210938e+01
1.899594545364379883e+02 5.752787971496584873e+01 2.448695945739746094e+01 3.368050765991210938e+01
1.984792022705078125e+02 6.397834587097170811e+01 4.522462463378906250e+01 3.565060806274414062e+01
1.866930141448974609e+02 6.556582641601565342e+01 4.948053359985351562e+01 3.028988647460937500e+01
1.898420314788818359e+02 6.332186889648440342e+01 5.228360366821289062e+01 3.404707336425781250e+01
1.982736167907714844e+02 6.624728679656985264e+01 4.321237945556640625e+01 3.184682655334472656e+01
1.965765419006347656e+02 6.809077739715579014e+01 3.810507965087890625e+01 2.975159645080566406e+01
2.015903682708740234e+02 6.972157859802248936e+01 3.754562759399414062e+01 2.829925918579101562e+01
1.957659206390380859e+02 6.764950752258303623e+01 3.887309646606445312e+01 3.044259262084960938e+01
2.015479564666748047e+02 7.029461956024171343e+01 3.555670547485351562e+01 2.783442115783691406e+01
1.843888444900512695e+02 7.154315757751466265e+01 2.314560508728027344e+01 2.514749526977539062e+01
1.883035526275634766e+02 5.567867279052735796e+01 2.493688583374023438e+01 4.183355712890625000e+01
1.861104555130004883e+02 7.049104881286622515e+01 2.276888084411621094e+01 2.607764053344726562e+01
1.895635871887207031e+02 7.035192203521729937e+01 2.092407989501953125e+01 2.593445396423339844e+01
1.893004922866821289e+02 5.439935874938966265e+01 2.442625236511230469e+01 4.071574020385742188e+01
1.909013786315917969e+02 5.839076423645020952e+01 2.360832977294921875e+01 3.504713821411132812e+01
1.901500377655029297e+02 6.292593383789063921e+01 2.580521011352539062e+01 3.056118011474609375e+01
1.906107387542724609e+02 5.652183151245118609e+01 2.327612686157226562e+01 3.381004333496093750e+01
1.922345123291015625e+02 5.624332046508790484e+01 2.410162353515625000e+01 3.346073913574218750e+01
1.948868942260742188e+02 6.501086997985841265e+01 2.441305541992187500e+01 2.507494735717773438e+01
1.984256010055541992e+02 6.509663200378419390e+01 2.230690956115722656e+01 2.332455825805664062e+01
1.997250499725341797e+02 6.378859233856202593e+01 2.449484634399414062e+01 2.620372200012207031e+01
2.017871122360229492e+02 6.346220111846925249e+01 2.490450477600097656e+01 2.662187004089355469e+01
2.033554983139038086e+02 6.531561183929444780e+01 2.516464424133300781e+01 2.615690040588378906e+01
2.060828857421875000e+02 6.538673114776612749e+01 2.452412414550781250e+01 2.399924278259277344e+01
2.070632314682006836e+02 6.554175949096681109e+01 2.508027076721191406e+01 2.550714111328125000e+01
2.082141084671020508e+02 6.333905029296876421e+01 2.371056938171386719e+01 2.430164337158203125e+01
2.097176504135131836e+02 6.229193687438966265e+01 2.623535346984863281e+01 2.612984085083007812e+01
2.137793846130371094e+02 6.130024147033692827e+01 3.111788177490234375e+01 3.817759323120117188e+01
2.172592811584472656e+02 6.280779075622558594e+01 3.055538177490234375e+01 3.846377944946289062e+01
2.203503208160400391e+02 6.376939392089843750e+01 2.885062789916992188e+01 3.682112121582031250e+01
2.220191440582275391e+02 6.419272232055664062e+01 2.886808395385742188e+01 3.565102386474609375e+01
2.219294233322143555e+02 6.411045074462890625e+01 2.990143775939941406e+01 3.579598999023437500e+01
2.201516885757446289e+02 6.484045982360839844e+01 2.765760612487792969e+01 3.554159927368164062e+01
2.204993371963500977e+02 6.473311042785644531e+01 2.947744560241699219e+01 3.551076889038085938e+01
2.205906038284301758e+02 6.416325569152832031e+01 3.040483665466308594e+01 3.673333358764648438e+01
2.186054239273071289e+02 6.201669692993164062e+01 2.756149101257324219e+01 3.814409637451171875e+01
2.170574703216552734e+02 6.264622497558593750e+01 3.060158157348632812e+01 3.803982543945312500e+01
2.145044136047363281e+02 6.274873352050781250e+01 3.207318878173828125e+01 3.904408264160156250e+01
2.143323144912719727e+02 6.255694007873535156e+01 2.953855705261230469e+01 3.862243270874023438e+01
2.120304107666015625e+02 6.318860435485839844e+01 3.033796691894531250e+01 3.878009414672851562e+01
2.110984983444213867e+02 6.214984130859375000e+01 2.693270301818847656e+01 3.649461364746093750e+01
2.086228780746459961e+02 6.200196361541748047e+01 2.607557868957519531e+01 2.976909828186035156e+01
2.064463844299316406e+02 6.195596504211425781e+01 2.306468963623046875e+01 2.298545455932617188e+01
2.049315996170043945e+02 6.100272846221923828e+01 2.327361869812011719e+01 2.433041954040527344e+01
2.036172857284545898e+02 6.104636859893798828e+01 2.369963264465332031e+01 2.402475547790527344e+01
2.036325492858886719e+02 6.104730987548828125e+01 2.427721405029296875e+01 2.593603515625000000e+01
2.035925436019897461e+02 6.010939311981201172e+01 2.622628211975097656e+01 2.866686439514160156e+01
2.048501949310302734e+02 6.066220283508300781e+01 3.627054977416992188e+01 4.167904281616210938e+01
2.044672603607177734e+02 5.825730705261230469e+01 3.800933456420898438e+01 4.372769546508789062e+01
2.029992790222167969e+02 5.631552314758300781e+01 3.725897216796875000e+01 4.623637008666992188e+01
1.986310176849365234e+02 5.544335937500000000e+01 4.031850814819335938e+01 4.812002563476562500e+01
2.040598888397216797e+02 5.545218086242675781e+01 3.617602157592773438e+01 4.768018722534179688e+01
2.022405376434326172e+02 5.432208442687988281e+01 3.920391464233398438e+01 4.964202499389648438e+01
2.006494102478027344e+02 5.050613975524902344e+01 3.938774108886718750e+01 5.289961624145507812e+01
2.005075168609619141e+02 5.175444412231445312e+01 3.911612319946289062e+01 5.199121856689453125e+01
2.013644809722900391e+02 4.970056533813476562e+01 3.791160964965820312e+01 5.345766448974609375e+01
2.019324913024902344e+02 5.138702011108398438e+01 3.683877563476562500e+01 5.220423126220703125e+01
2.011828517913818359e+02 5.005170631408691406e+01 4.025030136108398438e+01 5.324944686889648438e+01
1.990908546447753906e+02 5.115072441101074219e+01 4.020903015136718750e+01 5.133215713500976562e+01
1.958457756042480469e+02 5.057139587402343750e+01 4.272880554199218750e+01 5.147494506835937500e+01
1.960500869750976562e+02 4.949115371704101562e+01 4.115853118896484375e+01 5.192910003662109375e+01
1.936350307464599609e+02 5.005460739135742188e+01 4.424012374877929688e+01 5.258443450927734375e+01
1.928422012329101562e+02 4.973921012878417969e+01 4.477503204345703125e+01 5.239731216430664062e+01
1.923155994415283203e+02 4.935724449157714844e+01 4.568082046508789062e+01 5.277614212036132812e+01
1.921968555450439453e+02 4.904725837707519531e+01 4.681673049926757812e+01 5.178776168823242188e+01
1.937961082458496094e+02 5.172299957275390625e+01 4.437815856933593750e+01 5.026026916503906250e+01
1.953608322143554688e+02 5.149176788330078125e+01 4.400237274169921875e+01 5.021508789062500000e+01
1.951176109313964844e+02 5.097424697875977984e+01 4.413883972167968750e+01 4.982532501220703125e+01
1.954156227111816406e+02 5.250302886962892046e+01 4.357415771484375000e+01 4.821504211425781250e+01
2.034513435363769531e+02 5.528401565551759234e+01 3.711799621582031250e+01 4.443033599853515625e+01
1.964605903625488281e+02 5.362123680114747515e+01 4.322625732421875000e+01 4.712100601196289062e+01
2.060742740631103516e+02 5.555747795104981890e+01 4.192288589477539062e+01 4.288316726684570312e+01
2.001436500549316406e+02 5.418453788757325640e+01 4.385881042480468750e+01 4.455585098266601562e+01
1.994948234558105469e+02 5.446621513366700640e+01 4.260891723632812500e+01 4.700012588500976562e+01
2.003970413208007812e+02 5.391212081909181109e+01 4.181116485595703125e+01 4.408998870849609375e+01
1.989267807006835938e+02 5.659660339355470171e+01 4.202115631103515625e+01 4.432957458496093750e+01
1.948209037780761719e+02 5.348237419128419390e+01 4.679826354980468750e+01 4.506540298461914062e+01
1.972185688018798828e+02 5.466357612609864702e+01 4.511580276489257812e+01 4.698244857788085938e+01
2.028963508605957031e+02 5.526059722900393467e+01 4.056091308593750000e+01 4.264491271972656250e+01
2.039317131042480469e+02 5.682175636291506748e+01 4.282653808593750000e+01 4.459145736694335938e+01
2.043055629730224609e+02 5.568373680114748936e+01 3.938569259643554688e+01 4.360318374633789062e+01
2.039451618194580078e+02 5.674256896972659092e+01 3.883700942993164062e+01 4.301461791992187500e+01
1.992071914672851562e+02 5.354833602905276280e+01 4.200894927978515625e+01 4.458289337158203125e+01
1.959377021789550781e+02 5.243611717224123936e+01 4.536778259277343750e+01 4.892631912231445312e+01
1.950097599029541016e+02 5.044734191894535513e+01 4.490182876586914062e+01 5.099610900878906250e+01
1.960415592193603516e+02 5.022080612182621451e+01 4.389360427856445312e+01 5.075930023193359375e+01
1.990472278594970703e+02 5.013346862792973013e+01 4.286957168579101562e+01 5.121627807617187500e+01
1.965441436767578125e+02 4.941863822937015982e+01 4.388524627685546875e+01 5.351814651489257812e+01
1.980710659027099609e+02 4.930996513366703482e+01 4.311278915405273438e+01 5.321034622192382812e+01
1.992728424072265625e+02 4.959195327758793326e+01 4.160901641845703125e+01 5.336981964111328125e+01
2.012520103454589844e+02 5.071974182128911934e+01 3.770358276367187500e+01 5.327743530273437500e+01
2.035369987487792969e+02 5.255496597290046168e+01 3.496684265136718750e+01 5.136852264404296875e+01
2.054804210662841797e+02 5.348656654357917262e+01 3.330880355834960938e+01 5.097449874877929688e+01
2.039299049377441406e+02 5.395822525024421168e+01 3.409858703613281250e+01 5.096779632568359375e+01
2.046252326965332031e+02 5.416058921813971949e+01 3.523603820800781250e+01 4.970553970336914062e+01
2.063648567199707031e+02 5.567687225341803980e+01 3.318568420410156250e+01 4.805828857421875000e+01
2.080839366912841797e+02 5.600844573974616480e+01 3.183599472045898438e+01 4.705400085449218750e+01
2.106592226028442383e+02 5.843638038635261012e+01 2.996150016784667969e+01 4.458272933959960938e+01
2.105008611679077148e+02 6.022897148132331324e+01 3.080770301818847656e+01 4.286200332641601562e+01
2.124445619583129883e+02 6.205597877502448512e+01 2.937084770202636719e+01 3.960984420776367188e+01
2.112696714401245117e+02 6.506227111816413355e+01 2.983127021789550781e+01 3.563105773925781250e+01
2.140985994338989258e+02 6.748806190490729762e+01 2.695937919616699219e+01 3.196688461303710938e+01
2.151243829727172852e+02 6.933517837524421168e+01 2.731905174255371094e+01 2.998535919189453125e+01
2.151566085815429688e+02 7.081016540527350855e+01 2.581533050537109375e+01 2.819703674316406250e+01
2.161893463134765625e+02 7.250650119781501246e+01 2.506505584716796875e+01 2.746107292175292969e+01
2.170106916427612305e+02 7.199118709564216090e+01 2.626881599426269531e+01 3.026954841613769531e+01
2.177904691696166992e+02 7.034687805175788355e+01 2.656895637512207031e+01 3.397296142578125000e+01
2.174018230438232422e+02 6.929562759399421168e+01 2.892429733276367188e+01 3.723685455322265625e+01
2.197218503952026367e+02 7.123349380493171168e+01 2.721667671203613281e+01 3.756870269775390625e+01
2.191568450927734375e+02 7.094323730468757105e+01 2.831418609619140625e+01 3.882487487792968750e+01
2.184960823059082031e+02 7.255025482177741480e+01 2.954400634765625000e+01 3.893539428710937500e+01
2.224809207916259766e+02 7.129349899291999293e+01 2.730339431762695312e+01 4.112067413330078125e+01
2.202328023910522461e+02 7.151742935180671168e+01 3.032496070861816406e+01 4.312880706787109375e+01
2.221024808883666992e+02 7.257190513610846949e+01 2.877993965148925781e+01 4.248366165161132812e+01
2.204716949462890625e+02 7.291697883605964137e+01 3.050063323974609375e+01 4.285479354858398438e+01
2.204929456710815430e+02 7.283576965332038355e+01 2.954290962219238281e+01 4.254614257812500000e+01
2.193603801727294922e+02 7.316779136657721949e+01 2.917841720581054688e+01 4.237657546997070312e+01
2.189880571365356445e+02 7.378392601013190699e+01 2.803014945983886719e+01 4.228467178344726562e+01
2.174223155975341797e+02 7.146189498901372872e+01 2.750579452514648438e+01 4.510701751708984375e+01
2.148042621612548828e+02 7.272538185119634591e+01 2.871063613891601562e+01 4.275669479370117188e+01
2.133548564910888672e+02 7.267111396789556466e+01 3.062066268920898438e+01 4.324988937377929688e+01
2.105681209564208984e+02 7.172470474243169747e+01 3.252343368530273438e+01 4.429238128662109375e+01
2.075364913940429688e+02 7.088802528381353341e+01 3.484529876708984375e+01 4.492307662963867188e+01
2.047574653625488281e+02 7.347260284423833809e+01 3.602276611328125000e+01 4.317561340332031250e+01
2.017169990539550781e+02 7.193316268920904122e+01 3.903991699218750000e+01 4.337009429931640625e+01
1.976058654785156250e+02 7.099784851074224434e+01 4.307238006591796875e+01 4.349827575683593750e+01
1.958486595153808594e+02 7.089311408996587716e+01 4.509101867675781250e+01 4.495165634155273438e+01
1.962408885955810547e+02 7.557921791076665841e+01 3.762949752807617188e+01 3.926971054077148438e+01
1.956428298950195312e+02 7.065727424621587716e+01 4.556270599365234375e+01 4.306130599975585938e+01
1.959628524780273438e+02 7.334416770935064278e+01 4.180403900146484375e+01 4.257402420043945312e+01
1.956156272888183594e+02 7.283566474914556466e+01 4.219580078125000000e+01 4.000245285034179688e+01
1.930405731201171875e+02 7.128058815002447091e+01 4.706250762939453125e+01 4.102419662475585938e+01
1.934570922851562500e+02 7.338203811645513497e+01 4.665375518798828125e+01 3.811064910888671875e+01
1.912970485687255859e+02 7.463992500305181466e+01 4.701250839233398438e+01 3.580123519897460938e+01
1.896887855529785156e+02 7.318000221252447091e+01 5.002537536621093750e+01 3.577798080444335938e+01
1.883843173980712891e+02 7.461128807067876778e+01 4.899158096313476562e+01 3.429893875122070312e+01
1.929504432678222656e+02 7.444915199279790841e+01 5.215589904785156250e+01 3.438346481323242188e+01
1.905258789062500000e+02 7.464268302917486153e+01 5.526717376708984375e+01 3.410089492797851562e+01
1.927059364318847656e+02 7.430651283264165841e+01 5.311441040039062500e+01 3.410403060913085938e+01
1.902552814483642578e+02 7.362348175048833809e+01 5.473201370239257812e+01 3.424676513671875000e+01
1.916716060638427734e+02 7.390251731872564278e+01 4.463865280151367188e+01 3.333594131469726562e+01
1.911438159942626953e+02 7.425085163116460762e+01 5.559141921997070312e+01 3.194609642028808594e+01
1.916348800659179688e+02 7.434487056732183419e+01 4.074959564208984375e+01 3.179478645324707031e+01
1.909435367584228516e+02 7.505324649810796700e+01 5.595235061645507812e+01 3.183804130554199219e+01
1.951509952545166016e+02 7.346314239501958809e+01 5.222481155395507812e+01 3.368049621582031250e+01
1.931340675354003906e+02 7.458425140380865059e+01 4.453710937500000000e+01 3.323797607421875000e+01
1.940479564666748047e+02 7.502983474731450997e+01 4.430213546752929688e+01 3.277544403076171875e+01
1.983130760192871094e+02 6.930744743347173653e+01 5.728199768066406250e+01 3.797204971313476562e+01
2.029312496185302734e+02 7.138508605957036934e+01 3.770496749877929688e+01 3.673104858398437500e+01
2.062485942840576172e+02 7.009454345703132105e+01 5.337994003295898438e+01 3.780976867675781250e+01
2.089282665252685547e+02 6.650079917907723370e+01 5.351633834838867188e+01 4.191341018676757812e+01
2.093327751159667969e+02 6.347192955017098370e+01 5.481445312500000000e+01 4.469295120239257812e+01
2.076771373748779297e+02 5.087779045104988995e+01 5.295158004760742188e+01 5.626239395141601562e+01
2.055887203216552734e+02 5.126646614074715558e+01 5.722143173217773438e+01 5.405199813842773438e+01
2.287475490570068359e+02 4.516203880310067120e+01 5.033105087280273438e+01 4.974681472778320312e+01
2.027902393341064453e+02 6.069064331054696027e+01 5.521236038208007812e+01 4.205407714843750000e+01
2.003406429290771484e+02 5.988113212585456324e+01 5.438547897338867188e+01 4.120167922973632812e+01
1.998737545013427734e+02 6.733685111999518824e+01 5.256832504272460938e+01 3.358047866821289062e+01
1.992653007507324219e+02 5.847083854675300074e+01 5.149107360839843750e+01 3.922708511352539062e+01
1.976778144836425781e+02 6.349680900573738995e+01 5.187164306640625000e+01 3.232966995239257812e+01
1.982774200439453125e+02 4.994956970214852277e+01 5.144824981689453125e+01 4.326516723632812500e+01
1.969209518432617188e+02 5.725770568847666198e+01 5.150737762451171875e+01 3.322885131835937500e+01
1.965159187316894531e+02 6.081005668640146666e+01 5.431681823730468750e+01 2.927466201782226562e+01
1.970491580963134766e+02 6.224629688262949401e+01 5.394763565063476562e+01 2.875545310974121094e+01
1.962113666534423828e+02 6.008729362487802916e+01 5.453819656372070312e+01 3.198343276977539062e+01
1.957573947906494141e+02 5.016210556030283385e+01 5.445349502563476562e+01 4.395279693603515625e+01
1.974750213623046875e+02 5.058633041381845885e+01 5.691603851318359375e+01 4.650611114501953125e+01
2.009075069427490234e+02 5.612203979492197448e+01 6.187354660034179688e+01 4.575698852539062500e+01
2.010408477783203125e+02 5.568570899963388854e+01 5.483861541748046875e+01 4.940238571166992188e+01
1.914392833709716797e+02 5.073402976989756041e+01 6.218749618530273438e+01 4.822162246704101562e+01
1.925642356872558594e+02 5.611869239807138854e+01 7.449642944335937500e+01 5.601534652709960938e+01
1.820428676605224609e+02 5.004790306091318541e+01 5.924793624877929688e+01 5.876312637329101562e+01
1.194473724365234375e+02 2.135017776489267760e+01 5.663390350341796875e+01 4.635790252685546875e+01
1.274403419494628906e+02 2.636577415466318541e+01 6.985594177246093750e+01 5.093284988403320312e+01
1.268095436096191406e+02 2.029054450988779479e+01 5.149073791503906250e+01 4.806347274780273438e+01
1.224813079833984375e+02 2.083279800415049010e+01 6.711045074462890625e+01 4.940079498291015625e+01
1.271059265136718750e+02 2.306579208374033385e+01 6.854184722900390625e+01 5.341619110107421875e+01
1.319856185913085938e+02 1.800045776367197448e+01 5.297658538818359375e+01 5.687129211425781250e+01
1.317364425659179688e+02 2.925953292846689635e+01 7.370415496826171875e+01 5.341683197021484375e+01
2.028865642547607422e+02 6.233621025085459166e+01 6.328242111206054688e+01 6.071550369262695312e+01
2.050385665893554688e+02 6.110731697082529479e+01 6.437975311279296875e+01 5.985813522338867188e+01
2.008814849853515625e+02 5.925671195983896666e+01 7.232062530517578125e+01 5.909096145629882812e+01
1.917072753906250000e+02 5.574664688110361510e+01 5.365454864501953125e+01 5.893811798095703125e+01
1.211708335876464844e+02 1.923509216308603698e+01 6.487309265136718750e+01 5.082766723632812500e+01
1.214516143798828125e+02 2.065069961547861510e+01 6.198880767822265625e+01 4.874547576904296875e+01
1.281127281188964844e+02 2.662582588195810729e+01 7.084104919433593750e+01 5.190105819702148438e+01
1.266469268798828125e+02 2.023664855957041198e+01 5.401282501220703125e+01 4.753704833984375000e+01
2.021530170440673828e+02 7.305190849304209166e+01 4.947833633422851562e+01 4.012372207641601562e+01
2.036019916534423828e+02 7.083972930908213073e+01 5.401478958129882812e+01 3.973211669921875000e+01
2.004359550476074219e+02 7.243636512756357604e+01 4.960209655761718750e+01 3.664381027221679688e+01
2.026562709808349609e+02 7.226518630981455260e+01 5.082798385620117188e+01 3.548020172119140625e+01
2.006693954467773438e+02 6.893406486511240416e+01 5.406014251708984375e+01 3.731198501586914062e+01
2.024443016052246094e+02 6.506859397888194962e+01 5.403479003906250000e+01 4.177528762817382812e+01
2.004639282226562500e+02 6.307458686828624650e+01 5.434151458740234375e+01 4.226563644409179688e+01
1.974921760559082031e+02 6.012058639526378556e+01 5.939814758300781250e+01 4.403008270263671875e+01
2.009772853851318359e+02 6.808724403381359025e+01 5.499964523315429688e+01 3.707381820678710938e+01
2.017812404632568359e+02 6.638326644897472306e+01 5.548591232299804688e+01 3.982724761962890625e+01
1.996212387084960938e+02 6.766564941406262790e+01 5.708704376220703125e+01 3.865258789062500000e+01
2.004876976013183594e+02 6.907680320739758884e+01 5.633294677734375000e+01 3.905333328247070312e+01
2.013050251007080078e+02 6.663669586181653415e+01 5.691377639770507812e+01 4.298202514648437500e+01
2.005725135803222656e+02 6.997478675842297946e+01 5.657438659667968750e+01 4.049348068237304688e+01
2.019419441223144531e+02 6.926527786254895602e+01 5.672933959960937500e+01 4.178911590576171875e+01
2.031288471221923828e+02 6.786910820007337009e+01 5.980698013305664062e+01 4.477276992797851562e+01
1.941972351074218750e+02 5.499486541748059665e+01 4.820641326904296875e+01 4.467579650878906250e+01
2.056335563659667969e+02 6.410362243652356540e+01 5.684774780273437500e+01 5.191281127929687500e+01
2.014115886688232422e+02 6.303885459899915134e+01 5.485696029663085938e+01 5.224180984497070312e+01
2.004132900238037109e+02 5.501616668701184665e+01 5.799009323120117188e+01 6.142048645019531250e+01
2.030747203826904297e+02 5.434132575988782321e+01 5.732131576538085938e+01 6.136980819702148438e+01
2.043269920349121094e+02 5.608259010314954196e+01 5.645947265625000000e+01 6.089735031127929688e+01
2.045223197937011719e+02 6.585535240173352634e+01 5.707684326171875000e+01 5.132951736450195312e+01
2.073334026336669922e+02 6.871678733825696384e+01 5.800185775756835938e+01 5.001710891723632812e+01
2.083679714202880859e+02 6.541601181030286227e+01 5.814554977416992188e+01 5.122977447509765625e+01
2.052823295593261719e+02 6.325130653381360446e+01 6.649179077148437500e+01 5.277152633666992188e+01
2.066360473632812500e+02 5.910643196105969821e+01 6.772014617919921875e+01 5.651543807983398438e+01
1.974017581939697266e+02 7.099192237854016696e+01 3.999753189086914062e+01 4.408060836791992188e+01
2.081383247375488281e+02 8.088185310363782321e+01 5.121159362792968750e+01 3.443915939331054688e+01
2.069721107482910156e+02 7.454596328735364352e+01 5.786358642578125000e+01 4.108238983154296875e+01
2.058165340423583984e+02 6.511217689514172946e+01 6.241605758666992188e+01 4.889707565307617188e+01
2.063513526916503906e+02 6.124625587463391696e+01 5.820439147949218750e+01 4.962244796752929688e+01
2.019604206085205078e+02 6.723567008972180759e+01 5.418046951293945312e+01 4.136029434204101562e+01
1.984121875762939453e+02 6.870745086669934665e+01 4.150802993774414062e+01 3.682957458496093750e+01
1.993360748291015625e+02 6.746020317077649509e+01 4.212065887451171875e+01 3.249934768676757812e+01
1.982543258666992188e+02 5.686996650695813571e+01 5.405252838134765625e+01 3.885833358764648438e+01
1.964754619598388672e+02 5.963370895385754977e+01 5.315198898315429688e+01 3.314905548095703125e+01
1.953861522674560547e+02 5.531226730346692477e+01 4.200629806518554688e+01 3.521735382080078125e+01
1.960873031616210938e+02 5.659098815917981540e+01 4.650926971435546875e+01 3.112516784667968750e+01
1.943229122161865234e+02 5.401279067993176852e+01 5.308149337768554688e+01 3.109482574462890625e+01
1.941905765533447266e+02 5.385421371459973727e+01 4.069398880004882812e+01 2.989202117919921875e+01
1.950232563018798828e+02 5.435020542144788180e+01 5.108577346801757812e+01 2.882809257507324219e+01
1.928119163513183594e+02 5.260856056213391696e+01 5.234291076660156250e+01 3.014962387084960938e+01
1.931398925781250000e+02 5.182804584503186618e+01 5.288199615478515625e+01 3.136812400817871094e+01
1.933701248168945312e+02 5.183875465393079196e+01 5.233853912353515625e+01 3.121825790405273438e+01
1.963565788269042969e+02 5.061946105957044040e+01 5.095051574707031250e+01 3.385566711425781250e+01
1.961190013885498047e+02 5.184190368652356540e+01 5.137003707885742188e+01 3.335545349121093750e+01
1.938998413085937500e+02 5.576451683044446384e+01 6.363045501708984375e+01 3.212150955200195312e+01
1.976878871917724609e+02 5.592104148864758884e+01 4.549529647827148438e+01 3.437157058715820312e+01
1.989217472076416016e+02 6.120790672302258884e+01 5.214741897583007812e+01 3.227936172485351562e+01
1.992424983978271484e+02 6.558050727844251071e+01 5.346236801147460938e+01 3.125304794311523438e+01
1.989588737487792969e+02 6.611067771911633884e+01 5.507131958007812500e+01 3.340584182739257812e+01
1.993457069396972656e+02 6.790090560913098727e+01 5.553793334960937500e+01 3.654628753662109375e+01
1.980141582489013672e+02 6.811115074157727634e+01 5.863421249389648438e+01 4.110246658325195312e+01
2.007525749206542969e+02 5.943226814270032321e+01 5.470271301269531250e+01 5.108691024780273438e+01
1.899556694030761719e+02 1.089671516418469821e+01 4.249224853515625000e+01 4.127657699584960938e+01
1.977804450988769531e+02 1.472045326232922946e+01 3.762852478027343750e+01 3.948118209838867188e+01
1.959497585296630859e+02 1.922845840454114352e+01 4.356354904174804688e+01 3.793085479736328125e+01
1.988651084899902344e+02 2.207691955566419040e+01 4.277815246582031250e+01 3.722149658203125000e+01
1.898557968139648438e+02 2.142856407165540134e+01 5.296736907958984375e+01 4.563005447387695312e+01
1.381479053497314453e+02 2.602367782592786227e+01 4.085297012329101562e+01 4.214284515380859375e+01
1.339459686279296875e+02 2.330671882629407321e+01 7.779755401611328125e+01 5.009960556030273438e+01
1.232601585388183594e+02 2.225855255126965915e+01 6.618663024902343750e+01 4.543757629394531250e+01
1.121995162963867188e+02 2.984808731079114352e+01 8.408101654052734375e+01 4.956124114990234375e+01
1.437819976806640625e+02 2.777348899841321384e+01 8.370121002197265625e+01 5.424791336059570312e+01
1.199206237792968750e+02 1.942436408996594821e+01 6.609073638916015625e+01 4.904192733764648438e+01
1.146518669128417969e+02 2.930101203918469821e+01 8.752656555175781250e+01 5.385213851928710938e+01
1.217851486206054688e+02 2.094188690185559665e+01 6.221822357177734375e+01 4.953431701660156250e+01
1.267311706542968750e+02 2.435825920104993259e+01 7.590979766845703125e+01 5.078552627563476562e+01
1.323879318237304688e+02 1.972003555297864352e+01 5.774056243896484375e+01 5.013158416748046875e+01
1.515594177246093750e+02 2.566902923583997165e+01 6.263449859619140625e+01 5.090730285644531250e+01
1.415665931701660156e+02 2.443032455444348727e+01 7.745428466796875000e+01 5.136576080322265625e+01
1.290398216247558594e+02 1.801699256896985446e+01 7.598478698730468750e+01 5.270942306518554688e+01
2.017330665588378906e+02 6.076996040344251071e+01 5.100314331054687500e+01 5.337566757202148438e+01
2.000887203216552734e+02 6.133326911926282321e+01 5.462301254272460938e+01 4.982412338256835938e+01
2.014430274963378906e+02 6.464865493774426852e+01 5.318139648437500000e+01 4.435820770263671875e+01
2.011630077362060547e+02 6.923156738281262790e+01 5.356257247924804688e+01 3.702342224121093750e+01
1.978279438018798828e+02 6.535079765319837009e+01 5.697764968872070312e+01 3.874846267700195312e+01
1.996650543212890625e+02 6.749008560180676852e+01 4.498490142822265625e+01 3.496904754638671875e+01
1.988187980651855469e+02 6.802493667602551852e+01 5.206462097167968750e+01 3.281717681884765625e+01
1.989010334014892578e+02 6.734962844848645602e+01 5.520079421997070312e+01 3.197173309326171875e+01
2.003359909057617188e+02 6.678496646881116305e+01 5.406478118896484375e+01 3.106616020202636719e+01
1.985606956481933594e+02 6.608613014221204196e+01 5.461767578125000000e+01 3.108684921264648438e+01
2.006848011016845703e+02 6.616080856323254977e+01 5.379932022094726562e+01 3.143256378173828125e+01
1.995765800476074219e+02 6.487298202514661227e+01 5.289880371093750000e+01 3.221717071533203125e+01
1.994697284698486328e+02 6.424542617797864352e+01 5.166691970825195312e+01 3.433184051513671875e+01
1.995969276428222656e+02 6.595215034484876071e+01 5.490074157714843750e+01 3.261729049682617188e+01
2.008190002441406250e+02 6.535962295532239352e+01 4.946169281005859375e+01 3.498195648193359375e+01
2.012576675415039062e+02 6.702065086364758884e+01 4.913199615478515625e+01 3.335121536254882812e+01
2.000757427215576172e+02 6.832326698303235446e+01 4.052727890014648438e+01 3.423694992065429688e+01
2.009216575622558594e+02 6.447546958923354055e+01 5.427450561523437500e+01 4.000770950317382812e+01
2.009035987854003906e+02 6.485991668701186086e+01 5.595610046386718750e+01 4.150334167480468750e+01
2.024200820922851562e+02 6.530635261535657321e+01 5.471660614013671875e+01 4.397323226928710938e+01
2.031294136047363281e+02 6.943294334411633884e+01 5.645747375488281250e+01 4.223323440551757812e+01
2.031129055023193359e+02 6.353925514221204196e+01 5.916343307495117188e+01 4.889587020874023438e+01
2.050094242095947266e+02 5.732977867126477634e+01 5.736438369750976562e+01 5.843716812133789062e+01
2.004344978332519531e+02 5.597076034545911227e+01 5.984571838378906250e+01 5.604259490966796875e+01
1.966227569580078125e+02 4.921617317199719821e+01 4.542198944091796875e+01 3.964091110229492188e+01
2.066786041259765625e+02 6.858551979064954196e+01 5.701634979248046875e+01 5.068307113647460938e+01
2.045326309204101562e+02 6.841152954101575290e+01 5.087479400634765625e+01 5.222154235839843750e+01
2.012347908020019531e+02 6.425494956970227634e+01 6.093003845214843750e+01 5.530995559692382812e+01
1.957589874267578125e+02 5.151242256164563571e+01 4.811452484130859375e+01 4.054307174682617188e+01
2.021031856536865234e+02 6.505859565734876071e+01 5.486561203002929688e+01 5.610221481323242188e+01
1.986623363494873047e+02 5.355795097351087009e+01 4.333431625366210938e+01 4.478418350219726562e+01
2.073566017150878906e+02 7.601888656616223727e+01 5.756263732910156250e+01 4.628903961181640625e+01
2.029288234710693359e+02 5.236471557617200290e+01 5.818619918823242188e+01 6.633676147460937500e+01
2.026633625030517578e+02 5.280675888061536227e+01 6.009605789184570312e+01 6.696189117431640625e+01
2.039241714477539062e+02 5.918971061706555759e+01 3.933017730712890625e+01 5.980319595336914062e+01
2.066751117706298828e+02 7.589614486694348727e+01 4.140333938598632812e+01 4.235492706298828125e+01
2.055162143707275391e+02 6.736473083496106540e+01 4.702470779418945312e+01 4.770758056640625000e+01
2.034162864685058594e+02 6.686751365661633884e+01 4.958338928222656250e+01 4.764722061157226562e+01
2.031580829620361328e+02 7.263530349731458102e+01 5.191341018676757812e+01 3.928565216064453125e+01
2.030548706054687500e+02 6.393327140808118259e+01 5.109116363525390625e+01 4.718632888793945312e+01
2.032157688140869141e+02 6.548978042602551852e+01 3.920914077758789062e+01 4.308860015869140625e+01
2.027186737060546875e+02 6.436132240295422946e+01 5.509146881103515625e+01 4.462002182006835938e+01
2.019103031158447266e+02 6.181174850463879977e+01 4.525366592407226562e+01 4.508113861083984375e+01
2.011506710052490234e+02 6.449737358093274509e+01 5.448144149780273438e+01 4.210031509399414062e+01
2.022022132873535156e+02 6.039088821411145602e+01 5.557907104492187500e+01 4.492928314208984375e+01
2.008603992462158203e+02 6.723869705200208102e+01 5.764648818969726562e+01 3.765953826904296875e+01
2.014549617767333984e+02 6.382685661315930759e+01 5.699882125854492188e+01 4.067724990844726562e+01
2.007113571166992188e+02 6.030844688415538712e+01 5.868163299560546875e+01 4.440973281860351562e+01
2.027173919677734375e+02 6.639054107666026994e+01 5.502570343017578125e+01 3.978308105468750000e+01
2.014529209136962891e+02 6.364753150939952775e+01 5.625607681274414062e+01 4.287858200073242188e+01
1.999022979736328125e+02 7.461548805236827775e+01 5.770473480224609375e+01 3.342216110229492188e+01
2.016068630218505859e+02 7.125342369079601212e+01 5.396859359741210938e+01 3.744038772583007812e+01
2.012375335693359375e+02 6.923698234558118259e+01 5.481969451904296875e+01 3.867340469360351562e+01
2.014820289611816406e+02 6.655801963806166555e+01 5.424505615234375000e+01 4.094977188110351562e+01
2.017304668426513672e+02 6.692369461059585944e+01 5.168725204467773438e+01 3.987676239013671875e+01
2.015431003570556641e+02 7.395416259765640632e+01 5.311037063598632812e+01 3.275662231445312500e+01
1.994546871185302734e+02 6.831420707702652351e+01 5.355064010620117188e+01 3.736612319946289062e+01
1.991601066589355469e+02 7.185124397277847663e+01 5.355514526367187500e+01 3.234606552124023438e+01
2.022735481262207031e+02 7.075860595703140632e+01 5.063539123535156250e+01 3.284431457519531250e+01
2.002049713134765625e+02 6.979551315307632819e+01 5.252559661865234375e+01 3.324546051025390625e+01
1.996153488159179688e+02 6.607072448730484382e+01 5.250955963134765625e+01 3.611634826660156250e+01
1.988966102600097656e+02 5.529136466979996101e+01 5.268099975585937500e+01 4.612883377075195312e+01
1.949831237792968750e+02 6.528326606750503913e+01 5.501117706298828125e+01 3.491617965698242188e+01
1.946507205963134766e+02 6.979316425323501960e+01 5.604077529907226562e+01 2.911012840270996094e+01
2.037179317474365234e+02 6.973333740234390632e+01 4.703127670288085938e+01 3.093807983398437500e+01
2.031822719573974609e+02 6.814040946960464851e+01 4.732308578491210938e+01 3.200842666625976562e+01
2.028552551269531250e+02 6.629345130920425788e+01 4.834186553955078125e+01 3.409788131713867188e+01
2.062665061950683594e+02 6.677578163146988288e+01 4.458229064941406250e+01 3.461780929565429688e+01
2.024478874206542969e+02 6.533520126342789069e+01 4.907212829589843750e+01 3.602808380126953125e+01
2.014934234619140625e+02 6.551431083679214851e+01 5.047815704345703125e+01 3.590326309204101562e+01
1.991500415802001953e+02 6.614714241027847663e+01 5.137982559204101562e+01 3.508677291870117188e+01
2.064161739349365234e+02 6.673148536682144538e+01 4.491979598999023438e+01 3.475072860717773438e+01
2.079937858581542969e+02 6.684137344360367194e+01 4.206062316894531250e+01 3.392075347900390625e+01
2.044895496368408203e+02 6.745648288726822273e+01 4.363653945922851562e+01 3.198742485046386719e+01
1.911579227447509766e+02 6.731792545318620569e+01 2.276311111450195312e+01 2.528121757507324219e+01
2.085246067047119141e+02 6.801973915100114709e+01 3.815097427368164062e+01 2.987524032592773438e+01
2.004609642028808594e+02 6.672404670715349084e+01 4.779664611816406250e+01 3.238286972045898438e+01
1.969934711456298828e+02 6.638961791992204553e+01 5.263287734985351562e+01 3.268904113769531250e+01
1.959715881347656250e+02 6.411976814270036584e+01 5.348157501220703125e+01 3.413935470581054688e+01
2.068461418151855469e+02 5.949416542053239709e+01 4.130960083007812500e+01 3.841247177124023438e+01
2.070286636352539062e+02 4.934864997863786584e+01 4.118267059326171875e+01 4.470423507690429688e+01
2.054479598999023438e+02 5.023530197143571741e+01 4.387125396728515625e+01 4.030687713623046875e+01
2.058664188385009766e+02 4.935211563110368616e+01 4.408880996704101562e+01 3.769016265869140625e+01
2.033886966705322266e+02 5.319708919525163537e+01 4.548881912231445312e+01 3.139343452453613281e+01
1.999346084594726562e+02 5.079068660736101037e+01 4.792266082763671875e+01 3.126237678527832031e+01
1.974895343780517578e+02 5.201203918457048303e+01 4.972206497192382812e+01 2.890065002441406250e+01
1.954189167022705078e+02 5.209826946258561975e+01 5.089679336547851562e+01 2.814538002014160156e+01
1.935878639221191406e+02 5.172624301910417444e+01 5.099739074707031250e+01 2.808207511901855469e+01
1.924491539001464844e+02 5.103153610229509241e+01 5.183586120605468750e+01 3.102877044677734375e+01
1.879369869232177734e+02 4.988206100463884241e+01 4.846766281127929688e+01 3.923172760009765625e+01
1.887639141082763672e+02 5.277676391601579553e+01 4.694826889038085938e+01 4.395919799804687500e+01
1.824724807739257812e+02 6.141842842102067834e+01 5.113872528076171875e+01 4.516387557983398438e+01
1.765043144226074219e+02 6.603362464904800788e+01 5.254675292968750000e+01 4.657892990112304688e+01
1.763560752868652344e+02 6.878598594665542976e+01 5.091926574707031250e+01 4.890954971313476562e+01
1.874311904907226562e+02 4.597013664245621101e+01 5.282076263427734375e+01 3.317944717407226562e+01
1.793418884277343750e+02 6.884671592712417976e+01 5.887863922119140625e+01 5.739650344848632812e+01
1.801515941619873047e+02 4.006707572937027351e+01 4.965888595581054688e+01 3.685977554321289062e+01
1.803449020385742188e+02 9.491972160339371101e+01 5.735352325439453125e+01 3.689545059204102984e+01
1.924411163330078125e+02 4.372104358673114177e+01 5.191585540771484375e+01 3.124641227722167969e+01
1.893560409545898438e+02 4.288881683349627849e+01 5.763066864013671875e+01 3.423615264892578125e+01
1.800120658874511719e+02 9.223489952087420818e+01 6.242912292480468750e+01 4.168345260620115766e+01
2.375449600219726562e+02 3.916944694519060022e+01 4.501000213623046875e+01 4.249090194702148438e+01
2.081632461547851562e+02 2.647716712951677209e+01 4.284149932861328125e+01 3.236720657348632812e+01
1.990587177276611328e+02 1.775477600097674724e+01 4.359621047973632812e+01 4.155423736572265625e+01
2.022549724578857422e+02 1.957925796508807537e+01 4.091559982299804688e+01 3.557760620117187500e+01
2.042710361480712891e+02 2.063006401062030193e+01 3.691994094848632812e+01 3.470473861694335938e+01
2.019885482788085938e+02 1.825770378112811443e+01 3.762017059326171875e+01 3.797407150268554688e+01
2.007337150573730469e+02 1.662391281127948162e+01 3.575924682617187500e+01 3.832389831542968750e+01
2.033606681823730469e+02 1.542449951171893474e+01 3.397004699707031250e+01 3.856851959228515625e+01
1.994940986633300781e+02 1.541466522216815349e+01 3.914518737792968750e+01 3.902970123291015625e+01
2.000034465789794922e+02 1.304300308227557537e+01 4.046427536010742188e+01 3.943997192382812500e+01
1.981432399749755859e+02 1.153205108642596599e+01 4.110456466674804688e+01 3.958386993408203125e+01
2.005231361389160156e+02 8.237957000732606616e+00 3.989945983886718750e+01 4.124816894531250000e+01
2.012617568969726562e+02 5.066946029663270679e+00 3.932563018798828125e+01 4.259737777709960938e+01
1.929445381164550781e+02 7.177633285522645679e+00 4.236712646484375000e+01 4.073572921752929688e+01
2.071295700073242188e+02 2.621540069580262866e+00 4.007823944091796875e+01 4.201525878906250000e+01
2.029585971832275391e+02 5.774116516113465991e+00 4.028723526000976562e+01 4.098361968994140625e+01
