3.200000000000000000e+01 2.100000000000000000e+01 3.600000000000000000e+01 4.800000000000000000e+01
3.273130226135253906e+01 2.266962051391601562e+01 3.300338363647460938e+01 4.881421661376953125e+01
3.306805706024169922e+01 2.499920463562011719e+01 3.065094947814941406e+01 4.851787185668945312e+01
3.350988292694091797e+01 2.664395141601562500e+01 2.950557899475097656e+01 4.992922973632812500e+01
3.282495975494384766e+01 2.921817207336425781e+01 3.066561698913574219e+01 4.869421005249023438e+01
3.190725612640380859e+01 2.932927894592285156e+01 3.135708808898925781e+01 4.964617538452148438e+01
3.030055427551269531e+01 3.148959541320800781e+01 3.325083541870117188e+01 4.839696884155273438e+01
3.009224700927734375e+01 3.289897537231445312e+01 3.501651000976562500e+01 4.757659149169921875e+01
2.946965217590332031e+01 3.581149101257324219e+01 3.641129684448242188e+01 4.441888809204101562e+01
2.895063018798828125e+01 3.631899452209472656e+01 3.635115051269531250e+01 4.362408065795898438e+01
3.016504859924316406e+01 3.631650352478027344e+01 3.690055465698242188e+01 4.528744888305664062e+01
3.058392333984375000e+01 3.760566139221191406e+01 3.625421142578125000e+01 4.459887313842773438e+01
3.059917831420898438e+01 3.889572143554687500e+01 3.573622894287109375e+01 4.426516723632812500e+01
3.137531661987304688e+01 3.926785659790039062e+01 3.662914276123046875e+01 4.535068511962890625e+01
3.191765975952148438e+01 4.093186759948730469e+01 3.665285491943359375e+01 4.560344314575195312e+01
3.363331413269042969e+01 4.341476821899414062e+01 3.591481399536132812e+01 4.414785003662109375e+01
3.505883026123046875e+01 4.334823226928710938e+01 3.616752624511718750e+01 4.416271209716796875e+01
3.712210845947265625e+01 4.143442726135253906e+01 3.602861022949218750e+01 4.638602828979492188e+01
3.768383979797363281e+01 4.246593856811523438e+01 3.702779769897460938e+01 4.415702056884765625e+01
4.076283073425292969e+01 4.063639068603515625e+01 3.635840225219726562e+01 4.545236206054687500e+01
4.309880828857421875e+01 4.032466125488281250e+01 3.575032043457031250e+01 4.449252319335937500e+01
4.410778999328613281e+01 3.759530830383300781e+01 3.688645553588867188e+01 4.556789779663085938e+01
4.718228530883789062e+01 3.842619705200195312e+01 3.621303558349609375e+01 4.343495941162109375e+01
4.895497131347656250e+01 3.784328269958496094e+01 3.658055114746093750e+01 4.309222793579101562e+01
5.177286720275878906e+01 3.675553703308105469e+01 3.555202865600585938e+01 4.315750503540039062e+01
5.458421897888183594e+01 3.595870399475097656e+01 3.360643386840820312e+01 4.284931564331054688e+01
5.668137550354003906e+01 3.601100349426269531e+01 3.249430465698242188e+01 4.246815109252929688e+01
5.677191925048828125e+01 3.731845474243164062e+01 3.078619384765625000e+01 4.142571258544921875e+01
5.647134113311767578e+01 3.578583717346191406e+01 3.056624412536621094e+01 4.249975204467773438e+01
5.673988914489746094e+01 3.841168594360351562e+01 3.085928726196289062e+01 4.230307769775390625e+01
5.461225891113281250e+01 3.800033187866210938e+01 3.161244201660156250e+01 4.356316375732421875e+01
5.461108875274658203e+01 3.913412094116210938e+01 3.188840293884277344e+01 4.257714080810546875e+01
5.256073570251464844e+01 3.894486236572265625e+01 3.406129837036132812e+01 4.340025329589843750e+01
5.232134246826171875e+01 4.080928611755371094e+01 3.410925292968750000e+01 4.318523025512695312e+01
5.185920906066894531e+01 4.224205017089843750e+01 3.471598434448242188e+01 4.574543762207031250e+01
5.324532127380371094e+01 4.204496955871582031e+01 3.292253494262695312e+01 4.376540756225585938e+01
5.294133758544921875e+01 4.297214508056640625e+01 3.241925048828125000e+01 4.183894348144531250e+01
5.260564994812011719e+01 4.417298698425292969e+01 3.349283218383789062e+01 4.294185256958007812e+01
5.376435470581054688e+01 4.382373046875000000e+01 3.334282684326171875e+01 4.247000122070312500e+01
5.394513702392578125e+01 4.569809150695800781e+01 3.277304077148437500e+01 4.204520797729492188e+01
5.502852725982666016e+01 4.629123878479003906e+01 3.147141838073730469e+01 4.204702377319335938e+01
5.260239791870117188e+01 4.833725738525390625e+01 3.397332000732421875e+01 4.209031677246093750e+01
5.441040802001953125e+01 4.903664970397949219e+01 3.205000305175781250e+01 4.206683731079101562e+01
5.228079795837402344e+01 4.857294464111328125e+01 3.564274978637695312e+01 4.400721740722656250e+01
5.294663429260253906e+01 5.107258224487304688e+01 3.322878646850585938e+01 4.035395050048828125e+01
5.194839668273925781e+01 5.063555145263671875e+01 3.430404281616210938e+01 4.198699951171875000e+01
5.158778762817382812e+01 5.064714813232421875e+01 3.508316802978515625e+01 4.205036926269531250e+01
5.124611282348632812e+01 5.404207801818847656e+01 3.439243316650390625e+01 3.924015426635742188e+01
5.133457756042480469e+01 5.252899360656738281e+01 3.589204788208007812e+01 4.159095382690429688e+01
5.071823501586914062e+01 5.505217552185058594e+01 3.689330291748046875e+01 4.097385025024414062e+01
5.171927261352539062e+01 5.532734298706054688e+01 3.588556671142578125e+01 4.429329681396484375e+01
5.267979240417480469e+01 5.630563545227050781e+01 3.502476882934570312e+01 4.305884933471679688e+01
5.179544448852539062e+01 5.787689018249511719e+01 3.817821502685546875e+01 4.323180007934570312e+01
5.358805084228515625e+01 5.849293136596679688e+01 3.614068603515625000e+01 4.319138336181640625e+01
5.111283111572265625e+01 6.027407455444335938e+01 3.936735534667968750e+01 4.258301544189453125e+01
5.219518852233886719e+01 6.136400413513183594e+01 4.023073196411132812e+01 4.243820571899414062e+01
4.815758323669433594e+01 6.231781578063964844e+01 4.216363906860351562e+01 4.270587539672851562e+01
5.238710403442382812e+01 6.363235664367675781e+01 3.814636993408203125e+01 4.120600509643554688e+01
5.003530120849609375e+01 6.328652000427246094e+01 4.012800598144531250e+01 4.231628799438476562e+01
5.244668197631835938e+01 6.411353302001953125e+01 3.741062164306640625e+01 4.172949218750000000e+01
5.024686050415039062e+01 6.449814605712890625e+01 3.959204864501953125e+01 4.198744201660156250e+01
5.093438911437988281e+01 6.503771972656250000e+01 3.908506393432617188e+01 4.133421325683593750e+01
4.865988540649414062e+01 6.455859184265136719e+01 4.005178070068359375e+01 4.133774185180664062e+01
4.905027198791503906e+01 6.428667259216308594e+01 4.077402877807617188e+01 4.109924697875976562e+01
4.936638069152832031e+01 6.459986305236816406e+01 3.810891342163085938e+01 4.053358078002929688e+01
4.832521820068359375e+01 6.416894912719726562e+01 4.014855957031250000e+01 4.134287261962890625e+01
4.915008163452148438e+01 6.289550209045410156e+01 4.007852935791015625e+01 4.185429000854492188e+01
4.846665191650390625e+01 6.372823905944824219e+01 3.687268066406250000e+01 4.109611892700195312e+01
4.922849082946777344e+01 6.299442672729492188e+01 3.840604019165039062e+01 4.128537750244140625e+01
4.874605178833007812e+01 6.240169906616210938e+01 3.868099212646484375e+01 4.074600982666015625e+01
4.808523750305175781e+01 6.240942382812500000e+01 3.729360580444335938e+01 4.084161376953125000e+01
4.794766807556152344e+01 6.090705299377441406e+01 3.872952651977539062e+01 4.128960800170898438e+01
4.657489395141601562e+01 6.028231048583984375e+01 4.024941253662109375e+01 4.127609252929687500e+01
4.672867584228515625e+01 6.012084770202636719e+01 3.890165710449218750e+01 4.128654861450195312e+01
4.767068672180175781e+01 5.973190116882324219e+01 3.722596359252929688e+01 4.144125747680664062e+01
4.698017501831054688e+01 5.912702178955078125e+01 3.786438751220703125e+01 4.182420349121093750e+01
4.662308311462402344e+01 5.821022987365722656e+01 3.849280166625976562e+01 4.172599411010742188e+01
4.765624046325683594e+01 5.814321136474609375e+01 3.761897659301757812e+01 4.158514404296875000e+01
4.684603309631347656e+01 5.898715972900390625e+01 3.739863204956054688e+01 4.125355529785156250e+01
4.735821151733398438e+01 5.909717750549316406e+01 3.678435516357421875e+01 4.194494247436523438e+01
4.646947669982910156e+01 6.028831863403320312e+01 3.773087692260742188e+01 3.987393951416015625e+01
4.671404075622558594e+01 5.972418785095214844e+01 3.761725234985351562e+01 4.169411087036132812e+01
4.656863403320312500e+01 6.041647338867187500e+01 3.771435546875000000e+01 4.071380615234375000e+01
4.701258850097656250e+01 6.136587333679199219e+01 3.730923461914062500e+01 3.897491836547851562e+01
4.867337799072265625e+01 5.809225845336914062e+01 3.618035888671875000e+01 4.369042205810546875e+01
4.784025764465332031e+01 6.170428085327148438e+01 3.829073715209960938e+01 4.140541839599609375e+01
4.748041915893554688e+01 6.243499183654785156e+01 3.812116241455078125e+01 3.976346969604492188e+01
4.873686218261718750e+01 6.230241966247558594e+01 3.674220275878906250e+01 3.919006729125976562e+01
5.063182067871093750e+01 5.756905364990234375e+01 3.509854125976562500e+01 4.421380615234375000e+01
4.669537734985351562e+01 6.175050926208496094e+01 4.080748748779296875e+01 4.223974990844726562e+01
4.803309059143066406e+01 6.249279785156250000e+01 4.064693832397460938e+01 4.066764831542968750e+01
4.786042213439941406e+01 6.239280319213867188e+01 3.992870712280273438e+01 4.068703460693359375e+01
4.830544662475585938e+01 6.307086753845214844e+01 3.873694610595703125e+01 3.960567092895507812e+01
4.771358108520507812e+01 6.188388824462890625e+01 3.879891204833984375e+01 3.973982238769531250e+01
4.880485343933105469e+01 6.272657966613769531e+01 3.781163406372070312e+01 3.857276535034179688e+01
5.238536453247070312e+01 6.240485000610351562e+01 3.423513031005859375e+01 3.825905609130859375e+01
4.754849243164062500e+01 6.280992317199707031e+01 4.003359985351562500e+01 3.919367599487304688e+01
5.051209831237792969e+01 6.301640319824218750e+01 3.790336990356445312e+01 3.905584716796875000e+01
5.386005592346191406e+01 6.377547264099121094e+01 3.549695968627929688e+01 3.765555191040039062e+01
5.092275238037109375e+01 6.233175468444824219e+01 4.009313964843750000e+01 4.010782241821289062e+01
5.835298538208007812e+01 6.318860435485839844e+01 3.364075469970703125e+01 3.942320632934570312e+01
5.690294647216796875e+01 6.414878273010253906e+01 3.611920166015625000e+01 3.947773361206054688e+01
6.092882156372070312e+01 6.459433174133300781e+01 3.419318389892578125e+01 3.958747482299804688e+01
6.088096809387207031e+01 6.430428886413574219e+01 3.473769760131835938e+01 4.074193191528320312e+01
6.103307342529296875e+01 6.399770736694335938e+01 3.549980163574218750e+01 4.144605255126953125e+01
6.323282432556152344e+01 6.498304367065429688e+01 3.427186965942382812e+01 4.031377410888671875e+01
6.491113471984863281e+01 6.480070304870605469e+01 3.476202011108398438e+01 4.160231399536132812e+01
6.428785514831542969e+01 6.551908493041992188e+01 3.521847915649414062e+01 4.025102996826171875e+01
6.549632453918457031e+01 6.513103103637695312e+01 3.536608505249023438e+01 4.116622161865234375e+01
6.621473312377929688e+01 6.573347091674804688e+01 3.409175872802734375e+01 4.037773895263671875e+01
6.660801887512207031e+01 6.440997886657714844e+01 3.540224838256835938e+01 4.155594253540039062e+01
6.823103332519531250e+01 6.415839958190917969e+01 3.410432434082031250e+01 4.206648635864257812e+01
6.751643562316894531e+01 6.416957473754882812e+01 3.495766830444335938e+01 4.134030914306640625e+01
6.860854911804199219e+01 6.473376083374023438e+01 3.405014419555664062e+01 4.049167633056640625e+01
6.494994544982910156e+01 6.369810867309570312e+01 3.706745529174804688e+01 4.065651702880859375e+01
6.829346275329589844e+01 6.283834838867187500e+01 3.430298233032226562e+01 4.093235778808593750e+01
6.932087898254393110e+01 6.313775253295897016e+01 3.401264572143554688e+01 4.024538421630859375e+01
6.298701477050779829e+01 6.206747627258299360e+01 4.032278442382812500e+01 4.078141403198242188e+01
6.528077316284178266e+01 6.166078567504881391e+01 3.795125579833984375e+01 4.107256317138671875e+01
7.042080307006834516e+01 6.135546874999998579e+01 3.318483734130859375e+01 4.192372131347656250e+01
6.903382110595703125e+01 6.036286926269531250e+01 3.416638183593750000e+01 4.209246826171875000e+01
7.084445762634277344e+01 6.196198081970214844e+01 3.393175125122070312e+01 4.094964981079101562e+01
7.284066390991212359e+01 6.109992599487306109e+01 3.297557830810546875e+01 4.097183990478515625e+01
7.262545013427735796e+01 6.051214981079102984e+01 3.454606628417968750e+01 4.181832122802734375e+01
7.010259819030763140e+01 6.160734176635743609e+01 3.825833511352539062e+01 4.125449371337890625e+01
7.603662490844727984e+01 6.219404220581056109e+01 3.319748687744140625e+01 4.074517059326171875e+01
7.550367355346681109e+01 6.104073143005372515e+01 3.657767486572265625e+01 4.195868301391601562e+01
7.850798225402833452e+01 6.181114196777345171e+01 3.543151473999023438e+01 4.109962463378906250e+01
8.102842712402345171e+01 6.203699302673341265e+01 3.484530639648437500e+01 4.321022415161132812e+01
8.293498039245606890e+01 6.221406555175782671e+01 3.563127517700195312e+01 4.326232910156250000e+01
8.559675025939942827e+01 6.301982498168946734e+01 3.578779220581054688e+01 4.282788848876953125e+01
8.813434219360352984e+01 6.331689453125001421e+01 3.469069671630859375e+01 4.345028686523437500e+01
8.964279937744142046e+01 6.247946929931642046e+01 3.510044860839843750e+01 4.325262451171875000e+01
8.978132820129395952e+01 6.237164688110352984e+01 3.612044906616210938e+01 4.298157501220703125e+01
9.126554298400880327e+01 6.285657119750977984e+01 3.611707687377929688e+01 4.312165069580078125e+01
9.157598686218263140e+01 6.377286529541017046e+01 3.788608169555662641e+01 4.285774230957031250e+01
9.381181716918945312e+01 6.398939132690431109e+01 3.524901580810546875e+01 4.218315887451171875e+01
9.511592102050781250e+01 6.284172248840333452e+01 3.653593444824218750e+01 4.376966476440429688e+01
9.585758590698242188e+01 6.314444923400880327e+01 3.633614349365234375e+01 4.342705917358398438e+01
9.620182800292968750e+01 6.309789466857911577e+01 3.588737487792968750e+01 4.381206893920898438e+01
9.658976364135742188e+01 6.213662910461427202e+01 3.637018585205078125e+01 4.392362594604492188e+01
9.761212921142578125e+01 6.246747207641602984e+01 3.520558166503906250e+01 4.405716705322265625e+01
9.742940521240234375e+01 6.251987648010255327e+01 3.571833801269531250e+01 4.428350448608398438e+01
9.791407966613769531e+01 6.271468162536622515e+01 3.562145614624023438e+01 4.404703140258789062e+01
9.879210472106933594e+01 6.278737449645997515e+01 3.532390213012695312e+01 4.374704360961914062e+01
9.931248283386230469e+01 6.247654342651368609e+01 3.472063064575195312e+01 4.419345855712890625e+01
9.947906684875488281e+01 6.211228370666505327e+01 3.496795272827148438e+01 4.418128585815429688e+01
1.006373901367187500e+02 6.206049919128419390e+01 3.556613159179687500e+01 4.444188308715820312e+01
1.012218246459960938e+02 6.259389495849610796e+01 3.435676574707031250e+01 4.406364440917968750e+01
1.014553737640380859e+02 6.271294212341310015e+01 3.473656082153320312e+01 4.443744277954101562e+01
1.027532138824462891e+02 6.279868888854981890e+01 3.479475021362304688e+01 4.477138137817382812e+01
1.026440219879150391e+02 6.219940757751466265e+01 3.604299545288085938e+01 4.455578994750976562e+01
1.042275600433349609e+02 6.146350479125977984e+01 3.446060562133789062e+01 4.401576995849609375e+01
1.039962368011474609e+02 6.115463638305665484e+01 3.514674758911132812e+01 4.356034088134765625e+01
1.053894577026367188e+02 6.008737564086915484e+01 3.422256469726562500e+01 4.464278411865234375e+01
1.068075180053710938e+02 5.976175117492677202e+01 3.352650451660156250e+01 4.423432540893554688e+01
1.073010978698730469e+02 5.936066627502442827e+01 3.546837615966796875e+01 4.376891708374023438e+01
1.076465816497802734e+02 5.910808753967286577e+01 3.548532485961914062e+01 4.244396591186523438e+01
1.071139392852783203e+02 5.778043937683106890e+01 3.677274703979492188e+01 4.305421829223632812e+01
1.083917160034179688e+02 5.809745025634767046e+01 3.693997192382812500e+01 4.206451416015625000e+01
1.091052017211914062e+02 5.794754028320313921e+01 3.576719665527343750e+01 4.212910461425781250e+01
1.102503166198730469e+02 5.677361297607423296e+01 3.606221771240234375e+01 4.253218078613281250e+01
1.085793914794921875e+02 5.808805656433106890e+01 3.571220397949218750e+01 4.160736465454101562e+01
1.089489288330078125e+02 5.653812408447267046e+01 3.601307678222656250e+01 4.336997985839843750e+01
1.085223045349121094e+02 5.690820884704591265e+01 3.568952178955078125e+01 4.271428298950195312e+01
1.086546478271484375e+02 5.687706756591798296e+01 3.626133728027343750e+01 4.315748596191406250e+01
1.081365585327148438e+02 5.790966033935548296e+01 3.515097045898437500e+01 4.208386230468750000e+01
1.088408050537109375e+02 5.769452476501466265e+01 3.604663085937500000e+01 4.255371475219726562e+01
1.089573211669921875e+02 5.732889747619630327e+01 3.444146728515625000e+01 4.257047653198242188e+01
1.095093212127685547e+02 5.701399612426759234e+01 3.589468765258789062e+01 4.259644317626953125e+01
1.096437740325927734e+02 5.820916175842286577e+01 3.550304031372070312e+01 4.166012191772460938e+01
1.108831005096435547e+02 5.694197463989259234e+01 3.540762710571289062e+01 4.212461090087890625e+01
1.103731727600097656e+02 5.729058074951173296e+01 3.534584808349609375e+01 4.192674255371093750e+01
1.127328510284423828e+02 5.711069107055665484e+01 3.510267257690429688e+01 4.226432037353515625e+01
1.140492668151855469e+02 5.715582275390626421e+01 3.484409332275390625e+01 4.232685852050781250e+01
1.159316310882568359e+02 5.703475570678712359e+01 3.480414199829101562e+01 4.267597198486328125e+01
1.174800491333007812e+02 5.745137023925782671e+01 3.503126525878906250e+01 4.311082458496093750e+01
1.199874858856201172e+02 5.690071296691895952e+01 3.486783218383789062e+01 4.224241256713867188e+01
1.205150527954101562e+02 5.686663055419923296e+01 3.590568542480468750e+01 4.258074951171875000e+01
1.227395019531250000e+02 5.641754531860352984e+01 3.519781494140625000e+01 4.343607330322265625e+01
1.230595092773437500e+02 5.534327125549317827e+01 3.607298278808593750e+01 4.453464889526367188e+01
1.238971958160400391e+02 5.568921470642091265e+01 3.461416244506835938e+01 4.377302932739257812e+01
1.256521663665771484e+02 5.457504081726075640e+01 3.476980972290039062e+01 4.423128128051757812e+01
1.257873382568359375e+02 5.504977607727052202e+01 3.429154968261718750e+01 4.332703781127929688e+01
1.271597213745117188e+02 5.501228523254395952e+01 3.503437805175781250e+01 4.359869003295898438e+01
1.268542861938476562e+02 5.390670967102052202e+01 3.438882446289062500e+01 4.332323837280273438e+01
1.270163574218750000e+02 5.458763885498048296e+01 3.465946960449218750e+01 4.308561706542968750e+01
1.279990444183349609e+02 5.514139175415040484e+01 3.508488845825195312e+01 4.240497589111328125e+01
1.279114170074462891e+02 5.391185379028321734e+01 3.444170761108398438e+01 4.358055877685546875e+01
1.279808712005615234e+02 5.432121467590333452e+01 3.444391250610351562e+01 4.252846908569335938e+01
1.277167053222656250e+02 5.430678939819337359e+01 3.446342468261718750e+01 4.291716766357421875e+01
1.279597339630126953e+02 5.492853736877442827e+01 3.451745223999023438e+01 4.330895614624023438e+01
1.277119178771972656e+02 5.394237518310548296e+01 3.422885894775390625e+01 4.354582214355468750e+01
1.273206691741943359e+02 5.414404106140138140e+01 3.442390823364257812e+01 4.292230606079101562e+01
1.275655250549316406e+02 5.479974555969239702e+01 3.468866729736328125e+01 4.274503707885742188e+01
1.283926677703857422e+02 5.525365257263185015e+01 3.430287551879882812e+01 4.156480789184570312e+01
1.287840118408203125e+02 5.482870864868165484e+01 3.434487915039062500e+01 4.187903594970703125e+01
1.291382598876953125e+02 5.565537452697755327e+01 3.458595275878906250e+01 4.138665390014648438e+01
1.305336971282958984e+02 5.564667510986329546e+01 3.471361160278320312e+01 4.150181579589843750e+01
1.311926250457763672e+02 5.599474334716798296e+01 3.411865615844726562e+01 4.145344543457031250e+01
1.319356822967529297e+02 5.492222785949708452e+01 3.456880569458007812e+01 4.154859542846679688e+01
1.333320007324218750e+02 5.441401672363282671e+01 3.453886413574218750e+01 4.206216430664062500e+01
1.345182666778564453e+02 5.485885238647462359e+01 3.421891403198242188e+01 4.260854339599609375e+01
1.350519561767578125e+02 5.476832008361817827e+01 3.534492492675781250e+01 4.299065780639648438e+01
1.364564552307128906e+02 5.537862586975099077e+01 3.445561981201171875e+01 4.303083419799804688e+01
1.373054828643798828e+02 5.667668724060060015e+01 3.476432418823242188e+01 4.299074172973632812e+01
1.366351184844970703e+02 5.754676055908204546e+01 3.449140548706054688e+01 4.228598022460937500e+01
1.380317363739013672e+02 5.813663101196290484e+01 3.589726638793945312e+01 4.194724273681640625e+01
1.377752761840820312e+02 5.766506385803224077e+01 3.578205871582031250e+01 4.228945541381835938e+01
1.378806190490722656e+02 5.950908088684083452e+01 3.448854827880859375e+01 4.160366439819335938e+01
1.377182788848876953e+02 5.872673416137696734e+01 3.574854660034179688e+01 4.237497711181640625e+01
1.380594215393066406e+02 5.838780021667481890e+01 3.489144134521484375e+01 4.186253738403320312e+01
1.372608528137207031e+02 5.872221755981446734e+01 3.521794891357421875e+01 4.130883026123046875e+01
1.391768112182617188e+02 5.803016853332520952e+01 3.540704345703125000e+01 4.157830429077148438e+01
1.384511775970458984e+02 5.792246627807618609e+01 3.559659194946289062e+01 4.123246002197265625e+01
1.398755302429199219e+02 5.726638221740724077e+01 3.586859893798828125e+01 4.202033615112304688e+01
1.407379112243652344e+02 5.811259651184083452e+01 3.500281524658203125e+01 4.100022506713867188e+01
1.411960239410400391e+02 5.806431961059571734e+01 3.670260238647460938e+01 4.140581512451171875e+01
1.421063919067382812e+02 5.859262847900392046e+01 3.552024841308593750e+01 4.109712219238281250e+01
1.426567039489746094e+02 5.798913955688477984e+01 3.692441558837890625e+01 4.230934906005859375e+01
1.434596595764160156e+02 5.810721969604493609e+01 3.714933013916015625e+01 4.322812652587890625e+01
1.445118846893310547e+02 5.845107269287110796e+01 3.637327957153320312e+01 4.303823852539062500e+01
1.456340732574462891e+02 5.740977859497071734e+01 3.655207443237304688e+01 4.456368255615234375e+01
1.470516376495361328e+02 5.805923080444337359e+01 3.620777511596679688e+01 4.453482818603515625e+01
1.472537269592285156e+02 5.837907981872560015e+01 3.538690948486328125e+01 4.353943252563476562e+01
1.481216411590576172e+02 5.867200279235841265e+01 3.584518814086914062e+01 4.364116287231445312e+01
1.484800033569335938e+02 5.997475624084474077e+01 3.462684631347656250e+01 4.348101425170898438e+01
1.483812713623046875e+02 6.028140830993653765e+01 3.490873718261718750e+01 4.294850540161132812e+01
1.474817485809326172e+02 6.045702934265138140e+01 3.522459793090820312e+01 4.201610183715820312e+01
1.465836143493652344e+02 5.948824119567872515e+01 3.469258880615234375e+01 4.226355361938476562e+01
1.456984214782714844e+02 5.903087234497071734e+01 3.504907989501953125e+01 4.257302093505859375e+01
1.454178180694580078e+02 5.978634262084962359e+01 3.519240951538085938e+01 4.153119659423828125e+01
1.411153373718261719e+02 5.601962852478028765e+01 3.592804718017578125e+01 4.266447830200195312e+01
1.401916294097900391e+02 5.744795799255372515e+01 3.697741317749023438e+01 4.233143997192382812e+01
1.403418102264404297e+02 5.749595069885255327e+01 3.646283340454101562e+01 4.239110946655273438e+01
1.410665493011474609e+02 5.847665214538575640e+01 3.708726882934570312e+01 4.236111831665039062e+01
1.413314399719238281e+02 5.880287551879884234e+01 3.635890960693359375e+01 4.254610443115234375e+01
1.415815563201904297e+02 5.815816497802735796e+01 3.672447586059570312e+01 4.316694641113281250e+01
1.414227294921875000e+02 5.884098052978517046e+01 3.684619140625000000e+01 4.278572082519531250e+01
1.425265197753906250e+02 5.821320724487306109e+01 3.697988891601562500e+01 4.364743804931640625e+01
1.417751598358154297e+02 5.798010826110841265e+01 3.632429885864257812e+01 4.344234085083007812e+01
1.428852977752685547e+02 5.849189186096192827e+01 3.686519241333007812e+01 4.342712020874023438e+01
1.428885517120361328e+02 5.659189605712892046e+01 3.603878402709960938e+01 4.354112243652343750e+01
1.431413307189941406e+02 5.606251144409181109e+01 3.775550079345703125e+01 4.319147491455078125e+01
1.428965396881103516e+02 5.410102462768556109e+01 3.739283370971679688e+01 4.368169403076171875e+01
1.440057239532470703e+02 5.539495468139649859e+01 3.647541427612304688e+01 4.167029571533203125e+01
1.437277736663818359e+02 5.328157615661622515e+01 3.726581192016601562e+01 4.224916458129882812e+01
1.448835391998291016e+02 5.306677436828614702e+01 3.701247787475585938e+01 4.202038192749023438e+01
1.465719184875488281e+02 5.279343223571778765e+01 3.796695709228515625e+01 4.244067764282226562e+01
1.467014102935791016e+02 5.212799072265626421e+01 3.724081039428710938e+01 4.256520080566406250e+01
1.481622219085693359e+02 5.337426757812501421e+01 3.779939651489257812e+01 4.304435729980468750e+01
1.498476600646972656e+02 5.231694984436036577e+01 3.628287506103515625e+01 4.452738571166992188e+01
1.535437984466552734e+02 5.579631805419923296e+01 3.606694412231445312e+01 4.482942199707031250e+01
1.529327335357666016e+02 5.525027084350587359e+01 3.581187057495117188e+01 4.518822479248046875e+01
1.532600040435791016e+02 5.617769622802735796e+01 3.570075607299804688e+01 4.496371459960937500e+01
1.530996952056884766e+02 5.672647285461427202e+01 3.585578536987304688e+01 4.463694381713867188e+01
1.536603965759277344e+02 5.698176002502442827e+01 3.588605499267578125e+01 4.392087936401367188e+01
1.541483192443847656e+02 5.800831604003907671e+01 3.624401092529296875e+01 4.499993896484375000e+01
1.546415519714355469e+02 5.790522575378419390e+01 3.563541412353515625e+01 4.366096878051757812e+01
1.552389240264892578e+02 5.880512046813966265e+01 3.548003768920898438e+01 4.365286636352539062e+01
1.553712234497070312e+02 6.010147666931153765e+01 3.526763916015625000e+01 4.412739944458007812e+01
1.547740116119384766e+02 6.095712852478028765e+01 3.471261215209960938e+01 4.345558547973632812e+01
1.539965915679931641e+02 6.196167755126954546e+01 3.534009933471679688e+01 4.326065063476562500e+01
1.545101165771484375e+02 6.316613197326661577e+01 3.525759887695312500e+01 4.357896041870117188e+01
1.545053653717041016e+02 6.421681976318360796e+01 3.549767684936523438e+01 4.423326110839843750e+01
1.546177711486816406e+02 6.492398834228517046e+01 3.488488006591796875e+01 4.402891540527343750e+01
1.546049671173095703e+02 6.577618026733399859e+01 3.493522262573242188e+01 4.494681549072265625e+01
1.534049549102783203e+02 6.773672485351563921e+01 3.350881576538085938e+01 4.436532592773437500e+01
1.533545398712158203e+02 6.737927246093751421e+01 3.484864425659179688e+01 4.536877441406250000e+01
1.525535526275634766e+02 6.600240707397462359e+01 3.507026290893554688e+01 4.467801666259765625e+01
1.510426006317138672e+02 6.550301742553712359e+01 3.597534561157226562e+01 4.352898406982421875e+01
1.509489593505859375e+02 6.450036811828614702e+01 3.552999877929687500e+01 4.307638168334960938e+01
1.509001960754394531e+02 6.455906486511231890e+01 3.526981353759765625e+01 4.313147354125976562e+01
1.523849372863769531e+02 6.544226264953614702e+01 3.662642669677734375e+01 4.308031845092773438e+01
1.545911903381347656e+02 6.524164962768556109e+01 3.601261138916015625e+01 4.474161529541015625e+01
1.555823402404785156e+02 6.427669334411622515e+01 3.571605682373046875e+01 4.627836990356445312e+01
1.559472274780273438e+02 6.362251663208009234e+01 3.588783264160156250e+01 4.712261199951171875e+01
1.548371067047119141e+02 6.243997573852540484e+01 3.680608749389648438e+01 4.763002777099609375e+01
1.478274726867675781e+02 5.474881172180177202e+01 3.694065093994140625e+01 4.455120468139648438e+01
1.478903560638427734e+02 5.240967559814454546e+01 3.641431045532226562e+01 4.339830017089843750e+01
1.477875881195068359e+02 5.349403190612794390e+01 3.632857131958007812e+01 4.306373977661132812e+01
1.487523441314697266e+02 5.419766807556153765e+01 3.760624313354492188e+01 4.310589981079101562e+01
1.493825016021728516e+02 5.499460220336915484e+01 3.605863571166992188e+01 4.346208953857421875e+01
1.502511291503906250e+02 5.307315254211427202e+01 3.639277648925781250e+01 4.668377304077148438e+01
1.489629192352294922e+02 5.531422233581544390e+01 3.627026748657226562e+01 4.647102737426757812e+01
1.471705875396728516e+02 5.727912902832032671e+01 3.635592269897460938e+01 4.583938598632812500e+01
1.443392047882080078e+02 5.806356811523438921e+01 3.726420211791992188e+01 4.543209838867187500e+01
1.412804203033447266e+02 6.007559585571290484e+01 3.544080734252929688e+01 4.481887054443359375e+01
1.365678577423095703e+02 6.047248458862306109e+01 3.661059188842773438e+01 4.412772369384765625e+01
1.333882637023925781e+02 5.797546768188477984e+01 3.464295196533203125e+01 4.323168182373046875e+01
1.292854824066162109e+02 5.570193862915040484e+01 3.426416397094726562e+01 4.367137908935546875e+01
1.254934349060058594e+02 5.516394233703614702e+01 3.499053192138671875e+01 4.266988754272460938e+01
1.254195499420166016e+02 5.631420707702638140e+01 3.447208786010742188e+01 4.231683731079101562e+01
1.260178050994873047e+02 5.501771926879884234e+01 3.432698440551757812e+01 4.344573211669921875e+01
1.283630104064941406e+02 5.439853286743165484e+01 3.405571746826171875e+01 4.361336517333984375e+01
1.297902297973632812e+02 5.259166145324708452e+01 3.416279602050781250e+01 4.375638961791992188e+01
1.306051673889160156e+02 5.241613197326661577e+01 3.330547332763671875e+01 4.412108993530273438e+01
1.301091213226318359e+02 5.176728630065919390e+01 3.427557754516601562e+01 4.448973464965820312e+01
1.292306308746337891e+02 5.143676757812501421e+01 3.374648666381835938e+01 4.275384521484375000e+01
1.279489135742187500e+02 5.064072036743165484e+01 3.394047546386718750e+01 4.217876434326171875e+01
1.275194778442382812e+02 5.149985885620118609e+01 3.283410644531250000e+01 4.191992950439453125e+01
1.270634346008300781e+02 5.147038269042970171e+01 3.307846832275390625e+01 4.389759826660156250e+01
1.276107044219970703e+02 5.195870780944825640e+01 3.247553634643554688e+01 4.240213394165039062e+01
1.272531528472900391e+02 5.259218978881837359e+01 3.288230514526367188e+01 4.338576507568359375e+01
1.280370578765869141e+02 5.316279792785645952e+01 3.330537033081054688e+01 4.223261642456054688e+01
1.285929088592529297e+02 5.384361648559570312e+01 3.316978836059570312e+01 4.256972503662109375e+01
1.293154582977294922e+02 5.365639114379881391e+01 3.429141616821289062e+01 4.230449676513671875e+01
1.304788703918457031e+02 5.286667823791502485e+01 3.383374786376953125e+01 4.278266525268554688e+01
1.314083328247070312e+02 5.220858192443846235e+01 3.355072021484375000e+01 4.273949813842773438e+01
1.327826557159423828e+02 5.168995475769041548e+01 3.453698348999023438e+01 4.280148696899414062e+01
1.332667751312255859e+02 5.104554176330564985e+01 3.372146987915039062e+01 4.327579879760742188e+01
1.344401779174804688e+02 5.003105163574217329e+01 3.454827880859375000e+01 4.429846191406250000e+01
1.356611881256103516e+02 4.991037368774412641e+01 3.292455673217773438e+01 4.246396636962890625e+01
1.372028961181640625e+02 4.903646850585937500e+01 3.199403381347656250e+01 4.353871154785156250e+01
1.373774461746215820e+02 5.100918006896974077e+01 3.192944908142089844e+01 4.452061080932617188e+01
1.385618133544921875e+02 4.907554435729981890e+01 3.209049987792968750e+01 4.438446426391601562e+01
1.396982192993164062e+02 5.033017539978028765e+01 3.204103088378906250e+01 4.361120986938476562e+01
1.413416461944580078e+02 4.811196517944338780e+01 3.818264389038085938e+01 4.468398284912109375e+01
1.403624477386474609e+02 4.892098808288577061e+01 3.464281082153320312e+01 4.390015029907226562e+01
1.430363311767578125e+02 4.856483840942385655e+01 3.937237548828125000e+01 4.486415863037109375e+01
1.431422405242919922e+02 4.898311614990237217e+01 3.634395217895507812e+01 4.483753967285156250e+01
1.427276287078857422e+02 4.918439102172854405e+01 3.298967361450195312e+01 4.372861480712890625e+01
1.431075458526611328e+02 4.849254798889162998e+01 3.555868148803710938e+01 4.382207870483398438e+01
1.412332305908203125e+02 4.990867614746096592e+01 3.255197143554687500e+01 4.285972595214843750e+01
1.411796684265136719e+02 4.894292831420902701e+01 3.559404754638671875e+01 4.328484344482421875e+01
1.422213993072509766e+02 4.972808265686039420e+01 3.247196578979492188e+01 4.254018783569335938e+01
1.429683036804199219e+02 5.091301727294926138e+01 4.194202423095703125e+01 4.208580017089843750e+01
1.430670070648193359e+02 5.203931045532230826e+01 3.390965652465820312e+01 4.149175262451171875e+01
1.441947002410888672e+02 5.197244453430178623e+01 3.686343765258789062e+01 4.111259078979492188e+01
1.443392524719238281e+02 5.209744071960452061e+01 3.390727996826171875e+01 4.221127700805664062e+01
1.460949249267578125e+02 5.203394317626955967e+01 3.588021850585937500e+01 4.239010620117187500e+01
1.460518989562988281e+02 5.130337333679202061e+01 3.387952423095703125e+01 4.275246047973632812e+01
1.475390777587890625e+02 5.102619361877444248e+01 3.687640380859375000e+01 4.440948104858398438e+01
1.486480998992919922e+02 5.175081062316897373e+01 3.382297134399414062e+01 4.300963973999023438e+01
1.481375141143798828e+02 5.023692321777346592e+01 3.560226058959960938e+01 4.374897766113281250e+01
1.478878650665283203e+02 5.074246406555178623e+01 3.235267257690429688e+01 4.349839401245117188e+01
1.479900913238525391e+02 4.844584083557130327e+01 3.143487167358398438e+01 4.588569259643554688e+01
1.460082216262817383e+02 4.867472457885743609e+01 3.167294883728027344e+01 4.468796539306640625e+01
1.459583988189697266e+02 4.631104850769044390e+01 3.221763229370117188e+01 4.520830154418945312e+01
1.438231639862060547e+02 4.867003631591798296e+01 3.352992630004882812e+01 4.218658447265625000e+01
1.442710056304931641e+02 4.771061706542970171e+01 4.274465560913085938e+01 4.294453430175781250e+01
1.435717773437500000e+02 4.763492965698243609e+01 3.687355041503906250e+01 4.280294036865234375e+01
1.421365718841552734e+02 4.764043426513673296e+01 3.585972976684570312e+01 4.124826049804687500e+01
1.442324237823486328e+02 4.833028984069825640e+01 3.917918014526367188e+01 4.237097549438476562e+01
1.451999645233154297e+02 4.776179122924806109e+01 3.399022293090820312e+01 4.388021087646484375e+01
1.471735000610351562e+02 4.676125144958497515e+01 3.791735839843750000e+01 4.381337356567382812e+01
1.488980140686035156e+02 4.832278251647950640e+01 3.405362701416015625e+01 4.419220352172851562e+01
1.496543941497802734e+02 4.926147651672364702e+01 3.462012100219726562e+01 4.407671737670898438e+01
1.506603317260742188e+02 4.712530899047852984e+01 3.310639953613281250e+01 4.597634124755859375e+01
1.516237735748291016e+02 4.776414680480958452e+01 3.450890731811523438e+01 4.534878158569335938e+01
1.520932941436767578e+02 4.741247558593751421e+01 3.486547470092773438e+01 4.573730468750000000e+01
1.506546325683593750e+02 4.721655082702638140e+01 3.636151123046875000e+01 4.545405960083007812e+01
1.506899051666259766e+02 4.763763809204102984e+01 3.693380355834960938e+01 4.510161590576171875e+01
1.496331710815429688e+02 4.773441886901856890e+01 3.744743347167968750e+01 4.262031936645507812e+01
1.514614505767822266e+02 4.803327369689942827e+01 3.578492355346679688e+01 4.175004196166992188e+01
1.502765178680419922e+02 4.853146743774415484e+01 3.601442337036132812e+01 4.110475921630859375e+01
1.498703823089599609e+02 4.793485832214356890e+01 3.634711074829101562e+01 4.072488784790039062e+01
1.496165885925292969e+02 4.786542129516602984e+01 3.682921600341796875e+01 4.203174591064453125e+01
1.500571708679199219e+02 4.916444778442384234e+01 3.619315338134765625e+01 4.171063995361328125e+01
1.506991577148437500e+02 4.795360565185548296e+01 3.670143127441406250e+01 4.347189331054687500e+01
1.516333866119384766e+02 4.810488128662110796e+01 3.652981185913085938e+01 4.417822265625000000e+01
1.520248775482177734e+02 4.817327690124513140e+01 3.627985000610351562e+01 4.403038406372070312e+01
1.518052253723144531e+02 4.924411582946778765e+01 3.534180450439453125e+01 4.224539566040039062e+01
1.521257610321044922e+02 5.004412269592286577e+01 3.664255142211914062e+01 4.284008407592773438e+01
1.507593822479248047e+02 4.880206489562989702e+01 3.734064102172851562e+01 4.373119735717773438e+01
1.516711502075195312e+02 4.986101722717286577e+01 3.565261840820312500e+01 4.313068771362304688e+01
1.513491363525390625e+02 4.921970558166505327e+01 3.652261352539062500e+01 4.373403549194335938e+01
1.500637588500976562e+02 4.933152389526368609e+01 3.698332214355468750e+01 4.340297698974609375e+01
1.512952251434326172e+02 4.916609573364259234e+01 3.584987258911132812e+01 4.360364532470703125e+01
1.514723224639892578e+02 5.001553726196290484e+01 3.639162826538085938e+01 4.303298187255859375e+01
1.509796123504638672e+02 4.907125663757325640e+01 3.728224563598632812e+01 4.336824417114257812e+01
1.508488788604736328e+02 4.914735984802247515e+01 3.633704757690429688e+01 4.361500930786132812e+01
1.502619361877441406e+02 4.959653854370118609e+01 3.722481536865234375e+01 4.359099578857421875e+01
1.498209114074707031e+02 5.028087806701661577e+01 3.560442352294921875e+01 4.267365646362304688e+01
1.493758811950683594e+02 5.088468170166017046e+01 3.609059906005859375e+01 4.248184204101562500e+01
1.491958560943603516e+02 5.114235877990724077e+01 3.595826339721679688e+01 4.259405136108398438e+01
1.480946121215820312e+02 5.153927612304688921e+01 3.572540283203125000e+01 4.298068237304687500e+01
1.466323938369750977e+02 5.183609008789063921e+01 3.193574333190917969e+01 4.203681945800781250e+01
1.450720672607421875e+02 5.135400390625001421e+01 3.321119689941406250e+01 4.220162963867187500e+01
1.432946281433105469e+02 5.386424636840820312e+01 3.286501312255859375e+01 4.113796234130859375e+01
1.413231029510498047e+02 5.401751899719238281e+01 3.267325210571289062e+01 4.120310592651367188e+01
1.398799858093261719e+02 5.417428016662597656e+01 3.338607025146484375e+01 4.076441574096679688e+01
1.384115486145019531e+02 5.452232742309570312e+01 3.320545196533203125e+01 4.170694732666015625e+01
1.370861625671386719e+02 5.345397377014161577e+01 3.325534820556640625e+01 4.292615890502929688e+01
1.362300376892089844e+02 5.549658203125001421e+01 3.313503265380859375e+01 4.182974243164062500e+01
1.342175140380859375e+02 5.496782302856448155e+01 3.432977294921875000e+01 4.118387603759765625e+01
1.325491676330566406e+02 5.585608482360842686e+01 3.428028106689453125e+01 4.199069595336914062e+01
1.303598823547363281e+02 5.603532600402834873e+01 3.534888458251953125e+01 4.171961593627929688e+01
1.301426658630371094e+02 5.723493766784670811e+01 3.430429840087890625e+01 4.191963577270507812e+01
1.292900409698486328e+02 5.780787658691409092e+01 3.563996505737304688e+01 4.146794128417968750e+01
1.275056304931640625e+02 5.745280456542971592e+01 3.563038635253906250e+01 4.200955200195312500e+01
1.286014823913574219e+02 5.847589683532717686e+01 3.498603057861328125e+01 4.201654434204101562e+01
1.279161872863769531e+02 5.903122520446780186e+01 3.488961029052734375e+01 4.202470779418945312e+01
1.278555889129638672e+02 5.943194580078127842e+01 3.398262405395507812e+01 4.263082885742187500e+01
1.268843460083007812e+02 5.945852279663088780e+01 3.395201110839843750e+01 4.267527008056640625e+01
1.263939285278320312e+02 5.909791564941409092e+01 3.395881652832031250e+01 4.312068176269531250e+01
1.262548332214355469e+02 5.837752342224123936e+01 3.378025054931640625e+01 4.379022598266601562e+01
1.246315593719482422e+02 5.856278610229495030e+01 3.415312576293945312e+01 4.294960784912109375e+01
1.235876369476318359e+02 5.861763763427737217e+01 3.486291885375976562e+01 4.304695129394531250e+01
1.224640407562255859e+02 5.860271072387698155e+01 3.537970352172851562e+01 4.247464752197265625e+01
1.218523464202880859e+02 5.866110610961916905e+01 3.460512161254882812e+01 4.148000335693359375e+01
1.205661373138427734e+02 5.903728103637698155e+01 3.491676712036132812e+01 4.121549224853515625e+01
1.194346981048583984e+02 5.785865592956545811e+01 3.488713455200195312e+01 4.134775161743164062e+01
1.185153579711914062e+02 5.801737213134768467e+01 3.470314025878906250e+01 4.093368530273437500e+01
1.177457790374755859e+02 5.747718620300295811e+01 3.440497207641601562e+01 4.121866226196289062e+01
1.167072925567626953e+02 5.649826431274416905e+01 3.396581649780273438e+01 4.171741485595703125e+01
1.147360858917236328e+02 5.696045112609866123e+01 3.399225997924804688e+01 4.175304794311523438e+01
1.128009967803955078e+02 5.759199523925784092e+01 3.468598556518554688e+01 4.163963317871093750e+01
1.105015277862548828e+02 5.724165725708010655e+01 3.522379684448242188e+01 4.199283599853515625e+01
1.085650978088378906e+02 5.626726341247561436e+01 3.594049835205078125e+01 4.223878860473632812e+01
1.094452171325683594e+02 5.669226837158205967e+01 3.460068511962890625e+01 4.113021850585937500e+01
1.086997528076171875e+02 5.608511352539065342e+01 3.436129760742187500e+01 4.163442993164062500e+01
1.069490089416503906e+02 5.604460525512698155e+01 3.573113250732421875e+01 4.269039154052734375e+01
1.071383514404296875e+02 5.694120025634768467e+01 3.398709106445312500e+01 4.119081115722656250e+01
1.071214313507079936e+02 5.614163208007813921e+01 3.424149703979493609e+01 4.148260498046875000e+01
1.059411926269531250e+02 5.712149429321290484e+01 3.350912475585937500e+01 4.152506256103515625e+01
1.065558319091797017e+02 5.726803588867190342e+01 3.479231262207029829e+01 4.175126647949218750e+01
1.068477344512939453e+02 5.615246200561526280e+01 3.251368331909179688e+01 4.198715972900390625e+01
1.050576171875000000e+02 5.649820899963381748e+01 3.319578552246093750e+01 4.124248886108398438e+01
1.049643726348876953e+02 5.739274597167971592e+01 3.481872177124023438e+01 4.085491943359375000e+01
1.054774932861328125e+02 5.786518669128420811e+01 3.317285156250000000e+01 4.081129837036132812e+01
1.044403953552246094e+02 5.653580856323245030e+01 3.456702423095703125e+01 4.215572357177734375e+01
1.031678714752197266e+02 5.703223991394045811e+01 3.585972213745117188e+01 4.178448867797851562e+01
1.040044555664062500e+02 5.713693428039553623e+01 3.478302001953125000e+01 4.102856063842773438e+01
1.025910682678222656e+02 5.732153320312502842e+01 3.646926116943359375e+01 4.223635864257812500e+01
1.046528873443603516e+02 5.783003807067873936e+01 3.374168014526367188e+01 4.308931350708007812e+01
1.055850343704223633e+02 5.666761970520022373e+01 3.052797508239746094e+01 4.556045150756835938e+01
1.077909927368164205e+02 5.767340469360355826e+01 2.904368591308592329e+01 4.453411102294921875e+01
1.049222612380981445e+02 5.625899696350101920e+01 3.130536460876464844e+01 4.744196701049804688e+01
1.062845087051391602e+02 5.583541107177738638e+01 3.058166313171386719e+01 4.969471740722656250e+01
1.065535163879394531e+02 5.477565956115726920e+01 2.788941192626953125e+01 4.713859176635742188e+01
1.085059900283813477e+02 5.564233589172367545e+01 2.621632194519042969e+01 4.638915634155273438e+01
1.056425580978393555e+02 5.389125823974613638e+01 2.896708106994628906e+01 5.106591796875000000e+01
1.047152175903320312e+02 5.512077140808109732e+01 3.036349487304687500e+01 4.774666213989257812e+01
1.061752643585205078e+02 5.664557075500492545e+01 2.985709762573242188e+01 4.513210678100585938e+01
1.067945766448974609e+02 5.532757759094242545e+01 2.746330642700195312e+01 4.805849838256835938e+01
1.056973237991333008e+02 5.782681655883793326e+01 2.897839927673339844e+01 4.446848297119140625e+01
1.073942184448242188e+02 5.530315399169926138e+01 2.791520690917968750e+01 4.821885681152343750e+01
1.066631450653076172e+02 5.623175621032719107e+01 2.805397415161132812e+01 4.703248977661132812e+01
1.063849582672119141e+02 5.403271865844730826e+01 2.864532089233398438e+01 5.032709503173828125e+01
1.021344947814941406e+02 5.693932914733890982e+01 3.522780609130859375e+01 4.452373123168945312e+01
1.094546327590942383e+02 5.980350112915043326e+01 2.569649314880371094e+01 4.190517425537109375e+01
1.070472812652587891e+02 5.817169761657719107e+01 2.589406967163085938e+01 4.420668411254882812e+01
1.100906047821044922e+02 5.658054924011234732e+01 2.518901443481445312e+01 4.677998733520507812e+01
1.056338853836059570e+02 5.699119758605961295e+01 2.852591514587402344e+01 4.557424545288085938e+01
1.114176120758056641e+02 5.847497177124027701e+01 2.328168869018554688e+01 4.522762298583984375e+01
9.704567146301269531e+01 5.228229713439945670e+01 3.831554794311523438e+01 5.152222824096679688e+01
4.626531028747558594e+01 1.662814903259281607e+01 5.659904861450195312e+01 5.396255874633789062e+01
2.783592796325683594e+01 2.545580482482914420e+01 4.659744644165039062e+01 4.102306747436523438e+01
2.370651245117187500e+01 2.664243888854984732e+01 4.494720458984375000e+01 4.299115371704101562e+01
2.656322669982910156e+01 2.514080619812015982e+01 4.210654830932617188e+01 3.783984756469726562e+01
2.814453887939453125e+01 2.266683387756351920e+01 4.549157714843750000e+01 4.076285934448242188e+01
2.775375175476074219e+01 2.367617797851566763e+01 4.155617141723632812e+01 4.006762695312500000e+01
2.600948524475097656e+01 2.199214363098148795e+01 4.488755416870117188e+01 4.015261459350585938e+01
2.597823905944824219e+01 2.169351577758793326e+01 4.557411575317382812e+01 4.102785491943359375e+01
2.725295066833496094e+01 2.195728111267094107e+01 4.414900588989257812e+01 4.075824356079101562e+01
2.697479057312011719e+01 2.305839347839359732e+01 4.254219436645507812e+01 3.821367263793945312e+01
2.784068298339843750e+01 2.412087631225590201e+01 4.184953308105468750e+01 3.806594085693359375e+01
2.280798339843750000e+01 2.173783493041996451e+01 4.413061523437500000e+01 4.006624603271484375e+01
2.792529106140136719e+01 2.052783584594730826e+01 4.226047134399414062e+01 4.190097808837890625e+01
2.677904129028320312e+01 2.423704910278324576e+01 4.048490142822265625e+01 3.832883453369140625e+01
2.710942840576171875e+01 2.379895210266117545e+01 4.198728942871093750e+01 3.755973434448242188e+01
2.340888023376464844e+01 2.264345932006840201e+01 4.262469863891601562e+01 3.783193206787109375e+01
2.608011817932128906e+01 2.429251480102543326e+01 4.720597457885742188e+01 4.062894439697265625e+01
2.720981979370117188e+01 2.677211570739750357e+01 4.546895599365234375e+01 3.878444290161132812e+01
2.897368049621582031e+01 2.554075813293461295e+01 3.936062240600585938e+01 3.963592147827148438e+01
2.934160232543945312e+01 2.583553314208988638e+01 4.055843353271484375e+01 4.230487060546875000e+01
2.635614585876464844e+01 2.931882286071781607e+01 3.992547988891601562e+01 3.914282608032226562e+01
1.078287105560302734e+02 5.539834785461430045e+01 2.448419570922851562e+01 4.983021163940429688e+01
1.066866178512573242e+02 5.655202102661137076e+01 2.632785987854003906e+01 4.724160003662109375e+01
1.067843198776245117e+02 5.784201812744144888e+01 2.809366798400878906e+01 4.626272583007812500e+01
1.067800598144531250e+02 5.676775741577152701e+01 2.852572631835937500e+01 4.730469512939453125e+01
1.056848335266113281e+02 5.633563232421879263e+01 2.917957305908203125e+01 4.756590270996093750e+01
1.066995229721069478e+02 5.669266319274908028e+01 2.934228706359861860e+01 4.689509963989257812e+01
1.084635391235351562e+02 5.792442703247075997e+01 2.846351623535156250e+01 4.569113922119140625e+01
1.066838703155517578e+02 5.770557403564458809e+01 3.061713790893554688e+01 4.616757202148437500e+01
1.082784385681152202e+02 5.826711654663090201e+01 2.938921356201173296e+01 4.370822906494140625e+01
1.053758735656738281e+02 5.764515113830570670e+01 3.397710418701171875e+01 4.488985824584960938e+01
1.087573719024658203e+02 5.929867172241215201e+01 3.277486801147460938e+01 4.314794158935546875e+01
1.062926502227783203e+02 6.033362007141117545e+01 3.542991256713867188e+01 4.140720748901367188e+01
1.068682060241699219e+02 5.954118347167973013e+01 3.648462677001953125e+01 4.245561218261718750e+01
1.083289718627929688e+02 6.019359779357914420e+01 3.590551757812500000e+01 4.136802291870117188e+01
1.080478954315185547e+02 6.017595863342289420e+01 3.691176223754882812e+01 4.095148849487304688e+01
1.096481151580810547e+02 5.991315078735355826e+01 3.589477920532226562e+01 4.133242034912109375e+01
1.104961986541748047e+02 5.923202705383305045e+01 3.606134414672851562e+01 4.197541427612304688e+01
1.105334739685058594e+02 5.899297714233402701e+01 3.542108917236328125e+01 4.181520843505859375e+01
1.099912700653076172e+02 6.057991790771488638e+01 3.557373428344726562e+01 4.041943359375000000e+01
1.104041042327880859e+02 5.940700340271000357e+01 3.576590347290039062e+01 4.162379837036132812e+01
1.104662399291992188e+02 5.898038673400883170e+01 3.548107910156250000e+01 4.198206710815429688e+01
1.100458908081054688e+02 6.028463745117191763e+01 3.592985534667968750e+01 4.126864624023437500e+01
1.096619224548339844e+02 6.002845001220707388e+01 3.591173553466796875e+01 4.195367431640625000e+01
1.101976737976074219e+02 5.929023551940922232e+01 3.595546722412109375e+01 4.343014907836914062e+01
1.106306285858154297e+02 5.965766525268558951e+01 3.511453628540039062e+01 4.387612152099609375e+01
1.094452342987060547e+02 6.028714752197269888e+01 3.534013748168945312e+01 4.372474670410156250e+01
1.099759826660156250e+02 5.871880149841312857e+01 3.375277709960937500e+01 4.635884475708007812e+01
1.096446743011474609e+02 5.937854766845707388e+01 3.348259353637695312e+01 4.587123107910156250e+01
1.110536289215087891e+02 5.895699882507328482e+01 3.203252792358398438e+01 4.703671646118164062e+01
1.099494943618774414e+02 5.851429176330570670e+01 3.164892387390136719e+01 4.772950363159179688e+01
1.104444961547851562e+02 5.871545219421390982e+01 3.268382263183593750e+01 4.724507522583007812e+01
1.105433120727539062e+02 5.829685211181644888e+01 3.232434082031250000e+01 4.736616516113281250e+01
1.084847278594970703e+02 5.857895469665531607e+01 3.326549911499023438e+01 4.680603408813476562e+01
1.092251281738281250e+02 5.815241050720219107e+01 3.284452819824218750e+01 4.644504165649414062e+01
1.090685787200927734e+02 5.830923652648930045e+01 3.260861587524414062e+01 4.607619857788085938e+01
1.091917762756347656e+02 5.757343864440922232e+01 3.240837860107421875e+01 4.590222549438476562e+01
1.083773717880249023e+02 5.663493728637699576e+01 3.151848030090332031e+01 4.620304107666015625e+01
1.068813476562500000e+02 5.619446372985844107e+01 3.217901611328125000e+01 4.549255752563476562e+01
1.080343379974365234e+02 5.518556022644047232e+01 3.059158706665039062e+01 4.759170913696289062e+01
1.077225837707519531e+02 5.565114212036137076e+01 2.952753448486328125e+01 4.660549163818359375e+01
1.088519515991210938e+02 5.547983169555668326e+01 2.900733947753906250e+01 4.618810272216796875e+01
1.074151000976562500e+02 5.511737823486332388e+01 2.904313659667968750e+01 4.695037841796875000e+01
1.087999792098999023e+02 5.507520866394047232e+01 2.758618354797363281e+01 4.730287551879882812e+01
1.062503633499145508e+02 5.600535583496098013e+01 2.882440757751464844e+01 4.812945556640625000e+01
1.068542146682739400e+02 5.654653167724615059e+01 2.866733360290525923e+01 4.686158752441406250e+01
1.060115747451782227e+02 5.734263038635259591e+01 2.896540641784667969e+01 4.714728927612304688e+01
1.059286317825317383e+02 5.794845199584966622e+01 2.821414756774902344e+01 4.746685028076171875e+01
1.040240955352783203e+02 5.874418830871587716e+01 2.894210433959960938e+01 4.762986373901367188e+01
1.052212715148925781e+02 5.800621414184575997e+01 2.788785552978515625e+01 4.903934478759765625e+01
1.025729885101318359e+02 5.996652030944829903e+01 2.889613723754882812e+01 4.872385025024414062e+01
1.025479259490966655e+02 6.128392601013187857e+01 2.860835647583009234e+01 4.829858779907226562e+01
1.006935520172119141e+02 6.300631904602055045e+01 2.938068771362304688e+01 4.834763717651367188e+01
9.973020935058593750e+01 6.248324775695805045e+01 2.976564025878906250e+01 4.947059249877929688e+01
9.728933906555175781e+01 6.365280914306644888e+01 3.102155685424804688e+01 4.841064453125000000e+01
9.627131366729736328e+01 6.356038856506351920e+01 3.155019187927246094e+01 4.835540390014648438e+01
9.397537803649902344e+01 6.546828842163090201e+01 3.303047561645507812e+01 4.656296539306640625e+01
9.161794281005859375e+01 6.672493743896488638e+01 3.365371704101562500e+01 4.653393554687500000e+01
9.014663505554199219e+01 6.650395774841312857e+01 3.420877456665039062e+01 4.622298049926757812e+01
8.706507682800292969e+01 6.825185775756840201e+01 3.536082839965820312e+01 4.528705596923828125e+01
8.605671501159667969e+01 6.758459854125980826e+01 3.555771255493164062e+01 4.489873504638671875e+01
8.380621910095214844e+01 6.662211036682133170e+01 3.511236953735351562e+01 4.529874801635742188e+01
8.294506072998046875e+01 6.645392227172855826e+01 3.495574951171875000e+01 4.520420074462890625e+01
8.095086097717285156e+01 6.538015174865726920e+01 3.503846359252929688e+01 4.462121200561523438e+01
8.013288307189941406e+01 6.593478584289555045e+01 3.529827499389648438e+01 4.323765182495117188e+01
7.857465553283691406e+01 6.589976119995121451e+01 3.466355514526367188e+01 4.266956329345703125e+01
7.820228004455566406e+01 6.462591743469242545e+01 3.480550765991210938e+01 4.374238204956054688e+01
7.509051322937011719e+01 6.758754158020023795e+01 3.569667434692382812e+01 4.187676620483398438e+01
7.548880958557128906e+01 6.588976669311527701e+01 3.573815536499023438e+01 4.183022308349609375e+01
7.475776290893554688e+01 6.703648948669437857e+01 3.495999908447265625e+01 4.061313247680664062e+01
7.197093009948730469e+01 6.652614021301273795e+01 3.617064285278320312e+01 4.100260543823242188e+01
7.134643363952636719e+01 6.634781455993656607e+01 3.591972732543945312e+01 4.104130935668945312e+01
7.088670349121093750e+01 6.644529151916508170e+01 3.674876403808593750e+01 4.207531356811523438e+01
7.054486274719238281e+01 6.710052871704105826e+01 3.390624618530273438e+01 4.172801971435546875e+01
6.971490478515625000e+01 6.752961921691898795e+01 3.328153991699218750e+01 4.178664779663085938e+01
6.873608779907227984e+01 6.705086708068853341e+01 3.331415557861328125e+01 4.189001083374023438e+01
6.726251792907717686e+01 6.758672523498542262e+01 3.305620193481445312e+01 4.399695968627929688e+01
6.478491210937502842e+01 6.689984893798835230e+01 3.378260803222656250e+01 4.287362670898437500e+01
6.297472190856936436e+01 6.808722496032721949e+01 3.365570449829101562e+01 4.160123062133789062e+01
6.122278785705567827e+01 6.807160186767583809e+01 3.376720809936523438e+01 4.132775878906250000e+01
5.968054771423342686e+01 6.873747444152839137e+01 3.344650650024414062e+01 4.284710311889648438e+01
5.897026062011721592e+01 6.854199218750007105e+01 3.449877929687500000e+01 4.207989501953125000e+01
5.809928131103518467e+01 6.867361831665046168e+01 3.314743041992187500e+01 4.247130584716796875e+01
5.772554588317872515e+01 6.756450080871587716e+01 3.447485733032226562e+01 4.294186019897460938e+01
5.790935325622560015e+01 6.690354537963872872e+01 3.504806900024414062e+01 4.273540496826171875e+01
5.921753883361817827e+01 6.627403068542486153e+01 3.335090255737304688e+01 4.311651992797851562e+01
5.810522079467774859e+01 6.358130073547368966e+01 3.528513336181640625e+01 4.416482162475585938e+01
5.825682258605958452e+01 6.306227874755865059e+01 3.516306686401367188e+01 4.337721252441406250e+01
5.891840934753419390e+01 6.261880302429204903e+01 3.529953384399414062e+01 4.188663101196289062e+01
5.876276016235352984e+01 6.247810363769536934e+01 3.524732208251953125e+01 4.198828125000000000e+01
5.757012939453126421e+01 6.016737937927251778e+01 3.626858520507812500e+01 4.256631851196289062e+01
5.884350967407227984e+01 5.873820304870611153e+01 3.484758758544921875e+01 4.192206192016601562e+01
5.150845909118653765e+01 5.769046974182134591e+01 4.276295852661132812e+01 4.136518478393554688e+01
5.830122566223145952e+01 5.597673225402837716e+01 3.500225448608398438e+01 4.286173629760742188e+01
5.704775428771974077e+01 5.446707916259771309e+01 3.575573348999023438e+01 4.290275573730468750e+01
5.779290199279786577e+01 5.257947349548345528e+01 3.477363204956054688e+01 4.261496353149414062e+01
5.796351623535157671e+01 5.302474975585943184e+01 3.451542663574218750e+01 4.204928588867187500e+01
5.700802040100099077e+01 5.068215751647954903e+01 3.482683944702148438e+01 4.292538833618164062e+01
5.784700202941895952e+01 4.837087821960454903e+01 3.474251937866210938e+01 4.381138992309570312e+01
5.779380607604981890e+01 4.815035247802740059e+01 3.364953994750976562e+01 4.377473449707031250e+01
5.425861358642579546e+01 4.626445388793950997e+01 3.736903381347656250e+01 4.490493011474609375e+01
5.739629554748536577e+01 4.417859077453618966e+01 3.477253341674804688e+01 4.496711349487304688e+01
5.702734375000001421e+01 4.262674140930181466e+01 3.378602600097656250e+01 4.452447128295898438e+01
5.694065666198731890e+01 4.042995071411138497e+01 3.438341140747070312e+01 4.488282012939453125e+01
5.712738037109376421e+01 3.898106384277349434e+01 3.379951477050781250e+01 4.503602600097656250e+01
5.757509231567384234e+01 3.771475410461431466e+01 3.433899688720703125e+01 4.491706466674804688e+01
5.712380218505860796e+01 3.628690338134771309e+01 3.504963684082031250e+01 4.412260437011718750e+01
5.773678970336915484e+01 3.511347579956060372e+01 3.454895782470703125e+01 4.393914031982421875e+01
5.756608200073243609e+01 3.336938667297368966e+01 3.450722503662109375e+01 4.415070724487304688e+01
5.832160377502442827e+01 3.220826148986822091e+01 3.552851486206054688e+01 4.473159408569335938e+01
5.877234458923341265e+01 2.954273033142095528e+01 3.590755081176757812e+01 4.523714065551757812e+01
5.913624191284181109e+01 2.970291709899908028e+01 3.578736114501953125e+01 4.467277908325195312e+01
6.032644081115724077e+01 2.750460052490240059e+01 3.586520004272460938e+01 4.592901611328125000e+01
6.035411453247071734e+01 2.652565956115728341e+01 3.603490447998046875e+01 4.655944442749023438e+01
6.079015541076661577e+01 2.580677223205572091e+01 3.623897933959960938e+01 4.741695785522460938e+01
6.142344856262208452e+01 2.388374710083013497e+01 3.599212265014648438e+01 4.798299407958984375e+01
6.225057411193849077e+01 2.317136001586919747e+01 3.693198776245117188e+01 4.909181976318359375e+01
6.232638549804688921e+01 2.301866340637212716e+01 3.656700134277343750e+01 4.874938583374023438e+01
6.186419868469239702e+01 2.231209182739263497e+01 3.647312545776367188e+01 4.911719512939453125e+01
6.224487686157227984e+01 2.079748916625982247e+01 3.660494232177734375e+01 4.944748687744140625e+01
6.193198966979981890e+01 2.003799819946294747e+01 3.636473464965820312e+01 4.954393768310546875e+01
6.117339134216310015e+01 1.937289237976079903e+01 3.570062637329101562e+01 4.947314834594726562e+01
5.937903976440431109e+01 1.601914024353033028e+01 3.595737457275390625e+01 4.828726577758789062e+01
5.937633895874024859e+01 1.463383865356450997e+01 3.667002105712890625e+01 4.865416717529296875e+01
5.886758995056153765e+01 1.563537216186529122e+01 3.608607864379882812e+01 4.685730743408203125e+01
5.903516769409181109e+01 1.457196426391607247e+01 3.672801971435546875e+01 4.700484466552734375e+01
5.946920967102052202e+01 1.383802986145025216e+01 3.706014633178710938e+01 4.666805648803710938e+01
5.963161087036134234e+01 1.295192337036138497e+01 3.604134368896484375e+01 4.675540924072265625e+01
5.950285720825196734e+01 1.234443664550786934e+01 3.639832305908203125e+01 4.660588073730468750e+01
5.976570320129395952e+01 1.044818878173833809e+01 3.664828109741210938e+01 4.687570190429687500e+01
6.079464721679688921e+01 9.671077728271541218e+00 3.624635314941406250e+01 4.701311492919921875e+01
6.168733406066895952e+01 8.594078063964900593e+00 3.646316146850585938e+01 4.650750732421875000e+01
6.190446662902833452e+01 7.967882156372127156e+00 3.645499801635742188e+01 4.654273605346679688e+01
6.236073875427247515e+01 7.270624160766658406e+00 3.663232803344726562e+01 4.707244491577148438e+01
6.247650337219239702e+01 6.541238784790095906e+00 3.677521896362304688e+01 4.705350875854492188e+01
6.289396476745606890e+01 6.327720642089900593e+00 3.691252517700195312e+01 4.728540039062500000e+01
6.283668708801270952e+01 5.734134674072322468e+00 3.711314010620117188e+01 4.839417266845703125e+01
6.337652587890626421e+01 5.345306396484431843e+00 3.739041137695312500e+01 4.820465087890625000e+01
6.304632949829102984e+01 4.690124511718806843e+00 3.662975311279296875e+01 4.878764343261718750e+01
6.343570327758790484e+01 5.446788787841853718e+00 3.684043121337890625e+01 4.828064727783203125e+01
6.352830886840821734e+01 5.599491119384822468e+00 3.634209442138671875e+01 4.795124053955078125e+01
6.280214118957520952e+01 5.733579635620174031e+00 3.631954574584960938e+01 4.788980484008789062e+01
6.301948738098145952e+01 6.017850875854549031e+00 3.623510360717773438e+01 4.809769058227539062e+01
6.180545616149903765e+01 4.971622467041072468e+00 3.605588150024414062e+01 4.839192962646484375e+01
6.225432395935060015e+01 4.751646041870174031e+00 3.634454727172851562e+01 4.822847366333007812e+01
6.239477348327638140e+01 4.700944900512752156e+00 3.571507644653320312e+01 4.803153610229492188e+01
6.206171417236329546e+01 4.012878417968806843e+00 3.529336547851562500e+01 4.804884338378906250e+01
6.145285797119142046e+01 4.267053604126033406e+00 3.588508605957031250e+01 4.736733627319335938e+01
6.142282104492188921e+01 3.960136413574275593e+00 3.598167419433593750e+01 4.804425048828125000e+01
6.206663322448731890e+01 3.285907745361384968e+00 3.641315078735351562e+01 4.767229461669921875e+01
6.197026062011720171e+01 2.958105087280330281e+00 3.588441467285156250e+01 4.728689956665039062e+01
6.193095779418946734e+01 2.827005386352595906e+00 3.674712371826171875e+01 4.754209518432617188e+01
6.246327209472657671e+01 2.297973632812556843e+00 3.669612121582031250e+01 4.842677307128906250e+01
6.308823585510255327e+01 2.533163070678767781e+00 3.681217575073242188e+01 4.780495071411132812e+01
6.363060188293458452e+01 4.201225280761775593e+00 3.694384384155273438e+01 4.727548217773437500e+01
6.318968772888185015e+01 2.711435317993220906e+00 3.668031692504882812e+01 4.834695053100585938e+01
6.368869209289552202e+01 3.841825485229549031e+00 3.686440658569335938e+01 4.759218215942382812e+01
6.411623382568360796e+01 2.915271759033259968e+00 3.683538818359375000e+01 4.843274688720703125e+01
6.325305557250977984e+01 3.564838409423884968e+00 3.679508209228515625e+01 4.881304168701171875e+01
6.378694915771485796e+01 4.310600280761775593e+00 3.665194702148437500e+01 4.860464477539062500e+01
6.420024490356446734e+01 4.080318450927791218e+00 3.677518463134765625e+01 4.922275543212890625e+01
6.400813102722169390e+01 4.967617034912166218e+00 3.663408279418945312e+01 4.885834503173828125e+01
6.433479690551759234e+01 5.892883300781306843e+00 3.634937286376953125e+01 4.822785949707031250e+01
6.319198417663575640e+01 5.073329925537166218e+00 3.617773818969726562e+01 4.842981719970703125e+01
6.381655693054200640e+01 6.381526947021541218e+00 3.621869277954101562e+01 4.797499847412109375e+01
6.435301208496095171e+01 5.579750061035213093e+00 3.572673034667968750e+01 4.765141296386718750e+01
6.315155410766602984e+01 5.360876083374080281e+00 3.549982452392578125e+01 4.821872329711914062e+01
6.358930969238282671e+01 6.162994384765681843e+00 3.611463928222656250e+01 4.777578735351562500e+01
6.331803131103517046e+01 5.956821441650447468e+00 3.541851806640625000e+01 4.786855316162109375e+01
6.384251022338868609e+01 5.950016021728572468e+00 3.579985809326171875e+01 4.733580780029296875e+01
6.379311752319337359e+01 6.038570404052791218e+00 3.567417144775390625e+01 4.730629730224609375e+01
6.436379241943360796e+01 6.406064987182674031e+00 3.525358581542968750e+01 4.782329177856445312e+01
6.506817054748536577e+01 8.195566177368220906e+00 3.550196456909179688e+01 4.770833969116210938e+01
6.564669609069825640e+01 9.057687759399470906e+00 3.594362258911132812e+01 4.736100387573242188e+01
6.635705566406251421e+01 1.071526336669927559e+01 3.565930175781250000e+01 4.712272644042968750e+01
6.688190078735352984e+01 1.122730445861822091e+01 3.606220245361328125e+01 4.731048202514648438e+01
6.848025512695313921e+01 1.331464385986333809e+01 3.534996032714843750e+01 4.740145874023437500e+01
6.884127807617188921e+01 1.347508621215825997e+01 3.538595581054687500e+01 4.823607635498046875e+01
6.990958976745606890e+01 1.705367279052740059e+01 3.515983963012695312e+01 4.665921020507812500e+01
7.046758460998536577e+01 1.469977951049810372e+01 3.494846725463867188e+01 4.869733428955078125e+01
7.143351745605470171e+01 1.583724403381353341e+01 3.468092346191406250e+01 4.999934005737304688e+01
7.162185478210450640e+01 1.717993164062505684e+01 3.458032608032226562e+01 4.883448791503906250e+01
7.126197052001954546e+01 1.805316162109380684e+01 3.484574890136718750e+01 4.807850646972656250e+01
7.149969482421876421e+01 1.909708786010747872e+01 3.480114746093750000e+01 4.825363922119140625e+01
7.131428337097169390e+01 2.023586845397954903e+01 3.536761856079101562e+01 4.808610916137695312e+01
7.111706352233888140e+01 2.125170135498052559e+01 3.517021560668945312e+01 4.814497375488281250e+01
6.990969276428224077e+01 2.376852226257329903e+01 3.506252670288085938e+01 4.761003494262695312e+01
7.021523857116700640e+01 2.359557342529302559e+01 3.553722000122070312e+01 4.754075622558593750e+01
6.940393447875977984e+01 2.568060684204107247e+01 3.535584259033203125e+01 4.675832366943359375e+01
6.911452484130860796e+01 2.532217979431158028e+01 3.554736328125000000e+01 4.738222122192382812e+01
6.852052116394044390e+01 2.595759582519536934e+01 3.561171340942382812e+01 4.730775451660156250e+01
6.887001991271974077e+01 2.627853012084966622e+01 3.578330612182617188e+01 4.695253753662109375e+01
6.768019676208497515e+01 2.836971282958990059e+01 3.655479812622070312e+01 4.630604553222656250e+01
6.818125534057618609e+01 2.786736488342290841e+01 3.547376251220703125e+01 4.618653488159179688e+01
6.845828437805177202e+01 3.084507942199712716e+01 3.607145309448242188e+01 4.546453475952148438e+01
6.805028724670411577e+01 2.997666549682622872e+01 3.499164962768554688e+01 4.625049591064453125e+01
6.732326316833497515e+01 3.113933563232427559e+01 3.574168777465820312e+01 4.629969787597656250e+01
6.826486968994142046e+01 3.184460639953618966e+01 3.551063537597656250e+01 4.648481369018554688e+01
6.850036048889161577e+01 3.264036178588872872e+01 3.545292282104492188e+01 4.611229705810546875e+01
6.843533897399903765e+01 3.532429122924810372e+01 3.566847610473632812e+01 4.482343292236328125e+01
6.970176124572755327e+01 3.351828765869146309e+01 3.577970504760742188e+01 4.675549316406250000e+01
7.034802055358888140e+01 3.684825134277349434e+01 3.562883377075195312e+01 4.481384277343750000e+01
7.131286430358888140e+01 3.672863197326665841e+01 3.511606216430664062e+01 4.534247970581054688e+01
7.180651855468751421e+01 3.816142272949224434e+01 3.526678466796875000e+01 4.543623352050781250e+01
7.266857147216798296e+01 3.821965789794927559e+01 3.556973266601562500e+01 4.583898925781250000e+01
7.579826545715333452e+01 3.876969718933111153e+01 3.512191390991210938e+01 4.569885635375976562e+01
7.586862564086915484e+01 4.044772911071783028e+01 3.617449188232421875e+01 4.459123611450195312e+01
7.734414863586427202e+01 4.007301139831548653e+01 3.740487289428710938e+01 4.491482925415039062e+01
7.864712905883790484e+01 4.048312759399419747e+01 3.652791595458984375e+01 4.549123382568359375e+01
8.204768753051759234e+01 4.155978393554693184e+01 3.633496856689453125e+01 4.453977966308593750e+01
8.390966796875001421e+01 4.127315139770513497e+01 3.515258789062500000e+01 4.514073944091796875e+01
8.658217620849610796e+01 4.132285308837896309e+01 3.425981140136718750e+01 4.471293640136718750e+01
8.688900566101075640e+01 4.121527481079107247e+01 3.425558853149414062e+01 4.543909454345703125e+01
8.923563003540040484e+01 4.153576278686529122e+01 3.362395477294921875e+01 4.562555694580078125e+01
9.090435409545899859e+01 4.284863090515142403e+01 3.325807952880859375e+01 4.434764480590820312e+01
9.189212608337403765e+01 4.220714950561529122e+01 3.348247146606445312e+01 4.371988677978515625e+01
9.149584770202638140e+01 4.227395629882818184e+01 3.470409011840820312e+01 4.466751098632812500e+01
9.369777297973634234e+01 4.323226547241216622e+01 3.358356475830078125e+01 4.461289215087890625e+01
9.441936302185060015e+01 4.318325805664068184e+01 3.416048049926756391e+01 4.440086364746093750e+01
9.493540573120117188e+01 4.373550605773931466e+01 3.312532806396484375e+01 4.594002914428710938e+01
9.631382560729980469e+01 4.326341247558599434e+01 3.242523574829101562e+01 4.509526062011718750e+01
9.528959846496582031e+01 4.456505966186529122e+01 3.358681869506835938e+01 4.599880218505859375e+01
9.609925460815429688e+01 4.540167427062993966e+01 3.242160797119140625e+01 4.375298690795898438e+01
9.656376266479492188e+01 4.379162979125982247e+01 3.341834259033203125e+01 4.552268218994140625e+01
9.833170890808105469e+01 4.465986061096197091e+01 3.253796768188476562e+01 4.402167892456054688e+01
9.835653686523437500e+01 4.449151420593267403e+01 3.212733459472656250e+01 4.506444168090820312e+01
9.846956062316894531e+01 4.432512664794927559e+01 3.278394699096679688e+01 4.583944702148437500e+01
9.870303726196289062e+01 4.679266929626470528e+01 3.317058563232421875e+01 4.540085220336914062e+01
9.858860397338867188e+01 4.567653083801275216e+01 3.386032867431640625e+01 4.428187179565429688e+01
9.982618141174316406e+01 4.606594276428228341e+01 3.265287399291992188e+01 4.455183029174804688e+01
1.005012321472167969e+02 4.609909057617193184e+01 3.248271942138671875e+01 4.400715637207031250e+01
1.004355888366699219e+02 4.546014785766607247e+01 3.365125274658203125e+01 4.518523406982421875e+01
1.002240581512451172e+02 4.496871376037603341e+01 3.576431655883789062e+01 4.660793685913085938e+01
9.951853370666503906e+01 4.704102325439458809e+01 3.448852157592773438e+01 4.489366149902343750e+01
1.011121997833251953e+02 4.637796974182134591e+01 3.479020309448242188e+01 4.536927413940429688e+01
1.013208827972412109e+02 4.694520950317388497e+01 3.339348220825195312e+01 4.283554840087890625e+01
1.025586166381835938e+02 4.567268753051763497e+01 3.440025329589843750e+01 4.506198883056640625e+01
1.031361589431762695e+02 4.749448966979986153e+01 3.185745811462402344e+01 4.282419204711914062e+01
1.031409645080566406e+02 4.704656219482427559e+01 3.157776641845703125e+01 4.384626770019531250e+01
1.028008937835693501e+02 4.630741882324225855e+01 3.345221328735350141e+01 4.573377990722656250e+01
1.023298091888427734e+02 4.625947570800788355e+01 3.259366226196289062e+01 4.425878906250000000e+01
1.023601856231689453e+02 4.565140342712409449e+01 3.409910202026367188e+01 4.611992263793945312e+01
1.027537078857421875e+02 4.717164802551276637e+01 3.253009033203125000e+01 4.252718734741210938e+01
1.042070980072021484e+02 4.571091270446784449e+01 3.207150650024414062e+01 4.362425613403320312e+01
1.044075450897216655e+02 4.557748222351079903e+01 3.131583023071290484e+01 4.396289443969726562e+01
1.032047138214111328e+02 4.527322959899908028e+01 3.229314804077148438e+01 4.508247756958007812e+01
1.045688743591308594e+02 4.644517135620122872e+01 3.104332733154296875e+01 4.342621612548828125e+01
1.042907867431640625e+02 4.596360015869146309e+01 3.122070312500000000e+01 4.435420227050781250e+01
1.037274312973022603e+02 4.586867523193366480e+01 3.169116401672361860e+01 4.393310546875000000e+01
1.039589490890503072e+02 4.597229576110848370e+01 3.141129493713377485e+01 4.498257827758789062e+01
1.029719438552856303e+02 4.639086532592780543e+01 3.153435325622560015e+01 4.460744476318359375e+01
1.024400367736816264e+02 4.508873558044439278e+01 3.169576263427735796e+01 4.526135635375976562e+01
1.028854770660400391e+02 4.398025703430181466e+01 3.205295944213867188e+01 4.628719711303710938e+01
1.018266315460205078e+02 4.437523460388189278e+01 3.110676193237304688e+01 4.605629348754882812e+01
1.022984266281127930e+02 4.323059844970708809e+01 2.966068458557128906e+01 4.542356872558593750e+01
1.008527126312255859e+02 3.990464591979986153e+01 2.972352981567382812e+01 4.500647354125976562e+01
9.986185550689697266e+01 3.941084671020513497e+01 2.928819084167480469e+01 4.139170074462890625e+01
9.881562709808349609e+01 3.269754028320318184e+01 2.861456489562988281e+01 4.349752807617187500e+01
