1.100000000000000000e+01 1.210000000000000000e+02 6.100000000000000000e+01 9.000000000000000000e+01
1.329109191894531250e+01 1.222796859741210938e+02 5.810879516601562500e+01 8.948124694824218750e+01
1.398641967773437500e+01 1.212327461242675781e+02 5.693356323242187500e+01 8.925191497802734375e+01
1.410047531127929688e+01 1.220827178955078125e+02 5.700986480712890625e+01 8.977694702148437500e+01
1.450447273254394531e+01 1.217388038635253906e+02 5.634304428100585938e+01 8.933586883544921875e+01
1.586421203613278408e+01 1.224878959655761435e+02 5.561798095703125000e+01 8.854434967041015625e+01
1.630575752258300781e+01 1.227816886901855469e+02 5.518734359741210938e+01 8.891275787353515625e+01
1.701937484741213780e+01 1.231499099731445597e+02 5.445825958251953125e+01 8.719810485839843750e+01
1.688483810424807530e+01 1.239912796020508097e+02 5.408451080322265625e+01 8.716102600097656250e+01
1.736006355285647373e+01 1.237687797546387003e+02 5.375179672241210938e+01 8.645423126220703125e+01
1.804783630371099434e+01 1.250287322998047443e+02 5.292779541015625000e+01 8.622106933593750000e+01
1.837657165527349434e+01 1.250110244750977131e+02 5.207394409179687500e+01 8.581590270996093750e+01
1.960050964355474434e+01 1.256730308532715412e+02 5.134265136718750000e+01 8.557590484619140625e+01
1.999026679992681466e+01 1.258560066223145100e+02 5.139071273803710938e+01 8.511147308349609375e+01
1.979743766784676495e+01 1.249296035766602415e+02 5.097671890258789062e+01 8.553257751464843750e+01
2.015642547607433244e+01 1.259364433288575356e+02 5.067393493652343750e+01 8.485117340087890625e+01
2.120486259460460587e+01 1.271260070800782387e+02 5.012659072875976562e+01 8.367636108398437500e+01
2.062134742736827775e+01 1.255209197998048012e+02 5.013645553588867188e+01 8.478015136718750000e+01
2.047816085815441056e+01 1.266438026428223793e+02 4.989060211181640625e+01 8.360533905029296875e+01
2.075065040588390275e+01 1.270504951477051918e+02 5.004734420776367188e+01 8.330373382568359375e+01
2.118401718139659806e+01 1.274501876831055824e+02 4.985623931884765625e+01 8.318721008300781250e+01
1.926219558715831681e+01 1.265764884948731606e+02 5.073992156982421875e+01 8.360395050048828125e+01
2.134227752685558244e+01 1.264890327453614418e+02 4.891090393066406250e+01 8.435137176513671875e+01
2.051365852355968400e+01 1.262795906066895668e+02 4.998211288452148438e+01 8.434731292724609375e+01
2.088342475891127492e+01 1.271705131530763140e+02 4.992687606811523438e+01 8.357083892822265625e+01
2.082634735107436086e+01 1.287657737731935015e+02 5.059693908691406250e+01 8.251935577392578125e+01
2.023954772949232961e+01 1.289866676330567827e+02 5.149578857421875000e+01 8.166670989990234375e+01
2.098535728454606897e+01 1.292874946594239987e+02 5.084419631958007812e+01 8.171416473388671875e+01
1.940452384948747522e+01 1.288478889465333737e+02 5.234283828735351562e+01 8.170290374755859375e+01
2.044971275329606897e+01 1.292080802917482174e+02 5.172655105590820312e+01 8.199503326416015625e+01
1.950020027160661584e+01 1.301641426086427487e+02 5.390749740600585938e+01 8.118947601318359375e+01
1.982235908508320676e+01 1.305470809936525427e+02 5.174789047241210938e+01 8.099470520019531250e+01
1.899085807800312864e+01 1.309378395080568396e+02 5.295303726196289062e+01 8.025527191162109375e+01
2.177079391479512083e+01 1.308723640441896521e+02 5.040708160400390625e+01 8.067461395263671875e+01
1.995936584472676145e+01 1.296949691772462927e+02 5.324389648437500000e+01 8.090849304199218750e+01
1.940053939819355833e+01 1.303393783569337927e+02 5.293137359619140625e+01 8.061137390136718750e+01
1.891032218933125364e+01 1.303266372680666052e+02 5.476147842407226562e+01 8.171345520019531250e+01
1.928004837036152708e+01 1.302989158630373083e+02 5.179821014404296875e+01 8.093399810791015625e+01
1.936539077758808958e+01 1.312329216003419958e+02 5.369332122802734375e+01 8.030509185791015625e+01
1.976244926452656614e+01 1.308252334594728552e+02 5.240344619750976562e+01 8.073655700683593750e+01
1.850184440612812864e+01 1.313087882995607458e+02 5.486944961547851562e+01 8.046735382080078125e+01
2.116553497314473020e+01 1.314740219116212927e+02 5.206761169433593750e+01 8.018254089355468750e+01
1.913565635681172239e+01 1.309684448242189490e+02 5.494063186645507812e+01 7.980081176757812500e+01
1.950494384765644895e+01 1.316197891235353552e+02 5.334106445312500000e+01 7.961210632324218750e+01
1.864188003540058958e+01 1.326892890930177771e+02 5.628853607177734375e+01 7.955190277099609375e+01
1.884358215332051145e+01 1.317023010253908240e+02 5.537478637695312500e+01 7.994747924804687500e+01
1.953803443908711301e+01 1.321879386901857458e+02 5.342994308471679688e+01 7.957282257080078125e+01
1.953673934936543333e+01 1.327583808898927771e+02 5.439359283447265625e+01 7.970946502685546875e+01
1.893059158325215208e+01 1.307056503295900427e+02 5.544731903076171875e+01 8.062614440917968750e+01
2.010154914855976926e+01 1.314147491455080115e+02 5.418804550170898438e+01 7.986682128906250000e+01
2.112252807617207395e+01 1.319433059692384802e+02 5.316476440429687500e+01 7.959541320800781250e+01
2.024060440063496458e+01 1.314682083129884802e+02 5.417748260498046875e+01 7.994679260253906250e+01
2.049201583862324583e+01 1.324438858032228552e+02 5.510053253173828125e+01 8.011381530761718750e+01
1.999508285522480833e+01 1.311390876770021521e+02 5.466349029541015625e+01 8.002996063232421875e+01
2.108029174804710237e+01 1.315154800415041336e+02 5.338555908203125000e+01 8.009944152832031250e+01
2.199288558959983675e+01 1.323985557556154617e+02 5.351694488525390625e+01 7.998136138916015625e+01
2.163244438171409456e+01 1.316792373657228836e+02 5.301312637329101562e+01 8.025672912597656250e+01
2.175303840637229769e+01 1.327493820190431961e+02 5.338827133178710938e+01 7.899134826660156250e+01
2.021690559387232611e+01 1.316510124206545527e+02 5.531188583374023438e+01 7.994867706298828125e+01
2.198909759521509955e+01 1.322173843383791620e+02 5.356349182128906250e+01 7.983253479003906250e+01
2.098426818847681830e+01 1.318522682189943964e+02 5.530554199218750000e+01 7.982155609130859375e+01
2.430544090271021673e+01 1.326298255920412714e+02 5.136668777465820312e+01 7.914199066162109375e+01
2.095132446289088080e+01 1.314387779235842402e+02 5.648831176757812500e+01 7.966895294189453125e+01
2.570505714416529486e+01 1.322686042785647089e+02 5.040162277221679688e+01 7.968099212646484375e+01
2.091824722290064642e+01 1.309312362670900995e+02 5.644972991943359375e+01 7.978215026855468750e+01
2.465323257446314642e+01 1.318398094177248652e+02 5.171730804443359375e+01 7.978238677978515625e+01
1.982969093322779486e+01 1.303705406188967402e+02 5.659943771362304688e+01 8.063370513916015625e+01
2.628740119934107611e+01 1.315933609008791620e+02 5.013793563842773438e+01 8.022444152832031250e+01
2.054520606994654486e+01 1.306844635009768183e+02 5.731531906127929688e+01 8.043048095703125000e+01
2.667172050476099798e+01 1.315510711669924433e+02 4.986804580688476562e+01 8.035586547851562500e+01
2.064075088501002142e+01 1.306717796325686152e+02 5.716371917724609375e+01 8.122388458251953125e+01
2.712633895874051859e+01 1.303939170837405186e+02 4.954837799072265625e+01 8.111237335205078125e+01
2.207849693298368265e+01 1.309582557678225498e+02 5.643089675903320312e+01 8.099834442138671875e+01
2.643904495239286234e+01 1.299852714538577061e+02 4.988082122802734375e+01 8.148166656494140625e+01
2.242091941833524515e+01 1.305503311157229405e+02 5.568742752075195312e+01 8.118354797363281250e+01
2.484713935852079203e+01 1.299400024414065342e+02 5.230215072631835938e+01 8.189190673828125000e+01
2.351348304748563578e+01 1.304109382629397373e+02 5.441956710815429688e+01 8.139507293701171875e+01
2.443709754943876078e+01 1.307195510864260655e+02 5.379050827026367188e+01 8.098957824707031250e+01
2.570976829528839858e+01 1.307468833923342970e+02 5.166289138793945312e+01 8.113803863525390625e+01
2.407022476196320326e+01 1.318400039672854689e+02 5.355074310302734375e+01 7.994081115722656250e+01
2.613288497924835951e+01 1.314500961303714064e+02 5.146292877197265625e+01 8.069316101074218750e+01
2.531923484802277358e+01 1.311172332763675001e+02 5.353926467895507812e+01 8.128457641601562500e+01
2.762254524230988295e+01 1.309316978454592970e+02 5.066057968139648438e+01 8.147071075439453125e+01
2.122620201110871108e+01 1.298364791870120314e+02 5.818254470825195312e+01 8.217726135253906250e+01
2.374273300170926859e+01 1.323187789916995030e+02 5.559104156494140625e+01 8.092369079589843750e+01
2.324824523925809672e+01 1.302159919738772373e+02 5.543051147460937500e+01 8.288265228271484375e+01
2.597737884521512797e+01 1.330806236267092686e+02 5.342311096191406250e+01 8.067133331298828125e+01
2.465174865722684672e+01 1.308964653015139561e+02 5.518609619140625000e+01 8.230582427978515625e+01
2.350778579711942484e+01 1.306553535461428623e+02 5.528844451904296875e+01 8.205403900146484375e+01
2.592753601074247172e+01 1.318519515991213780e+02 5.287982177734375000e+01 8.177986145019531250e+01
2.519056892395047953e+01 1.317429885864260655e+02 5.467199325561523438e+01 8.218666076660156250e+01
2.359443283081083109e+01 1.307743263244631748e+02 5.597989654541015625e+01 8.243309783935546875e+01
2.360358047485379984e+01 1.312478141784670811e+02 5.592372894287109375e+01 8.272547149658203125e+01
2.413571166992218764e+01 1.313048667907717970e+02 5.579440307617187500e+01 8.317948150634765625e+01
2.303883552551303637e+01 1.321310539245608879e+02 5.691216659545898438e+01 8.264569854736328125e+01
2.211190223693881762e+01 1.313986129760745598e+02 5.921033859252929688e+01 8.276884460449218750e+01
2.169251251220740073e+01 1.321762962341312289e+02 5.955189514160156250e+01 8.228546905517578125e+01
2.108101654052774165e+01 1.313616256713871167e+02 6.030265808105468750e+01 8.243278503417968750e+01
2.162438583374066070e+01 1.322599563598637076e+02 5.922962188720703125e+01 8.222627258300781250e+01
2.122775840759319976e+01 1.313954963684086295e+02 6.046361160278320312e+01 8.262148284912109375e+01
2.514901161193890289e+01 1.321718940734867545e+02 5.701847457885742188e+01 8.077519989013671875e+01
2.663501358032269195e+01 1.307288284301762076e+02 5.377986907958984375e+01 8.337947082519531250e+01
2.665886497497601226e+01 1.320176277160648795e+02 5.514021682739257812e+01 8.294646453857421875e+01
2.625966453552288726e+01 1.302400703430180045e+02 5.505867385864257812e+01 8.452944183349609375e+01
2.462698745727581695e+01 1.293839035034183951e+02 5.715023040771484375e+01 8.551298522949218750e+01
2.507296180725140289e+01 1.327671356201176138e+02 5.763477706909179688e+01 8.329544067382812500e+01
2.618445777893111881e+01 1.306580696105961579e+02 5.676218795776367188e+01 8.384172821044921875e+01
2.513077163696334537e+01 1.310208091735844391e+02 5.706929779052734375e+01 8.449576568603515625e+01
2.592895507812545475e+01 1.328526039123539704e+02 5.590142822265625000e+01 8.226479339599609375e+01
2.496020889282272037e+01 1.310011062622074860e+02 5.778206634521484375e+01 8.494694519042968750e+01
2.419099617004442848e+01 1.333509445190434519e+02 5.910680770874023438e+01 8.252421569824218750e+01
2.403766632080126442e+01 1.325952682495122019e+02 5.901173400878906250e+01 8.286405944824218750e+01
2.341203498840380348e+01 1.345844688415532175e+02 5.972820663452148438e+01 8.141138458251953125e+01
2.457720184326220192e+01 1.328281402587895457e+02 5.876054382324218750e+01 8.230697631835937500e+01
2.414119148254442848e+01 1.343629798889164988e+02 5.991924667358398438e+01 8.188954925537109375e+01
2.327182579040578503e+01 1.341920242309575428e+02 6.047240066528320312e+01 8.108869934082031250e+01
2.296116256713921189e+01 1.354074707031255400e+02 6.143430328369140625e+01 8.166442871093750000e+01
2.412647438049367565e+01 1.356255950927739491e+02 5.991526412963867188e+01 7.970507812500000000e+01
2.272863769531298317e+01 1.380930404663090769e+02 6.179626464843750000e+01 7.929624938964843750e+01
2.377535057067922253e+01 1.388284187316899647e+02 6.034679031372070312e+01 7.870708465576171875e+01
2.408334541320851940e+01 1.375942039489751210e+02 6.074517440795898438e+01 7.996778106689453125e+01
2.401988029480031628e+01 1.396534461975102772e+02 6.082272720336914062e+01 7.760717010498046875e+01
2.453667640686086315e+01 1.377937355041509022e+02 6.110822677612304688e+01 8.019603729248046875e+01
2.411584663391167282e+01 1.408518333435063994e+02 6.038994979858398438e+01 7.742411041259765625e+01
2.486405754089409470e+01 1.402389945983892119e+02 6.127603530883789062e+01 7.800330352783203125e+01
2.352933883667043347e+01 1.402372856140141835e+02 6.125998687744140625e+01 7.831501007080078125e+01
2.395137405395561814e+01 1.404838142395024931e+02 6.188381195068359375e+01 7.871941375732421875e+01
2.527831459045464157e+01 1.429526939392095244e+02 6.117393112182617188e+01 7.672772979736328125e+01
2.483662605285698532e+01 1.382054748535161650e+02 6.181405258178710938e+01 8.067004394531250000e+01
2.441030883789116501e+01 1.384975090026860869e+02 6.118170166015625000e+01 8.123374176025390625e+01
2.423629570007381062e+01 1.409383621215825997e+02 6.195160293579101562e+01 7.773908996582031250e+01
2.462739562988340936e+01 1.422776870727545031e+02 6.210168457031250000e+01 7.819435119628906250e+01
2.627758979797422967e+01 1.400052070617681750e+02 6.105358505249023438e+01 7.862618255615234375e+01
2.505940818786683622e+01 1.427270164489752347e+02 6.166603469848632812e+01 7.727262115478515625e+01
2.476176643371641717e+01 1.408539581298834094e+02 6.218816757202148438e+01 7.907839965820312500e+01
2.511181068420472684e+01 1.422264022827154690e+02 6.211835861206054688e+01 7.733085632324218750e+01
2.412643814086979432e+01 1.370808525085455756e+02 6.208986663818359375e+01 8.360044097900390625e+01
2.559587287902897401e+01 1.453429450988776068e+02 6.100106430053710938e+01 7.531743621826171875e+01
2.648100280761784120e+01 1.418119125366217474e+02 6.096215820312500000e+01 7.681919860839843750e+01
2.522268295288151307e+01 1.377947731018072943e+02 6.242459869384765625e+01 8.310219573974609375e+01
2.643311691284245057e+01 1.423322486877447943e+02 6.083609771728515625e+01 7.765953826904296875e+01
2.545341682434147401e+01 1.422752838134772162e+02 6.209621810913085938e+01 7.755621337890625000e+01
2.620053482055732275e+01 1.391027946472174790e+02 6.190856170654296875e+01 8.074506378173828125e+01
2.679302024841376806e+01 1.412429656982428696e+02 6.088655471801757812e+01 7.907025146484375000e+01
2.575607681274485117e+01 1.386541481018073512e+02 6.199544525146484375e+01 8.126308441162109375e+01
2.686578941345283056e+01 1.393376312255866196e+02 6.174831008911132812e+01 8.014749145507812500e+01
2.669625663757392431e+01 1.397982864379889634e+02 6.100699234008789062e+01 7.971333312988281250e+01
2.597345924377509618e+01 1.386727981567389634e+02 6.207596969604492188e+01 8.107173156738281250e+01
2.637590599060123964e+01 1.384356040954596381e+02 6.257179641723632812e+01 8.092819976806640625e+01
2.654700469970768495e+01 1.407080307006842474e+02 6.260398864746093750e+01 7.892057800292968750e+01
2.685355758667057557e+01 1.414689750671393256e+02 6.304175567626953125e+01 7.819434356689453125e+01
2.804472160339420839e+01 1.403891105651862006e+02 6.275915908813476562e+01 7.854740142822265625e+01
2.689034652710026307e+01 1.422050361633307318e+02 6.406226348876953125e+01 7.702971649169921875e+01
2.784626007080143495e+01 1.409707412719733099e+02 6.293592834472656250e+01 7.812486267089843750e+01
2.666713714599677587e+01 1.405723724365241196e+02 6.330769348144531250e+01 7.918475341796875000e+01
2.684747886657780214e+01 1.415344619750983099e+02 6.359685134887695312e+01 7.827546691894531250e+01
2.710677337646552587e+01 1.430860176086432602e+02 6.356849670410156250e+01 7.771031951904296875e+01
2.797470474243232275e+01 1.419730644226081040e+02 6.277019500732421875e+01 7.827738189697265625e+01
2.867337989807199961e+01 1.388063392639167262e+02 6.190198898315429688e+01 8.094060516357421875e+01
2.732124710083078867e+01 1.415475349426276637e+02 6.331172943115234375e+01 7.850130462646484375e+01
2.844048881530835615e+01 1.402718734741218327e+02 6.310800552368164062e+01 7.945317077636718750e+01
2.865057754516672617e+01 1.408157844543464137e+02 6.235720062255859375e+01 7.906707000732421875e+01
2.992534255981516367e+01 1.386783447265632105e+02 6.095095062255859375e+01 8.068350219726562500e+01
3.002444267273023115e+01 1.385910415649421452e+02 6.092667007446289062e+01 8.009046936035156250e+01
2.999571037292554365e+01 1.397505149841315983e+02 6.178039932250976562e+01 7.964456939697265625e+01
2.973418617248611895e+01 1.410775375366218611e+02 6.209360885620117188e+01 7.848536682128906250e+01
2.930158996582107989e+01 1.402840805053718611e+02 6.223126220703125000e+01 7.980119323730468750e+01
3.045836830139239737e+01 1.387675857543953271e+02 6.204020309448242188e+01 8.122584533691406250e+01
2.875088500976639239e+01 1.400548667907722518e+02 6.347689819335937500e+01 8.061649322509765625e+01
2.992876052856522051e+01 1.423268508911140486e+02 6.316939544677734375e+01 7.933506774902343750e+01
2.900314331054764239e+01 1.397411766052253768e+02 6.400738525390625000e+01 8.095383453369140625e+01
3.108338356018143145e+01 1.408368797302253768e+02 6.161591720581054688e+01 7.973401641845703125e+01
3.097372627258380362e+01 1.401954574584968896e+02 6.238662338256835938e+01 8.126829528808593750e+01
3.166382026672442862e+01 1.378336715698250146e+02 6.147970199584960938e+01 8.307804870605468750e+01
3.021763610839923331e+01 1.400398597717293114e+02 6.343789672851562500e+01 8.146810150146484375e+01
3.276443672180255362e+01 1.380075798034675927e+02 6.090716171264648438e+01 8.205594635009765625e+01
3.142431831359942862e+01 1.378836364746101708e+02 6.228368759155273438e+01 8.175378417968750000e+01
3.214427947998126456e+01 1.382096099853523583e+02 6.118418884277343750e+01 8.085095214843750000e+01
3.183958625793536612e+01 1.376848678588875146e+02 6.154677963256835938e+01 8.062318420410156250e+01
3.275796890258871485e+01 1.383783531188973086e+02 6.098696136474609375e+01 8.015702056884765625e+01
3.286574363708578517e+01 1.380307693481453555e+02 6.118321609497070312e+01 8.178330993652343750e+01
3.418496131897055079e+01 1.383437309265144961e+02 6.023954391479492188e+01 8.070008087158203125e+01
3.210147285461508204e+01 1.387795524597176211e+02 6.217693710327148438e+01 8.216501617431640625e+01
3.394968795776449610e+01 1.386075248718269961e+02 6.092527008056640625e+01 8.245319366455078125e+01
3.187641525268634268e+01 1.386870384216316552e+02 6.353202056884765625e+01 8.243323516845703125e+01
3.242673110961993643e+01 1.379978713989265771e+02 6.265544891357421875e+01 8.379594421386718750e+01
3.482372856140216300e+01 1.376902236938484521e+02 6.066720962524414062e+01 8.354298400878906250e+01
3.160777282714923331e+01 1.389334678649910302e+02 6.426144409179687500e+01 8.304459381103515625e+01
3.350730133056720206e+01 1.385279655456550927e+02 6.262449645996093750e+01 8.350943756103515625e+01
3.408402633667071768e+01 1.381644592285164208e+02 6.238330841064453125e+01 8.311828613281250000e+01
3.258111572265704581e+01 1.380613670349129052e+02 6.402420043945312500e+01 8.374491119384765625e+01
3.473483276367264239e+01 1.383809585571296736e+02 6.202325439453125000e+01 8.285075378417968750e+01
3.381305122375565020e+01 1.384325408935554549e+02 6.302068710327148438e+01 8.314910888671875000e+01
3.493613815307693926e+01 1.381134986877449080e+02 6.240668487548828125e+01 8.268321990966796875e+01
3.439718055725174395e+01 1.377244529724128768e+02 6.273972702026367188e+01 8.362366485595703125e+01
3.710431098938065020e+01 1.378264579772956893e+02 6.031466293334960938e+01 8.207971954345703125e+01
3.445817756652908770e+01 1.365121154785163924e+02 6.267321395874023438e+01 8.572280883789062500e+01
3.673889541626050459e+01 1.377068862915046452e+02 6.112624359130859375e+01 8.212745666503906250e+01
3.467199897766184336e+01 1.371663780212409449e+02 6.181060409545898438e+01 8.555164337158203125e+01
3.519520187378000742e+01 1.374174995422370387e+02 6.216382598876953125e+01 8.343364715576171875e+01
3.552596855163645273e+01 1.362227592468268824e+02 6.195944595336914062e+01 8.531934356689453125e+01
3.522218894958567148e+01 1.348622169494636012e+02 6.213097000122070312e+01 8.741045379638671875e+01
3.720177078247144209e+01 1.356184005737312077e+02 6.010823822021484375e+01 8.631459045410156250e+01
3.728896903991773115e+01 1.347971534729011296e+02 6.031979751586914062e+01 8.809032440185546875e+01
3.782884979248117929e+01 1.337884826660163355e+02 6.027143859863281250e+01 8.868023681640625000e+01
3.818177604675364023e+01 1.326607360839850855e+02 6.025473403930664062e+01 9.053182983398437500e+01
3.901616859436106211e+01 1.341792945861823512e+02 6.021015548706054688e+01 8.784545135498046875e+01
3.877949523925852304e+01 1.313598251342780543e+02 6.008612060546875000e+01 9.051008605957031250e+01
3.775508689880444990e+01 1.343288230896003483e+02 6.135307693481445312e+01 8.632477569580078125e+01
3.912882804870679365e+01 1.354128189086921452e+02 6.044528579711914062e+01 8.542781066894531250e+01
3.961639213562085615e+01 1.325399475097663640e+02 5.915039443969726562e+01 9.010632324218750000e+01
3.956695365905835615e+01 1.313365936279304265e+02 6.033917617797851562e+01 9.119314575195312500e+01
3.954397964477612959e+01 1.326793556213386296e+02 6.024318695068359375e+01 8.850719451904296875e+01
3.832657814025952803e+01 1.322290992736823796e+02 6.067896652221679688e+01 8.826729583740234375e+01
3.910007858276441084e+01 1.349135246276862858e+02 6.058820343017578125e+01 8.514813995361328125e+01
3.955430412292554365e+01 1.331943893432624577e+02 6.107562637329101562e+01 8.794343566894531250e+01
3.765723991394114023e+01 1.317716369628913355e+02 6.250552749633789062e+01 8.978311157226562500e+01
3.919503021240305429e+01 1.345312461853034449e+02 6.189155578613281250e+01 8.768540191650390625e+01
3.926266479492261396e+01 1.315688514709480046e+02 6.132510375976562500e+01 9.212416839599609375e+01
4.047755241394114023e+01 1.332546157836921168e+02 6.073093032836914062e+01 8.989158630371093750e+01
3.905335617065500742e+01 1.329770889282233668e+02 6.242841339111328125e+01 9.092616271972656250e+01
3.797822761535715586e+01 1.328174247741706324e+02 6.341305160522460938e+01 9.128382110595703125e+01
3.947441482544016367e+01 1.355722465515143824e+02 6.234481048583984375e+01 8.813819122314453125e+01
4.012221717834543711e+01 1.327221984863288355e+02 6.155799484252929688e+01 9.155343627929687500e+01
3.984101676940986181e+01 1.330449790954596665e+02 6.255041885375976562e+01 9.215671539306640625e+01
4.128218460083076025e+01 1.354365653991706040e+02 6.015352630615234375e+01 8.825623321533203125e+01
3.821692276001041932e+01 1.358001937866217474e+02 6.374321746826171875e+01 8.917936706542968750e+01
4.062510108947819276e+01 1.354900360107428412e+02 6.160953903198242188e+01 8.822750854492187500e+01
3.830713272094794775e+01 1.334657554626471665e+02 6.476824188232421875e+01 9.142984771728515625e+01
4.173402786254951025e+01 1.325512924194342759e+02 6.218755340576171875e+01 9.036567687988281250e+01
4.174074745178290868e+01 1.319810180664069321e+02 6.230418014526367188e+01 9.191604614257812500e+01
4.029014396667548681e+01 1.323388442993170884e+02 6.393716812133789062e+01 9.251048278808593750e+01
4.195836448669501806e+01 1.308944206237799790e+02 6.091960525512695312e+01 9.346515655517578125e+01
4.188895988464423681e+01 1.305260429382331040e+02 6.303277969360351562e+01 9.395355987548828125e+01
4.113039398193427587e+01 1.342136878967291977e+02 6.300035095214843750e+01 8.992055511474609375e+01
4.198524093627997900e+01 1.322354965209967759e+02 6.271717071533203125e+01 9.221488952636718750e+01
4.203278541565009618e+01 1.316050834655768540e+02 6.225007247924804688e+01 9.296772003173828125e+01
4.150381851196357275e+01 1.313531227111823227e+02 6.295180511474609375e+01 9.327861785888671875e+01
4.094953918457099462e+01 1.331065368652350571e+02 6.447409057617187500e+01 9.264703369140625000e+01
4.186063385009833837e+01 1.322749137878424790e+02 6.310456848144531250e+01 9.351493072509765625e+01
4.196889877319404150e+01 1.305882568359381821e+02 6.367050933837890625e+01 9.484118652343750000e+01
4.181214523315497900e+01 1.376861686706549790e+02 6.373871612548828125e+01 8.671445465087890625e+01
4.027990722656318212e+01 1.364115943908698227e+02 6.423059082031250000e+01 8.839647674560546875e+01
4.171904563903876806e+01 1.352478332519538071e+02 6.393040847778320312e+01 9.050509643554687500e+01
4.087196350097724462e+01 1.329569778442389634e+02 6.620230102539062500e+01 9.338844299316406250e+01
4.281869506836005712e+01 1.380770683288581040e+02 6.403036499023437500e+01 8.493592071533203125e+01
3.967607498169016367e+01 1.362856788635261012e+02 6.821556854248046875e+01 8.994939422607421875e+01
4.229445266723703867e+01 1.345734214782721949e+02 6.480486297607421875e+01 8.945444488525390625e+01
4.005311584472727304e+01 1.352206802368171168e+02 6.823986816406250000e+01 9.067268371582031250e+01
4.238803863525461679e+01 1.353901710510261012e+02 6.531944274902343750e+01 8.845348358154296875e+01
4.071994018554758554e+01 1.353284034729011012e+02 6.763677978515625000e+01 9.095522308349609375e+01
4.247257232666086679e+01 1.375701980590827418e+02 6.563825988769531250e+01 8.844557189941406250e+01
4.228215408325266367e+01 1.380922813415534449e+02 6.576250457763671875e+01 8.785050201416015625e+01
3.960264968872141367e+01 1.376771774291999293e+02 7.078499603271484375e+01 8.573005676269531250e+01
4.368064498901438242e+01 1.377159614562995387e+02 6.426688385009765625e+01 8.626219940185546875e+01
4.289778518676828867e+01 1.368090095520026637e+02 6.628438568115234375e+01 9.023757171630859375e+01
4.165394592285227304e+01 1.353240089416511012e+02 6.883657836914062500e+01 9.085363006591796875e+01
4.347943878173899179e+01 1.350285720825202418e+02 6.902400207519531250e+01 8.755824279785156250e+01
4.236106872558664804e+01 1.409585990905768824e+02 6.788412475585937500e+01 8.533676910400390625e+01
4.022990417480539804e+01 1.383400497436530543e+02 7.169146728515625000e+01 8.521708679199218750e+01
4.399935150146555429e+01 1.370496368408210230e+02 6.805278015136718750e+01 8.792456054687500000e+01
4.088689804077219492e+01 1.369370574951178980e+02 6.973264312744140625e+01 8.724285888671875000e+01
4.529346084594797617e+01 1.369352455139167262e+02 6.700179290771484375e+01 8.684722137451171875e+01
3.992081451416086679e+01 1.373319129943854762e+02 7.309123229980468750e+01 8.963997650146484375e+01
4.466446304321360117e+01 1.326706199646003199e+02 6.843721771240234375e+01 9.030103302001953125e+01
4.119162750244211679e+01 1.409441604614264918e+02 7.244276428222656250e+01 8.490562438964843750e+01
4.090324783325266367e+01 1.361451644897468043e+02 7.099568939208984375e+01 8.909397888183593750e+01
4.553679275512766367e+01 1.325205955505378199e+02 6.970684051513671875e+01 9.275070953369140625e+01
3.999772262573313242e+01 1.347276573181159449e+02 7.602515411376953125e+01 9.289081573486328125e+01
4.465227890014719492e+01 1.334445037841803980e+02 6.880393218994140625e+01 9.079180908203125000e+01
4.126656723022531992e+01 1.377661247253425074e+02 7.345563507080078125e+01 8.891275787353515625e+01
4.260769653320383554e+01 1.323047142028815699e+02 7.432431030273437500e+01 9.166559600830078125e+01
4.297643280029367929e+01 1.331381950378425074e+02 7.397944641113281250e+01 9.192221832275390625e+01
4.172798156738352304e+01 1.365523376464850855e+02 7.669436645507812500e+01 8.905453491210937500e+01
4.003072738647531992e+01 1.391435432434089137e+02 7.802304840087890625e+01 8.374776458740234375e+01
4.108273315429758554e+01 1.349975967407233668e+02 7.886691284179687500e+01 8.808412170410156250e+01
4.423209762573313242e+01 1.349479980468757105e+02 7.254901885986328125e+01 9.070986938476562500e+01
4.120460510253977304e+01 1.384868583679206324e+02 7.680593872070312500e+01 8.691294097900390625e+01
4.397883987426828867e+01 1.356912498474128199e+02 7.968776702880859375e+01 8.828696441650390625e+01
4.131716537475656992e+01 1.373430328369147730e+02 7.825107574462890625e+01 8.718350219726562500e+01
4.120163726806711679e+01 1.348841781616218043e+02 8.038423156738281250e+01 9.201023864746093750e+01
4.159570312500071054e+01 1.354812202453620387e+02 8.191659545898437500e+01 9.092284393310546875e+01
4.135940551757883554e+01 1.352006835937507105e+02 7.986114501953125000e+01 9.026150512695312500e+01
4.163026809692453867e+01 1.343914833068854762e+02 8.316808319091796875e+01 9.095882415771484375e+01
4.218639373779367929e+01 1.404294204711921168e+02 8.176258850097656250e+01 8.618333435058593750e+01
4.122617721557688242e+01 1.351096458435065699e+02 8.350959014892578125e+01 9.079596710205078125e+01
4.151232528686594492e+01 1.349251937866218043e+02 8.304819488525390625e+01 9.155165100097656250e+01
4.178440856933664804e+01 1.343763618469245387e+02 8.464974975585937500e+01 9.195085906982421875e+01
4.277760314941477304e+01 1.382418365478522730e+02 8.627569580078125000e+01 8.876065063476562500e+01
4.137667465210031992e+01 1.357844619750983668e+02 8.465012359619140625e+01 8.961302185058593750e+01
4.222034835815500742e+01 1.332474365234382105e+02 8.467908477783203125e+01 9.414834594726562500e+01
4.314568710327219492e+01 1.370496673583991480e+02 8.339075469970703125e+01 8.930743408203125000e+01
4.284896850586008554e+01 1.338149719238288355e+02 8.452337646484375000e+01 9.458557128906250000e+01
4.263800811767649179e+01 1.352908782958991480e+02 8.401673889160156250e+01 9.319061279296875000e+01
4.418111419677805429e+01 1.357685050964362574e+02 8.344712829589843750e+01 9.228000640869140625e+01
4.425196075439524179e+01 1.359964294433600855e+02 8.240263366699218750e+01 9.319873046875000000e+01
4.381821060180735117e+01 1.344536628723151637e+02 8.638256072998046875e+01 9.351583099365234375e+01
4.312125015258862959e+01 1.356897850036628483e+02 8.293227386474609375e+01 9.219785308837890625e+01
4.341616058349683271e+01 1.368631324768073796e+02 8.454472351074218750e+01 9.133528900146484375e+01
4.356425476074292646e+01 1.356987724304206608e+02 8.684774780273437500e+01 9.119339752197265625e+01
4.418816375732495771e+01 1.351849555969245671e+02 8.485108947753906250e+01 9.314455413818359375e+01
4.480020141601636396e+01 1.356291542053230046e+02 8.464883422851562500e+01 9.285005950927734375e+01
4.384690093994214521e+01 1.374022407531745671e+02 8.531034851074218750e+01 9.000267791748046875e+01
4.331585693359448896e+01 1.382112350463874577e+02 8.575042724609375000e+01 9.016355895996093750e+01
4.701271057128980146e+01 1.372254676818855046e+02 8.609341430664062500e+01 8.976552581787109375e+01
4.415340042114331709e+01 1.417299575805671452e+02 8.121489715576171875e+01 8.598500061035156250e+01
4.989765167236402021e+01 1.374409790039069890e+02 8.671015930175781250e+01 8.674658203125000000e+01
4.633390426635816084e+01 1.349851188659675358e+02 8.244806671142578125e+01 9.450928497314453125e+01
4.457915496826245771e+01 1.390042839050300358e+02 8.373802185058593750e+01 8.905655670166015625e+01
5.045426559448316084e+01 1.411176147460944890e+02 8.171472930908203125e+01 8.177780151367187500e+01
4.664925765991284834e+01 1.422630996704108952e+02 8.544931793212890625e+01 8.706455993652343750e+01
4.748698425293042646e+01 1.418294639587409733e+02 8.519302368164062500e+01 8.369412994384765625e+01
4.624667739868237959e+01 1.425340042114265202e+02 8.483602142333984375e+01 8.725892639160156250e+01
4.875708007812573896e+01 1.300756988525398015e+02 8.838232421875000000e+01 9.708709716796875000e+01
4.587717056274487959e+01 1.412545356750495671e+02 8.936644744873046875e+01 8.678188323974609375e+01
4.754538726806714521e+01 1.362289352416999577e+02 8.684370422363281250e+01 9.065574645996093750e+01
4.758068847656323896e+01 1.400044784545905827e+02 8.533181762695312500e+01 8.680305480957031250e+01
4.793732833862378584e+01 1.380797767639167546e+02 8.336878204345703125e+01 8.926030731201171875e+01
4.777726364135816084e+01 1.394370117187507390e+02 8.810993194580078125e+01 8.662097167968750000e+01
4.779237747192456709e+01 1.391214828491218327e+02 8.436803436279296875e+01 9.031599426269531250e+01
4.887846755981519209e+01 1.427203102111823796e+02 8.927935028076171875e+01 8.477083587646484375e+01
4.988388824462964521e+01 1.317179527282722233e+02 8.255982971191406250e+01 9.429471588134765625e+01
5.782291412353589521e+01 1.397299118041999577e+02 8.950654602050781250e+01 8.720466613769531250e+01
5.397298431396558271e+01 1.432365303039558171e+02 8.900642395019531250e+01 8.261193084716796875e+01
5.101883316040112959e+01 1.426526489257819890e+02 8.296675872802734375e+01 8.687881469726562500e+01
4.857442855835034834e+01 1.380205955505378483e+02 8.706793975830078125e+01 8.923316192626953125e+01
5.032275390625073896e+01 1.388149566650398015e+02 9.374520874023437500e+01 8.796533203125000000e+01
4.910329437255933271e+01 1.349373855590827702e+02 8.829878234863281250e+01 9.666004943847656250e+01
6.282149124145584551e+01 1.354029541015632674e+02 9.720958709716796875e+01 8.855538940429687500e+01
5.417921829223709551e+01 1.357920722961433455e+02 1.268525924682617188e+02 8.930730438232421875e+01
6.237958908081131426e+01 1.400789260864265486e+02 8.247000885009765625e+01 8.426521301269531250e+01
5.588192367553787676e+01 1.386368217468269393e+02 9.049042510986328125e+01 9.104251861572265625e+01
5.158738708496170489e+01 1.383892364501960799e+02 9.401321411132812500e+01 9.115420532226562500e+01
5.206130981445389239e+01 1.390859298706062361e+02 9.262365722656250000e+01 9.028477478027343750e+01
5.343984222412186114e+01 1.342718620300300643e+02 8.794825744628906250e+01 9.423657989501953125e+01
5.167184829711990801e+01 1.312470741271980330e+02 9.648537445068359375e+01 9.891924285888671875e+01
5.071157836914139239e+01 1.408829116821296736e+02 9.435531616210937500e+01 8.573246765136718750e+01
5.276254272461017081e+01 1.384493103027351708e+02 9.372277832031250000e+01 8.752999877929687500e+01
5.296627426147540518e+01 1.333192100524910302e+02 9.374732208251953125e+01 9.594721221923828125e+01
5.228622055053790518e+01 1.327270927429207177e+02 9.644544219970703125e+01 9.490052032470703125e+01
5.327738952636798331e+01 1.374290733337410302e+02 9.732287597656250000e+01 8.839801788330078125e+01
5.364257431030353018e+01 1.362219657897957177e+02 9.826624298095703125e+01 8.855115509033203125e+01
5.286843872070392081e+01 1.351486244201668114e+02 9.878552246093750000e+01 9.437981414794921875e+01
5.551731109619217364e+01 1.390358695983894393e+02 8.440257263183593750e+01 8.659018707275390625e+01
5.432040786743240801e+01 1.347211380004890486e+02 9.699019622802734375e+01 9.514286804199218750e+01
5.719946670532303301e+01 1.398420410156257674e+02 9.549422454833984375e+01 8.548391723632812500e+01
5.645547866821365801e+01 1.378872985839851424e+02 9.052230072021484375e+01 9.122445678710937500e+01
5.827354812622147051e+01 1.358567352294929549e+02 9.611647796630859375e+01 8.808242797851562500e+01
5.763811874389725176e+01 1.406187324523933455e+02 9.264170074462890625e+01 8.648412322998046875e+01
5.930765151977615801e+01 1.380737953186042830e+02 9.612712860107421875e+01 8.715126800537109375e+01
6.003480148315506426e+01 1.370070533752449080e+02 9.391394805908203125e+01 9.028667449951171875e+01
5.997653961181717364e+01 1.340814437866218611e+02 9.466743469238281250e+01 8.891117858886718750e+01
5.921482086181717364e+01 1.355347099304206893e+02 1.011549224853515625e+02 9.264502716064453125e+01
6.478120040893631426e+01 1.334521026611335799e+02 9.284085845947265625e+01 9.237350463867187500e+01
5.899234771728592364e+01 1.310395240783699080e+02 1.200543670654296875e+02 9.145366668701171875e+01
6.617103576660232989e+01 1.444783897399910018e+02 9.363497924804687500e+01 7.900196075439453125e+01
6.547349548339920489e+01 1.429448471069343611e+02 9.065386962890625000e+01 8.388429260253906250e+01
6.322127914428787676e+01 1.430477294921882674e+02 8.813010406494140625e+01 8.568215942382812500e+01
6.188679122924881426e+01 1.385390739440925643e+02 9.428659820556640625e+01 8.813275909423828125e+01
6.246236419677811114e+01 1.372745552062995955e+02 9.686842346191406250e+01 8.788399505615234375e+01
6.112317657470782706e+01 1.340445594787605614e+02 1.008953704833984375e+02 9.229375457763671875e+01
6.347894287109451739e+01 1.353770408630378768e+02 9.887182617187500000e+01 8.779120635986328125e+01
6.087189483642654864e+01 1.335302810668952986e+02 1.061267242431640625e+02 9.429362487792968750e+01
6.644108963012774893e+01 1.393492240905769677e+02 9.169405364990234375e+01 8.734638214111328125e+01
6.570251846313556143e+01 1.336471748352058739e+02 9.798857879638671875e+01 9.615294647216796875e+01
6.443265914917071768e+01 1.333449058532722802e+02 9.483737945556640625e+01 9.251087188720703125e+01
6.374245071411212393e+01 1.386561927795418114e+02 1.007072067260742188e+02 9.066378021240234375e+01
6.818565750122149893e+01 1.335961380004890771e+02 8.778093719482421875e+01 9.157188415527343750e+01
6.152727127075274893e+01 1.334034461975105614e+02 1.042367782592773438e+02 9.363491058349609375e+01
6.549147415161212393e+01 1.440432701110847802e+02 9.076045989990234375e+01 8.167600250244140625e+01
6.558920669555743643e+01 1.394409484863289208e+02 9.269704437255859375e+01 8.998611450195312500e+01
6.577506256103595206e+01 1.354046516418464989e+02 1.019046173095703125e+02 9.396233367919921875e+01
6.742325592041095206e+01 1.334122657775886864e+02 9.723027038574218750e+01 9.213838958740234375e+01
6.592087936401446768e+01 1.370073204040535302e+02 9.433329010009765625e+01 9.173493194580078125e+01
7.013144302368243643e+01 1.309103469848640771e+02 9.697496795654296875e+01 9.591587829589843750e+01
6.509689331054764239e+01 1.417873764038093611e+02 8.999411010742187500e+01 8.957603454589843750e+01
7.078456497192459551e+01 1.404013290405281111e+02 8.678627777099609375e+01 8.651100158691406250e+01
6.908137512207107989e+01 1.363187599182136580e+02 9.503433227539062500e+01 9.428081512451171875e+01
6.955613327026443926e+01 1.370924263000495955e+02 8.688959503173828125e+01 8.874550628662109375e+01
6.701449966430740801e+01 1.354522933959968611e+02 9.667519378662109375e+01 9.449586486816406250e+01
7.304022598266678301e+01 1.360683174133308455e+02 8.763961029052734375e+01 8.762828826904296875e+01
6.903052902221756426e+01 1.390728836059577986e+02 9.607144927978515625e+01 9.107518005371093750e+01
7.561420059204178301e+01 1.335268440246589705e+02 7.773009490966796875e+01 9.165471649169921875e+01
7.311178970336990801e+01 1.344877853393562361e+02 8.399645233154296875e+01 9.125056457519531250e+01
7.118301773071365801e+01 1.340394897460945174e+02 8.754552459716796875e+01 9.344998168945312500e+01
6.949931335449295489e+01 1.398283538818367049e+02 9.143966674804687500e+01 8.703515625000000000e+01
7.243080520629959551e+01 1.359411849975593611e+02 9.826665496826171875e+01 9.269700622558593750e+01
7.319550323486404864e+01 1.362607765197761580e+02 8.992716979980468750e+01 9.156499481201171875e+01
7.291559219360428301e+01 1.322121582031257674e+02 9.035066986083984375e+01 9.511648559570312500e+01
7.354937744140701739e+01 1.394421806335456893e+02 8.693048095703125000e+01 8.748395538330078125e+01
7.336694717407303301e+01 1.367223434448249861e+02 8.968123626708984375e+01 9.026783752441406250e+01
7.146107482910235831e+01 1.350727996826179833e+02 1.066961975097656250e+02 8.994671630859375000e+01
7.600734710693438956e+01 1.390455589294441552e+02 9.127095031738281250e+01 8.478949737548828125e+01
7.351901626586993643e+01 1.400656661987312646e+02 8.906945037841796875e+01 9.244056701660156250e+01
7.169969940185626456e+01 1.347034454345711083e+02 9.185972595214843750e+01 9.125543212890625000e+01
7.387599945068438956e+01 1.395900421142586083e+02 8.530625915527343750e+01 8.876550292968750000e+01
7.306329727172931143e+01 1.417160034179695458e+02 9.321504974365234375e+01 8.895880126953125000e+01
7.473049926757892081e+01 1.459011764526375146e+02 6.702249145507812500e+01 7.982121276855468750e+01
7.770302963256915518e+01 1.386722183227547021e+02 1.109673843383789062e+02 8.336039733886718750e+01
8.202374267578204581e+01 1.393656196594246239e+02 8.078457641601562500e+01 8.395186614990234375e+01
7.906745910644610831e+01 1.420950393676765771e+02 8.281939697265625000e+01 8.156108093261718750e+01
7.626667785644610831e+01 1.365754013061531396e+02 9.007739257812500000e+01 8.937489318847656250e+01
7.185931015014728018e+01 1.372146530151375146e+02 1.006025772094726562e+02 8.912623596191406250e+01
7.457361984253009268e+01 1.352684020996101708e+02 1.057463150024414062e+02 8.918664550781250000e+01
7.554917144775470206e+01 1.398037490844734521e+02 9.621037292480468750e+01 8.539179992675781250e+01
7.086899566650470206e+01 1.406859893798836083e+02 9.543708801269531250e+01 9.306390380859375000e+01
7.400391006469808985e+01 1.341898345947273867e+02 9.419237518310546875e+01 8.830108642578125000e+01
7.439128112793051173e+01 1.401662292480476992e+02 8.743762207031250000e+01 8.733554077148437500e+01
7.539586639404379298e+01 1.435793266296394961e+02 8.352125549316406250e+01 8.993640899658203125e+01
7.581042098999105860e+01 1.324724731445320742e+02 9.112491607666015625e+01 9.296322631835937500e+01
7.452233505249105860e+01 1.416937446594246524e+02 8.851776885986328125e+01 8.580196380615234375e+01
7.529751205444418360e+01 1.409398002624519961e+02 8.794464874267578125e+01 9.270841217041015625e+01
7.585240554809652735e+01 1.408794326782234805e+02 8.285540008544921875e+01 8.310508728027343750e+01
7.921822738647543360e+01 1.424405555725105899e+02 8.501215362548828125e+01 8.378374481201171875e+01
7.255357742309652735e+01 1.413001289367684024e+02 8.535124969482421875e+01 9.306404876708984375e+01
8.423751449585043360e+01 1.464629287719734805e+02 7.221448516845703125e+01 7.787648010253906250e+01
7.952919006347738673e+01 1.419587669372566836e+02 8.073709106445312500e+01 8.493170928955078125e+01
7.574581527710043360e+01 1.411210632324226992e+02 7.915229034423828125e+01 9.183001708984375000e+01
8.004955291748129298e+01 1.377168312072762149e+02 7.808894348144531250e+01 8.873686981201171875e+01
7.880551528930746485e+01 1.370364913940437930e+02 8.032118988037109375e+01 9.127442932128906250e+01
8.109366989135824610e+01 1.434669494628914492e+02 7.749234771728515625e+01 8.474392700195312500e+01
7.839304351806723048e+01 1.386862335205086367e+02 8.019337463378906250e+01 9.390737915039062500e+01
8.015127944946371485e+01 1.410367546081551211e+02 7.956642913818359375e+01 8.859696197509765625e+01
8.146051025390707423e+01 1.409856376647957461e+02 8.015560913085937500e+01 9.087989044189453125e+01
7.670638275146566798e+01 1.431302909851082461e+02 7.998493957519531250e+01 9.083917999267578125e+01
8.426007843017660548e+01 1.438861618042000430e+02 7.207655334472656250e+01 8.195298767089843750e+01
7.505699920654379298e+01 1.334908180236824649e+02 9.279417419433593750e+01 9.567415618896484375e+01
8.667201614379968078e+01 1.412425689697274152e+02 8.450847625732421875e+01 8.674871826171875000e+01
8.355230331420983703e+01 1.310229606628426495e+02 8.646570587158203125e+01 1.021099319458007812e+02
8.010295867920007140e+01 1.401479225158699933e+02 8.410935974121093750e+01 9.169179534912109375e+01
7.925780105590905578e+01 1.352225532531746808e+02 8.111626434326171875e+01 9.813484954833984375e+01
8.034095001220788390e+01 1.411588935852059308e+02 7.757487487792968750e+01 8.940212249755859375e+01
7.887508010864343078e+01 1.353672218322762433e+02 7.582634735107421875e+01 1.002638168334960938e+02
7.922470092773522765e+01 1.327005615234383527e+02 9.668984985351562500e+01 1.043693847656250000e+02
8.346697616577233703e+01 1.366967544555672589e+02 9.521100616455078125e+01 8.759858703613281250e+01
8.104529571533288390e+01 1.330965309143074933e+02 1.145995025634765625e+02 9.761882781982421875e+01
8.272267532348718078e+01 1.421587982177742902e+02 8.095040130615234375e+01 8.379922485351562500e+01
8.059465789795007140e+01 1.435577774047860089e+02 7.971736145019531250e+01 8.945115661621093750e+01
7.633681869506921203e+01 1.320852813720711652e+02 1.007570571899414062e+02 1.027303771972656250e+02
8.254110336303796203e+01 1.353231124877938214e+02 1.202881240844726562e+02 9.104435729980468750e+01
9.055418395996179015e+01 1.359269981384285870e+02 9.391143798828125000e+01 9.009055328369140625e+01
8.203413391113366515e+01 1.327965965271004620e+02 9.948760986328125000e+01 1.003664627075195312e+02
8.096120834350671203e+01 1.351406135559090558e+02 9.877075958251953125e+01 9.149681854248046875e+01
7.992106628418054015e+01 1.303625068664559308e+02 1.184313659667968750e+02 9.819054412841796875e+01
8.204013061523522765e+01 1.307304229736336652e+02 1.116549682617187500e+02 1.005998535156250000e+02
8.301674652099694640e+01 1.351462783813485089e+02 9.849073791503906250e+01 9.187849426269531250e+01
8.072116851806725890e+01 1.366222801208504620e+02 1.095907135009765625e+02 9.352213287353515625e+01
8.482223129272546203e+01 1.349399757385262433e+02 7.554102325439453125e+01 9.284368133544921875e+01
8.371689987182702453e+01 1.412301635742196027e+02 8.010797882080078125e+01 8.617611694335937500e+01
8.672623443603600890e+01 1.440272140502938214e+02 7.554719543457031250e+01 8.955226135253906250e+01
8.204830932617272765e+01 1.423380012512215558e+02 8.535675048828125000e+01 9.387651824951171875e+01
8.102542495727624328e+01 1.400934410095223370e+02 9.178060150146484375e+01 8.910385894775390625e+01
8.153409576416100890e+01 1.372880783081063214e+02 1.012913360595703125e+02 9.701658630371093750e+01
8.429369735717858703e+01 1.346444664001473370e+02 8.581656646728515625e+01 9.143173980712890625e+01
8.146569442749108703e+01 1.349358940124520245e+02 1.020715713500976562e+02 9.667301177978515625e+01
8.868881225586019923e+01 1.335012245178230899e+02 7.974880981445312500e+01 9.142006683349609375e+01
8.133245086670004298e+01 1.366690292358406680e+02 1.188368377685546875e+02 9.242430114746093750e+01
8.480616378784262110e+01 1.390423660278328555e+02 9.946723175048828125e+01 8.974983215332031250e+01
8.426314926147543360e+01 1.351659278869637149e+02 7.303394317626953125e+01 9.355132293701171875e+01
8.504715728759848048e+01 1.403507499694832461e+02 7.766944885253906250e+01 8.804450225830078125e+01
8.273942184448324610e+01 1.393463401794441836e+02 8.837354278564453125e+01 9.410971832275390625e+01
7.706735610961996485e+01 1.358514099121101992e+02 1.092285079956054688e+02 1.010335388183593750e+02
8.373005294799887110e+01 1.408192443847664492e+02 7.155603790283203125e+01 8.711874389648437500e+01
8.107981109619223048e+01 1.330820808410652774e+02 1.141564788818359375e+02 9.486605072021484375e+01
8.078488540649496485e+01 1.349308052062996524e+02 8.037322235107421875e+01 9.879274749755859375e+01
8.737511825561605860e+01 1.450213127136238711e+02 7.489304351806640625e+01 8.812168121337890625e+01
7.982220840454183985e+01 1.438004264831551211e+02 8.175963592529296875e+01 9.367444610595703125e+01
8.233548355102621485e+01 1.415249366760262149e+02 7.068450164794921875e+01 8.247985076904296875e+01
8.226985168457113673e+01 1.413085899353035586e+02 7.039810180664062500e+01 8.726828765869140625e+01
8.006074905395590235e+01 1.379340248107918399e+02 7.359813690185546875e+01 9.076415252685546875e+01
8.404587173461996485e+01 1.426340408325203555e+02 6.559413909912109375e+01 8.434733581542968750e+01
8.453753280639730860e+01 1.421117362976082461e+02 7.183014678955078125e+01 8.150040435791015625e+01
8.372075271606524893e+01 1.372076644897468896e+02 9.584139251708984375e+01 9.079725646972656250e+01
8.002398300170978018e+01 1.360992012023933739e+02 1.158529434204101562e+02 9.398769378662109375e+01
8.266778182983478018e+01 1.361339454650886864e+02 9.349881744384765625e+01 9.414910125732421875e+01
8.069480514526446768e+01 1.353285598754890771e+02 1.014449844360351562e+02 9.974394226074218750e+01
8.218774414062579581e+01 1.371631965637214989e+02 1.013505859375000000e+02 9.061016082763671875e+01
8.130387878418048331e+01 1.336253051757820458e+02 1.082554931640625000e+02 9.881832885742187500e+01
8.206394195556720206e+01 1.370188179016121239e+02 1.056797637939453125e+02 9.331597137451171875e+01
8.140196990966873614e+01 1.365933303833015486e+02 1.123853912353515625e+02 9.367805480957031250e+01
8.236104202270584551e+01 1.380176544189460799e+02 8.417250823974609375e+01 9.141363525390625000e+01
8.083396530151443926e+01 1.398613471984870955e+02 8.554413604736328125e+01 9.863512420654296875e+01
8.234958648681717364e+01 1.391651992797859236e+02 1.062732086181640625e+02 9.408155822753906250e+01
8.475604248046951739e+01 1.370768508911140486e+02 7.561676025390625000e+01 9.267042541503906250e+01
8.307055282592850176e+01 1.448003005981452986e+02 8.129264068603515625e+01 8.342277526855468750e+01
7.919859313964920489e+01 1.401818923950202986e+02 7.882327270507812500e+01 9.798561096191406250e+01
8.433654785156326739e+01 1.425194778442390486e+02 7.452996826171875000e+01 8.632221984863281250e+01
8.197071456909256426e+01 1.425687255859382674e+02 6.781800079345703125e+01 8.621893310546875000e+01
8.601913833618237959e+01 1.342320785522468327e+02 7.694634246826171875e+01 9.353111267089843750e+01
8.336017227172925459e+01 1.431002388000495671e+02 7.990032196044921875e+01 8.292180633544921875e+01
8.271264266967847334e+01 1.408990249633796452e+02 6.965814971923828125e+01 8.748991394042968750e+01
8.274945068359448896e+01 1.441460380554206608e+02 6.572961425781250000e+01 8.378235626220703125e+01
8.457462692260816084e+01 1.335922889709480046e+02 7.095523834228515625e+01 9.491780853271484375e+01
8.301296234130933271e+01 1.396369323730476140e+02 1.141597442626953125e+02 8.679934692382812500e+01
8.589357376098706709e+01 1.398623046875007390e+02 6.923217010498046875e+01 9.241784667968750000e+01
8.182208251953198896e+01 1.376112594604499577e+02 7.248461914062500000e+01 9.347566223144531250e+01
8.203804016113355146e+01 1.402398643493659733e+02 1.146799011230468750e+02 9.231427764892578125e+01
8.802340698242261396e+01 1.351952552795417546e+02 6.869549560546875000e+01 9.792110443115234375e+01
8.184555816650464521e+01 1.375086288452155827e+02 7.374028015136718750e+01 9.431483459472656250e+01
8.193042373657300459e+01 1.407018127441413640e+02 1.124027328491210938e+02 9.562332153320312500e+01
8.480309867858960615e+01 1.392188835144050358e+02 6.260431289672851562e+01 9.464966583251953125e+01
