2.040000000000000000e+02 7.300000000000000000e+01 3.400000000000000000e+01 4.200000000000000000e+01
2.026406135559082031e+02 7.519272804260253906e+01 3.430796051025390625e+01 3.940700912475585938e+01
2.013082294464111328e+02 7.573024559020996094e+01 3.433004379272460938e+01 3.932107925415039062e+01
2.014288063049316406e+02 7.601000022888183594e+01 3.456029510498046875e+01 3.939574050903320312e+01
2.010219612121582031e+02 7.562739181518554688e+01 3.444734954833984375e+01 3.948505401611328125e+01
2.004640617370605469e+02 7.539271926879882812e+01 3.467815399169921875e+01 3.957439422607421875e+01
2.005382442474365234e+02 7.671410369873046875e+01 3.485161209106445312e+01 3.968041992187500000e+01
2.007673568725585938e+02 7.877756309509277344e+01 3.502410888671875000e+01 4.047208023071289062e+01
2.014693813323974609e+02 8.381605148315429688e+01 3.502347183227539062e+01 4.008806610107421875e+01
2.017402343750000000e+02 8.857590675354002485e+01 3.550852966308593750e+01 4.050712203979493609e+01
2.024406719207763672e+02 9.171990585327148438e+01 3.554516983032226562e+01 4.027851104736328125e+01
2.028478717803955078e+02 9.065683937072753906e+01 3.569205856323242188e+01 3.999433517456054688e+01
2.041845951080322266e+02 8.512320709228515625e+01 3.507253646850585938e+01 4.086782836914062500e+01
2.049599227905273438e+02 7.619039535522460938e+01 3.504002380371093750e+01 4.115108489990234375e+01
2.072869701385498047e+02 6.926860427856445312e+01 3.452690505981445312e+01 4.088550567626953125e+01
2.077077922821044922e+02 6.495249557495115766e+01 3.457229995727539062e+01 3.974129486083984375e+01
2.096981410980224609e+02 6.270796775817869673e+01 3.455585098266601562e+01 3.948550796508789062e+01
2.120607948303222656e+02 6.331125068664549360e+01 3.426959991455078125e+01 3.903542709350585938e+01
2.131866912841796875e+02 6.648531723022459516e+01 3.428430175781250000e+01 3.944504547119140625e+01
2.158179664611816406e+02 7.173770904541014204e+01 3.447702789306640625e+01 4.015554809570312500e+01
2.167255821228027344e+02 7.999339103698730469e+01 3.535564422607421875e+01 3.939657974243164062e+01
2.189725475311279297e+02 8.583762931823731890e+01 3.597856521606445312e+01 3.876001358032226562e+01
2.219501972198486328e+02 8.660828971862795811e+01 3.630996322631835938e+01 3.919360733032226562e+01
2.250577754974365234e+02 8.379353713989260655e+01 3.551506423950195312e+01 3.897765350341796875e+01
2.283727760314941406e+02 7.723705482482914420e+01 3.762345123291015625e+01 4.164493942260742188e+01
2.315359325408935547e+02 7.104122161865238638e+01 3.821043777465820312e+01 4.108282470703125000e+01
2.369323902130126953e+02 6.690522956848148795e+01 3.656884384155273438e+01 4.053432846069335938e+01
2.395687866210937500e+02 6.576915931701664420e+01 3.674186706542968750e+01 3.882635116577148438e+01
2.417488422393798828e+02 6.652092361450199576e+01 3.770862960815429688e+01 4.003049468994140625e+01
2.442571125030517578e+02 7.060631561279301138e+01 3.712659835815429688e+01 4.101864624023437500e+01
2.457780761718750000e+02 7.628460311889652701e+01 3.691366577148437500e+01 4.287471771240234375e+01
2.465427227020263672e+02 8.327022933959965201e+01 3.737349319458007812e+01 4.146778106689453125e+01
2.448096637725830078e+02 8.623741531372074576e+01 3.723369979858398438e+01 3.826543426513671875e+01
2.435741653442382812e+02 8.467494392395023795e+01 3.762550354003906250e+01 3.831092453002929688e+01
2.391854209899902344e+02 7.742113304138187857e+01 3.796202850341796875e+01 4.066009902954101562e+01
2.335710506439208984e+02 7.161680603027348013e+01 3.775099563598632812e+01 3.885575866699218750e+01
2.285438766479492188e+02 6.721547698974613638e+01 3.667027282714843750e+01 3.805484008789062500e+01
2.214133358001708984e+02 6.506833648681646309e+01 3.556917190551757812e+01 3.823814392089843750e+01
2.140275993347167969e+02 6.514515495300298653e+01 3.583998870849609375e+01 3.926158523559570312e+01
2.072154235839843750e+02 6.859099769592289420e+01 3.681558227539062500e+01 3.947864913940429688e+01
1.993288249969482422e+02 7.297752761840824576e+01 3.851489639282226562e+01 4.102503204345703125e+01
1.921107616424560547e+02 7.994833564758305045e+01 3.999811172485351562e+01 4.134037399291992188e+01
1.848638534545898438e+02 8.454832267761234732e+01 4.046516418457031250e+01 4.170448684692382812e+01
1.760428524017333984e+02 8.471435165405277701e+01 4.083436965942382812e+01 4.267427825927734375e+01
1.690041484832763672e+02 8.155962753295902701e+01 4.048297500610351562e+01 4.219126129150390625e+01
1.627312202453613281e+02 7.820490646362308951e+01 4.057167816162109375e+01 4.144049835205078125e+01
1.585274753570556641e+02 7.507384300231937857e+01 4.128309249877929688e+01 4.132403945922851562e+01
1.549507446289062500e+02 7.420967292785648795e+01 4.115393066406250000e+01 4.171412277221679688e+01
1.517193470001220703e+02 7.560409736633305045e+01 4.048112106323242188e+01 4.149792098999023438e+01
1.505963668823242188e+02 7.915459060668949576e+01 4.093428039550781250e+01 4.193561553955078125e+01
1.479058647155761719e+02 8.413017082214359732e+01 4.056676483154296875e+01 4.215004348754882812e+01
1.461813640594482422e+02 8.727527618408207388e+01 4.073950576782226562e+01 4.230331420898438921e+01
1.466691036224365234e+02 8.662224578857427559e+01 3.976005935668945312e+01 4.246130371093750000e+01
1.474820632934570312e+02 7.960181427001958809e+01 4.012104797363281250e+01 4.155044555664062500e+01
1.513466491699218750e+02 7.326774787902837716e+01 3.962921142578125000e+01 3.960523605346679688e+01
1.555815753936767578e+02 6.678301239013677559e+01 3.856650924682617188e+01 3.968925476074218750e+01
1.611352100372314453e+02 6.308885574340825997e+01 3.712540817260742188e+01 3.938883209228515625e+01
1.680191993713378906e+02 6.256501007080083809e+01 3.551842498779296875e+01 3.851898193359375000e+01
1.755946254730224609e+02 6.443037414550786934e+01 3.536021804809570312e+01 3.857676696777343750e+01
1.827577056884765625e+02 6.976910209655767403e+01 3.618354797363281250e+01 3.865542984008789062e+01
1.898446674346923828e+02 7.676850318908698512e+01 3.782503890991210938e+01 4.038218307495117188e+01
1.960849609375000000e+02 8.400548362731940699e+01 3.716384887695312500e+01 3.919682693481445312e+01
2.021229896545410156e+02 8.403884124755866480e+01 3.795484161376953125e+01 4.122964477539062500e+01
2.077432289123535156e+02 7.730493927001960230e+01 3.900287628173828125e+01 4.284742736816406250e+01
2.136488513946533203e+02 6.989499855041511012e+01 3.921348190307617188e+01 4.198910140991210938e+01
2.188116989135742188e+02 6.363297653198249293e+01 3.805287170410156250e+01 4.298876190185546875e+01
2.226783752441406250e+02 5.915770149230964137e+01 3.821237182617187500e+01 4.214818954467773438e+01
2.267493801116943359e+02 5.949912452697761012e+01 3.820616531372070312e+01 3.901713180541992188e+01
2.294680080413818359e+02 6.048961830139167262e+01 3.911381912231445312e+01 4.113120651245117188e+01
2.336999473571777344e+02 6.528197860717780543e+01 3.675511932373046875e+01 4.084281158447265625e+01
2.366318225860595703e+02 7.178613853454596949e+01 3.775593185424804688e+01 4.241864395141601562e+01
2.388777523040771484e+02 7.854251861572272730e+01 3.714380264282226562e+01 4.130761718750000000e+01
2.385654983520507812e+02 7.997796058654792262e+01 3.746136474609375000e+01 3.963782882690429688e+01
2.378552169799804688e+02 7.541679573059089137e+01 3.691824340820312500e+01 4.096723556518554688e+01
2.343224201202392578e+02 6.789900779724128199e+01 3.750954818725585938e+01 4.186623001098632812e+01
2.294338703155517578e+02 6.082361984252936793e+01 3.820421981811523438e+01 4.054450225830078125e+01
2.262644405364990234e+02 5.674382591247565699e+01 3.619253921508789062e+01 3.958020401000976562e+01
2.213433761596679688e+02 5.519319534301764918e+01 3.691146850585937500e+01 3.953998565673828125e+01
2.154757194519042969e+02 5.638041114807136012e+01 3.671382904052734375e+01 4.086086654663085938e+01
2.085948963165283203e+02 6.086141204833991480e+01 3.858265304565429688e+01 4.128242492675781250e+01
1.997420787811279297e+02 6.749193382263190699e+01 3.935913467407226562e+01 4.262469863891601562e+01
1.900850391387939453e+02 7.437371444702155543e+01 4.025843429565429688e+01 4.356002044677734375e+01
1.803862533569335938e+02 7.770233345031745387e+01 4.086077880859375000e+01 4.165345382690429688e+01
1.713055038452148438e+02 7.459880638122565699e+01 4.094245910644531250e+01 4.155662918090820312e+01
1.631997165679931641e+02 6.870997047424323512e+01 4.193384933471679688e+01 4.231863021850585938e+01
1.572347183227539062e+02 6.829066085815436793e+01 4.039125061035156250e+01 4.066767120361328125e+01
1.520876064300537109e+02 6.641384124755866480e+01 4.081216812133789062e+01 4.132249450683593750e+01
1.479578170776367188e+02 6.806416130065925074e+01 4.135563659667968750e+01 4.083368301391601562e+01
1.418440532684326172e+02 7.308710479736335230e+01 4.172951126098632812e+01 4.305249023437500000e+01
1.357825984954833984e+02 7.757779884338386012e+01 4.368658828735351562e+01 4.515067672729492188e+01
1.301179580688476562e+02 8.336813354492194605e+01 4.500274658203125000e+01 4.712019348144529829e+01
1.285560188293457031e+02 8.941230201721198512e+01 4.280936431884765625e+01 4.350440597534178266e+01
1.258290672302246094e+02 8.526573371887212716e+01 4.374607086181640625e+01 4.453030014038085938e+01
1.283119945526123047e+02 7.794740867614751778e+01 4.259344863891601562e+01 4.250041580200195312e+01
1.333959140777587891e+02 6.874502944946294747e+01 4.180556869506835938e+01 4.232758331298828125e+01
1.409106502532958984e+02 6.037157440185552559e+01 4.023476028442382812e+01 4.257781982421875000e+01
1.495459728240966797e+02 5.548420333862310372e+01 3.914871597290039062e+01 4.044557952880859375e+01
1.615729808807373047e+02 5.440185928344732247e+01 3.746419143676757812e+01 3.875885772705078125e+01
1.720922603607177734e+02 5.549781608581548653e+01 3.822073745727539062e+01 4.112474441528320312e+01
1.833405342102050781e+02 6.040104293823247872e+01 3.822504425048828125e+01 4.276862335205078125e+01
1.929156589508056641e+02 7.128153419494634591e+01 4.000265121459960938e+01 4.406792831420898438e+01
1.973097076416015625e+02 7.935108757019048653e+01 4.128460693359375000e+01 4.300192642211914062e+01
2.014572868347167969e+02 7.995038032531743966e+01 4.040143585205078125e+01 4.318973922729492188e+01
2.032635917663574219e+02 7.382753753662115059e+01 3.990441131591796875e+01 4.466734313964843750e+01
2.038115730285644531e+02 6.601302528381353341e+01 3.839525604248046875e+01 4.164059066772460938e+01
1.989809303283691406e+02 5.987285804748540841e+01 3.953765106201171875e+01 4.235035324096679688e+01
1.957632522583007812e+02 5.745961380004888497e+01 3.754031372070312500e+01 4.067043304443359375e+01
1.898051300048828125e+02 5.823516464233404122e+01 3.661491394042968750e+01 3.958594512939453125e+01
1.845528430938720703e+02 6.143201446533208809e+01 3.657566452026367188e+01 4.230215454101562500e+01
1.782313156127929688e+02 6.972999382019048653e+01 3.880032348632812500e+01 4.309881973266601562e+01
1.720424556732177734e+02 7.811804580688482247e+01 4.045357131958007812e+01 4.524544525146484375e+01
1.662738323211669922e+02 8.540303421020513497e+01 4.220599746704101562e+01 4.371669769287109375e+01
1.629856300354003906e+02 8.615589714050298653e+01 4.186783599853515625e+01 4.294064712524414062e+01
1.632981224060058594e+02 8.157294082641607247e+01 3.995189666748046875e+01 4.275937652587890625e+01
1.650106163024902344e+02 7.384335708618169747e+01 3.944611358642578125e+01 4.180141448974609375e+01
1.696964149475097656e+02 6.586159515380865059e+01 3.832091522216796875e+01 4.095372009277343750e+01
1.770423297882080078e+02 6.298749160766607247e+01 3.668900680541992188e+01 3.959957122802734375e+01
1.842083549499511719e+02 6.302048683166509591e+01 3.679035186767578125e+01 3.943920516967773438e+01
1.922986583709716797e+02 6.581421661376958809e+01 3.714949417114257812e+01 4.134695434570312500e+01
1.985247650146484375e+02 7.305620956420904122e+01 3.913385009765625000e+01 4.342186737060546875e+01
2.031544971466064453e+02 8.394647407531743966e+01 3.822800827026367188e+01 4.104526901245117188e+01
2.058997840881347656e+02 9.129182815551763497e+01 3.828795623779296875e+01 4.251010894775390625e+01
2.068472213745117188e+02 9.504460144042974434e+01 3.806295776367187500e+01 4.127598571777343750e+01
2.064571361541748047e+02 9.599600028991704903e+01 3.816905593872070312e+01 4.045830154418945312e+01
2.041017360687255859e+02 9.111425018310552559e+01 3.800828933715820312e+01 4.071064758300781250e+01
1.998624362945556641e+02 8.419063949584966622e+01 3.710979843139648438e+01 4.130109405517578125e+01
1.958348159790039062e+02 7.391277122497564278e+01 3.547003173828125000e+01 4.139612197875976562e+01
1.872881107330322266e+02 6.417848205566411934e+01 3.651955795288085938e+01 4.027426147460937500e+01
1.802498741149902344e+02 5.815299606323247872e+01 3.665209197998046875e+01 3.901081085205078125e+01
1.747746601104736328e+02 5.502587318420415841e+01 3.708837509155273438e+01 3.697048568725585938e+01
1.705908336639404297e+02 5.474552345275884591e+01 3.845125198364257812e+01 3.875939559936523438e+01
1.677914390563964844e+02 5.763994026184087716e+01 3.777446746826171875e+01 4.008907699584960938e+01
1.671199741363525391e+02 6.283300781250005684e+01 3.677560043334960938e+01 4.061465454101562500e+01
1.658587360382080078e+02 7.020407676696783028e+01 3.613058090209960938e+01 4.058708572387695312e+01
1.667438488006591797e+02 7.848329925537115059e+01 3.754103469848632812e+01 4.262446594238281250e+01
1.681832542419433594e+02 8.926518249511724434e+01 3.717568206787109375e+01 4.221371459960937500e+01
1.722173175811767578e+02 9.957256317138677559e+01 3.600095748901367188e+01 4.053929138183593750e+01
1.761404876708984375e+02 1.096471366882324787e+02 3.532469177246093750e+01 4.014255523681640625e+01
1.810048522949218750e+02 1.128492431640625568e+02 3.428370666503906250e+01 3.846392822265625000e+01
1.857903900146484375e+02 1.084889278411865803e+02 3.404425048828125000e+01 4.130038833618164062e+01
1.901235504150390625e+02 1.005902099609375426e+02 3.433309936523437500e+01 4.175787353515626421e+01
1.962442741394042969e+02 9.183285903930669747e+01 3.587255096435546875e+01 4.188169097900390625e+01
2.022813301086425781e+02 8.297458839416509591e+01 3.742720794677734375e+01 4.218653488159179688e+01
2.091335601806640625e+02 7.819785690307622872e+01 3.846955871582031250e+01 4.094466400146484375e+01
2.143281002044677734e+02 7.859005165100103341e+01 3.855908584594726562e+01 3.971648788452148438e+01
2.190300273895263672e+02 8.038495063781743966e+01 3.829671096801757812e+01 4.120797348022460938e+01
2.231519412994384766e+02 8.478009223937993966e+01 3.832523727416992188e+01 4.076162338256835938e+01
2.256218833923339844e+02 8.791655731201177559e+01 3.791400909423828125e+01 4.137216186523437500e+01
2.252625198364257812e+02 8.892204856872564278e+01 3.778216552734375000e+01 4.058995437622070312e+01
2.209708919525146484e+02 8.591611862182622872e+01 3.748492813110351562e+01 3.885221099853515625e+01
2.159291229248046875e+02 7.807177543640142403e+01 3.834342956542968750e+01 4.012765884399414062e+01
2.082639999389648438e+02 7.118459510803228341e+01 3.817619323730468750e+01 3.967214584350585938e+01
2.020045814514160156e+02 6.797810935974126778e+01 3.578035736083984375e+01 3.822220230102539062e+01
1.939642887115478516e+02 6.683404350280767403e+01 3.647672653198242188e+01 3.963740921020507812e+01
1.841467857360839844e+02 7.081057929992681466e+01 3.822875213623046875e+01 3.925553512573242188e+01
1.763831691741943359e+02 7.459242820739751778e+01 4.044887161254882812e+01 4.273440933227539062e+01
1.692517967224121094e+02 8.235187911987310372e+01 4.110956573486328125e+01 4.387180328369140625e+01
1.668066444396972656e+02 9.137556266784673653e+01 4.056932830810546875e+01 4.229719924926757812e+01
1.666424674987792969e+02 9.400718879699712716e+01 4.007958221435546875e+01 4.099534225463867188e+01
1.700686149597167969e+02 9.068071556091314278e+01 3.945206451416015625e+01 4.156320571899414062e+01
1.777218837738037109e+02 8.004630661010747872e+01 4.017366409301757812e+01 4.421640777587890625e+01
1.899358177185058594e+02 7.098746299743658028e+01 3.798894500732421875e+01 4.188675308227539062e+01
2.001513500213623047e+02 6.548476409912115059e+01 3.673167800903320312e+01 4.056033325195312500e+01
2.121841487884521484e+02 6.333436584472661934e+01 3.706264114379882812e+01 3.907891845703125000e+01
2.215634880065917969e+02 6.358062171936040841e+01 3.914853668212890625e+01 4.144309616088867188e+01
2.329538497924804688e+02 6.672456741333013497e+01 4.144844055175781250e+01 4.120298004150390625e+01
2.411517658233642578e+02 7.392080497741704903e+01 4.186339950561523438e+01 4.625609207153320312e+01
2.461657752990722656e+02 8.205122947692876778e+01 4.080027008056640625e+01 4.561702346801757812e+01
2.485905189514160156e+02 8.920595741271978341e+01 4.038025665283203125e+01 4.319010543823242188e+01
2.502193908691406250e+02 8.988015174865728341e+01 3.930598449707031250e+01 4.246812057495117188e+01
2.464434871673583984e+02 8.314708709716802559e+01 3.994057083129882812e+01 4.499375915527343750e+01
2.409865970611572266e+02 7.470931816101079903e+01 4.075028610229492188e+01 4.421779251098632812e+01
2.328638954162597656e+02 6.673097610473638497e+01 4.068799591064453125e+01 4.228995513916015625e+01
2.228569221496582031e+02 6.041468048095708809e+01 3.857419586181640625e+01 4.103164672851562500e+01
2.124491672515869141e+02 5.861966514587408028e+01 3.928240585327148438e+01 4.104324722290039062e+01
2.018191471099853516e+02 5.773458862304693184e+01 4.141791915893554688e+01 4.275260925292968750e+01
1.934286670684814453e+02 6.307408332824712716e+01 4.077830123901367188e+01 4.219761276245117188e+01
1.878943443298339844e+02 7.086231040954595528e+01 4.103018951416015625e+01 4.540938186645507812e+01
1.870304946899414062e+02 7.799268150329595528e+01 3.952241516113281250e+01 4.432698440551757812e+01
1.872384071350097656e+02 8.388289260864263497e+01 3.880843353271484375e+01 4.225865936279296875e+01
1.916089763641357422e+02 8.258634757995611153e+01 3.882953262329101562e+01 4.218034744262695312e+01
1.998107776641845703e+02 7.675046348571783028e+01 3.928382492065429688e+01 4.354257583618164062e+01
2.111788883209228516e+02 6.883890151977544747e+01 3.989654159545898438e+01 4.380809783935546875e+01
2.246736831665039062e+02 6.327242469787603341e+01 3.857775878906250000e+01 4.211051559448242188e+01
2.379075393676757812e+02 6.139951896667486153e+01 4.156095886230468750e+01 4.535838699340820312e+01
2.498814220428466797e+02 6.220330810546880684e+01 4.119649124145507812e+01 4.566613769531250000e+01
2.608884029388427734e+02 6.652936363220220528e+01 4.125352859497070312e+01 4.588080215454101562e+01
2.702583484649658203e+02 7.549765205383306466e+01 4.128693771362304688e+01 4.710857772827148438e+01
2.787145500183105469e+02 8.338504028320318184e+01 3.954752349853515625e+01 4.555143737792968750e+01
2.817383956909179688e+02 8.947448539733892403e+01 3.850321960449218750e+01 4.360304641723632812e+01
2.826992263793945312e+02 9.142140960693365059e+01 3.833082580566406250e+01 4.222508239746093750e+01
2.793822937011718750e+02 8.622365188598638497e+01 3.756457519531250000e+01 4.404367828369140625e+01
2.725432453155517578e+02 7.950401306152349434e+01 4.023397445678710938e+01 4.563087463378906250e+01
2.655102310180664062e+02 7.219933319091802559e+01 3.990806579589843750e+01 4.404389953613281250e+01
2.572750930786132812e+02 6.666569709777837716e+01 3.930627441406250000e+01 4.383721542358398438e+01
2.477102546691894531e+02 6.397302436828618966e+01 3.795092010498046875e+01 4.215552902221679688e+01
2.374199428558349609e+02 6.441715049743658028e+01 3.807706069946289062e+01 4.189607620239257812e+01
2.282291221618652344e+02 6.855214118957525216e+01 3.686006927490234375e+01 4.184669113159179688e+01
2.176329689025878906e+02 7.403845977783208809e+01 3.662957000732421875e+01 4.301330566406250000e+01
2.076156749725341797e+02 8.104281997680669747e+01 3.815730667114257812e+01 4.315717315673828125e+01
1.977816276550292969e+02 8.638312721252447091e+01 3.753006744384765625e+01 4.106075668334960938e+01
1.893980865478515625e+02 8.863631629943853341e+01 3.703944396972656250e+01 4.077047348022460938e+01
1.814004058837890625e+02 8.547993659973150216e+01 3.648493957519531250e+01 4.022217941284179688e+01
1.711976737976074219e+02 8.010854911804204903e+01 3.848928070068359375e+01 4.133903884887695312e+01
1.632766151428222656e+02 7.757728576660161934e+01 3.975554656982421875e+01 4.046366882324218750e+01
1.548569908142089844e+02 7.634150314331060372e+01 4.230629730224609375e+01 4.091400909423828125e+01
1.472620906829833984e+02 7.601953506469732247e+01 4.405383682250976562e+01 4.349147796630859375e+01
1.399350337982177734e+02 7.995301246643072091e+01 4.655031204223632812e+01 4.420876693725585938e+01
1.329736709594726562e+02 8.468699836730962716e+01 4.939744567871093750e+01 4.650008773803710938e+01
1.328834133148193359e+02 9.332538604736333809e+01 4.506599807739257812e+01 4.519210815429687500e+01
1.340279178619384766e+02 9.742717170715337716e+01 4.309420394897460938e+01 4.390682601928710938e+01
1.326012649536132812e+02 9.576104545593267403e+01 4.327789306640625000e+01 4.511845779418945312e+01
1.352295169830322266e+02 8.915146064758306466e+01 4.312055587768554688e+01 4.467071151733398438e+01
1.402527580261230469e+02 8.122015380859380684e+01 4.285143280029296875e+01 4.416967773437500000e+01
1.451482639312744141e+02 7.332527351379400216e+01 4.366793441772460938e+01 4.238579940795898438e+01
1.529829692840576172e+02 6.621765327453618966e+01 4.186302566528320312e+01 4.090893173217773438e+01
1.613850173950195312e+02 6.382802772521978341e+01 3.900416564941406250e+01 4.040774154663085938e+01
1.692559165954589844e+02 6.301012802124029122e+01 3.718109893798828125e+01 3.964562225341796875e+01
1.769073829650878906e+02 6.526655578613286934e+01 3.566194915771484375e+01 4.007244873046875000e+01
1.847078895568847656e+02 7.103685188293462716e+01 3.629352569580078125e+01 3.920067977905273438e+01
1.933367366790771484e+02 7.475957298278814278e+01 3.612785720825195312e+01 3.950195693969726562e+01
1.985893898010253906e+02 7.449666976928716622e+01 3.682175445556640625e+01 4.104364776611328125e+01
2.035159301757812500e+02 6.861107444763189278e+01 3.707093811035156250e+01 4.248382949829101562e+01
2.067190570831298828e+02 6.377173995971685372e+01 3.824642562866210938e+01 4.227941131591796875e+01
2.100054264068603516e+02 6.005933189392095528e+01 3.729320907592773438e+01 4.101266860961914062e+01
2.116881179809570312e+02 5.909696960449224434e+01 3.679776000976562500e+01 3.872581481933593750e+01
2.117303657531738281e+02 6.130376815795904122e+01 3.647084808349609375e+01 3.998960113525390625e+01
2.117194747924804688e+02 6.622652626037603341e+01 3.645410156250000000e+01 3.926029586791992188e+01
2.091812496185302734e+02 6.956783676147466622e+01 3.611766433715820312e+01 3.870792388916015625e+01
2.058063507080078125e+02 6.999019813537604762e+01 3.761164855957031250e+01 3.694326400756835938e+01
2.033000564575195312e+02 6.402226638793953839e+01 3.611502075195312500e+01 3.782350921630859375e+01
1.992792701721191406e+02 5.777244377136238995e+01 3.607131195068359375e+01 3.761728286743164062e+01
1.951888904571533203e+02 5.205479431152352277e+01 3.633547592163085938e+01 3.750563049316406250e+01
1.912919502258300781e+02 4.984842872619637433e+01 3.565642547607421875e+01 3.663947677612304688e+01
1.857929248809814453e+02 4.926601600646981183e+01 3.641846847534179688e+01 3.841051864624023438e+01
1.797848415374755859e+02 5.304479598999030543e+01 3.719104385375976562e+01 3.893712615966796875e+01
1.731894340515136719e+02 5.768643569946296168e+01 3.858213043212890625e+01 4.061699676513671875e+01
1.693581180572509766e+02 6.677638626098639918e+01 3.796796798706054688e+01 4.043743133544921875e+01
1.631846408843994141e+02 7.439275360107428980e+01 3.837630844116210938e+01 4.137530517578125000e+01
1.593857860565185547e+02 7.990822029113776637e+01 3.860945510864257812e+01 4.040233993530273438e+01
1.572660369873046875e+02 8.042541503906257105e+01 3.835923767089843750e+01 4.025918579101562500e+01
1.582660160064697266e+02 7.400786781311042262e+01 3.705236434936523438e+01 3.982001876831054688e+01
1.596236820220947266e+02 6.360824203491218043e+01 3.648482894897460938e+01 4.079795074462890625e+01
1.633411369323730469e+02 5.418217658996589137e+01 3.604882049560546875e+01 3.967100143432617188e+01
1.673937625885009766e+02 4.751233100891120387e+01 3.578170394897460938e+01 4.016254806518554688e+01
1.724346542358398438e+02 4.423198127746589137e+01 3.508531188964843750e+01 3.929044723510742188e+01
1.772692565917968750e+02 4.394030570983893824e+01 3.499848937988281250e+01 3.888151931762695312e+01
1.823549823760986328e+02 4.593201255798346949e+01 3.591744613647460938e+01 4.104707717895507812e+01
1.873876895904541016e+02 5.293432235717780543e+01 3.592817306518554688e+01 4.219962310791015625e+01
1.922872524261474609e+02 6.183331108093268824e+01 3.498678970336914062e+01 4.123416519165039062e+01
1.953851070404052734e+02 7.443872833251960230e+01 3.719838333129882812e+01 4.080381774902343750e+01
2.012291946411132812e+02 8.665168952941901637e+01 3.740847778320312500e+01 4.336553573608397016e+01
2.040390472412109375e+02 9.577592468261724434e+01 3.913531494140625000e+01 4.213677978515625000e+01
2.064100837707519531e+02 9.587362289428716622e+01 3.763254547119140625e+01 4.119493865966796875e+01
2.066187019348144531e+02 9.072164154052740059e+01 3.769368743896484375e+01 4.350219726562500000e+01
2.056243457794189453e+02 7.698393058776861153e+01 3.776226425170898438e+01 4.514856338500976562e+01
2.051745090484619141e+02 6.512701988220220528e+01 3.596067428588867188e+01 4.299150466918945312e+01
2.008643455505371094e+02 5.458781433105474434e+01 3.666800689697265625e+01 4.270997619628906250e+01
1.977314758300781250e+02 4.992580223083501778e+01 3.582505798339843750e+01 3.916962051391601562e+01
1.939345474243164062e+02 4.716100120544437857e+01 3.584648132324218750e+01 3.869122695922851562e+01
1.910290699005126953e+02 4.714286422729497872e+01 3.693424606323242188e+01 4.081337738037109375e+01
1.903493804931640625e+02 5.219474792480474434e+01 3.588374328613281250e+01 4.049414062500000000e+01
1.899347801208496094e+02 5.942857360839849434e+01 3.688129425048828125e+01 4.237411499023437500e+01
1.908540496826171875e+02 6.998947334289556466e+01 3.771018981933593750e+01 4.288773727416992188e+01
1.924390544891357422e+02 8.124737930297857247e+01 3.715689468383789062e+01 4.227521514892578125e+01
1.954166297912597656e+02 8.727840614318853341e+01 3.640590667724609375e+01 4.041071701049804688e+01
1.985470619201660156e+02 8.897975921630865059e+01 3.563637542724609375e+01 4.090444946289062500e+01
2.014495639801025391e+02 8.364708900451665841e+01 3.636156845092773438e+01 4.188523483276367188e+01
2.041868286132812500e+02 7.553386497497564278e+01 3.629763793945312500e+01 4.299345779418945312e+01
2.075191612243652344e+02 6.943736267089849434e+01 3.586112213134765625e+01 4.269798278808593750e+01
2.109491157531738281e+02 6.346869659423833809e+01 3.540724945068359375e+01 4.158958435058593750e+01
2.130209465026855469e+02 5.929055786132818184e+01 3.564781951904296875e+01 4.167781066894531250e+01
2.167863311767578125e+02 5.791776657104497872e+01 3.591735839843750000e+01 4.115531158447265625e+01
2.196761398315429688e+02 6.042518043518072091e+01 3.603102111816406250e+01 4.162272262573242188e+01
2.220884094238281250e+02 6.582001113891607247e+01 3.607164001464843750e+01 4.151363372802734375e+01
2.254122295379638672e+02 7.275148200988775216e+01 3.619652175903320312e+01 4.294329452514648438e+01
2.265825939178466797e+02 7.926307106018072091e+01 3.631589126586914062e+01 4.095641708374023438e+01
2.282334156036376953e+02 8.185887145996099434e+01 3.656338119506835938e+01 4.063967895507812500e+01
2.282309284210205078e+02 7.866971969604497872e+01 3.692982101440429688e+01 4.123497772216796875e+01
