1.560000000000000000e+02 3.800000000000000000e+01 1.700000000000000000e+01 5.000000000000000000e+01
1.563898468017578125e+02 3.694420623779296875e+01 1.619178771972656250e+01 4.973109436035156250e+01
1.578653631210327148e+02 3.580134773254394531e+01 1.597590827941894531e+01 5.136214828491210938e+01
1.577370395660400391e+02 3.763049125671386719e+01 1.581489181518554688e+01 4.985654067993164062e+01
1.583570508956909180e+02 3.669483947753906250e+01 1.642954444885253906e+01 5.035272216796875000e+01
1.580590829849243164e+02 3.706401824951171875e+01 1.655276298522949219e+01 5.009559631347656250e+01
1.594512939453125000e+02 3.679444503784179688e+01 1.716377258300781250e+01 5.085727691650390625e+01
1.597385635375976562e+02 3.744519996643066406e+01 1.754881286621093750e+01 5.017925643920898438e+01
1.602343397140502930e+02 3.758551406860351562e+01 1.784052467346191406e+01 4.934093475341796875e+01
1.606175889968872070e+02 3.763111305236816406e+01 1.781365013122558594e+01 4.872320175170898438e+01
1.624161005020141602e+02 3.781488418579101562e+01 1.691865348815917969e+01 4.901227569580078125e+01
1.631264343261718750e+02 3.793727874755859375e+01 1.774157714843750000e+01 5.063354492187500000e+01
1.635744905471801758e+02 3.830126953125000000e+01 1.819248008728027344e+01 4.817550659179687500e+01
1.645582809448242188e+02 3.735296440124511719e+01 1.878915405273437500e+01 4.921776199340820312e+01
1.649867067337036133e+02 3.853292655944824219e+01 2.030388450622558594e+01 5.029899978637695312e+01
1.658218698501586914e+02 3.739595794677734375e+01 1.959173393249511719e+01 4.865040588378906250e+01
1.689626607894897461e+02 3.765874481201171875e+01 1.766009712219238281e+01 5.014486694335937500e+01
1.710249595642089844e+02 3.752105903625488281e+01 1.667095184326171875e+01 5.057908248901367188e+01
1.725213794708251953e+02 3.715171051025390625e+01 1.648080062866210938e+01 5.006071472167968750e+01
1.736124687194824219e+02 3.648237228393554688e+01 1.785684967041015625e+01 6.044281768798828125e+01
1.745021028518676758e+02 3.701049041748046875e+01 1.717477989196777344e+01 5.108068847656250000e+01
1.762981481552124023e+02 3.700818252563476562e+01 1.635348701477050781e+01 5.271083831787109375e+01
1.776478261947631836e+02 3.585584068298339844e+01 1.785322761535644531e+01 5.622813796997070312e+01
1.789317665100097656e+02 3.741132736206054688e+01 1.779322052001953125e+01 5.519033050537109375e+01
1.801435260772705078e+02 3.664014816284179688e+01 1.822498703002929688e+01 5.412393951416015625e+01
1.802009820938110352e+02 3.875023460388183594e+01 2.004109001159667969e+01 4.763100051879882812e+01
1.799892110824584961e+02 3.875497055053710938e+01 2.080215644836425781e+01 5.008621978759765625e+01
1.841151866912841797e+02 3.884607315063476562e+01 1.923077774047851562e+01 4.848331451416015625e+01
1.812135324478149414e+02 3.846452522277832031e+01 2.331008720397949219e+01 4.884829330444335938e+01
1.819010419845581055e+02 3.705016517639160156e+01 2.553110694885253906e+01 6.020125961303710938e+01
1.879998464584350586e+02 3.431570243835449219e+01 1.966520881652832031e+01 5.330151748657226562e+01
1.884700336456298828e+02 3.871499633789062500e+01 2.078405380249023438e+01 5.213604736328125000e+01
1.932181034088134766e+02 3.898824882507324219e+01 1.760100936889648438e+01 4.912894058227539062e+01
1.952248468399047852e+02 3.764332580566406250e+01 1.672143363952636719e+01 4.986387634277343750e+01
1.977529478073120117e+02 3.886669731140136719e+01 1.752396583557128906e+01 5.161198806762695312e+01
1.994681673049926758e+02 3.790306091308593750e+01 1.722763633728027344e+01 5.204467773437500000e+01
2.011606159210205078e+02 3.861878585815429688e+01 1.719460678100585938e+01 5.255110931396484375e+01
2.020399093627929688e+02 3.906900596618652344e+01 1.768490600585937500e+01 5.492773818969726562e+01
2.031349229812622070e+02 3.884370040893554688e+01 1.805960655212402344e+01 5.266905975341796875e+01
2.053003311157226562e+02 4.034464836120605469e+01 1.747306823730468750e+01 5.159199905395507812e+01
2.082784519195556641e+02 3.965526771545410156e+01 1.608163070678710938e+01 5.030215072631835938e+01
2.097257976531982422e+02 4.106375312805175781e+01 1.950903701782226562e+01 5.155910873413085938e+01
2.120989418029785156e+02 3.995012474060058594e+01 1.739527130126953125e+01 5.191234207153320312e+01
2.128268709182739258e+02 4.088160133361816406e+01 1.963510704040527344e+01 5.099909591674804688e+01
2.165393915176391602e+02 3.915516853332519531e+01 1.749168205261230469e+01 4.923493576049804688e+01
2.179755821228027344e+02 4.031871986389160156e+01 1.798154449462890625e+01 4.903286361694335938e+01
2.208507919311523438e+02 3.963140106201171875e+01 1.870776367187500000e+01 5.074104309082031250e+01
2.222031250000000000e+02 3.936838531494140625e+01 1.792256164550781250e+01 4.843289184570312500e+01
2.244020881652832031e+02 4.060651779174804688e+01 1.724802398681640625e+01 4.801256561279296875e+01
2.260620431900024414e+02 4.008987426757812500e+01 1.972900199890136719e+01 5.036891174316406250e+01
2.276726779937744141e+02 4.170546150207519531e+01 1.898426437377929688e+01 4.864977645874023438e+01
2.291737527847290039e+02 4.143038368225097656e+01 2.237841606140136719e+01 4.893708419799804688e+01
2.296128931045532227e+02 4.119240570068359375e+01 2.438450431823730469e+01 4.831246948242187500e+01
2.310853300094604492e+02 4.201280403137207031e+01 2.358988380432128906e+01 4.769776535034179688e+01
2.333019371032714844e+02 4.187992477416992188e+01 2.081154632568359375e+01 4.759305572509765625e+01
2.359052114486694336e+02 4.135478973388671875e+01 2.046011543273925781e+01 4.661422729492187500e+01
2.380289306640625000e+02 4.214628601074218750e+01 2.036625671386718750e+01 4.698765563964843750e+01
2.406054525375366211e+02 4.383740425109863281e+01 1.941383552551269531e+01 4.383361434936523438e+01
2.428679399490356445e+02 4.141943931579589844e+01 2.065601158142089844e+01 4.682822036743164062e+01
2.442695159912109375e+02 4.228968048095703125e+01 1.911262512207031250e+01 4.442504882812500000e+01
2.459821500778198242e+02 4.087642478942871094e+01 2.002060890197753906e+01 4.630473709106445312e+01
2.493039064407348633e+02 3.883772087097167969e+01 1.978267478942871094e+01 5.032789993286132812e+01
2.473362884521484375e+02 4.104983329772949219e+01 1.928636169433593750e+01 4.732721328735351562e+01
2.484601621627807617e+02 4.385643005371093750e+01 2.070031166076660156e+01 4.450019836425781250e+01
2.520005378723144531e+02 4.315140151977539062e+01 1.979889678955078125e+01 4.653928375244140625e+01
2.535320663452148438e+02 4.405511093139648438e+01 1.913217163085937500e+01 4.634072113037109375e+01
2.557045183181762695e+02 4.426856994628906250e+01 2.062549400329589844e+01 4.527256774902343750e+01
2.574775419235229492e+02 4.427032089233398438e+01 1.895618629455566406e+01 4.494992828369140625e+01
2.611263961791992188e+02 4.318070411682128906e+01 2.088473510742187500e+01 4.633121871948242188e+01
2.640101919174194336e+02 4.345656204223632812e+01 1.796066474914550781e+01 4.238625335693359375e+01
2.658644075393676758e+02 4.288445663452148438e+01 1.951840782165527344e+01 4.586290740966796875e+01
2.670364618301391602e+02 4.179619979858398438e+01 1.686866569519042969e+01 4.467803192138671875e+01
2.704058427810668945e+02 4.185601806640625000e+01 1.861760520935058594e+01 4.605697631835937500e+01
2.712004327774047852e+02 4.191005325317382812e+01 1.822263908386230469e+01 4.841410064697265625e+01
2.727009925842285156e+02 4.120718765258789062e+01 1.876572418212890625e+01 4.750353240966796875e+01
2.745142269134521484e+02 4.166952323913574219e+01 1.890776443481445312e+01 4.623199844360351562e+01
2.764649620056152344e+02 4.253292655944824219e+01 1.838451385498046875e+01 4.654671096801757812e+01
2.781214828491210938e+02 4.345630264282226562e+01 1.814251708984375000e+01 4.656262969970703125e+01
2.802598209381103516e+02 4.322665786743164062e+01 1.765325546264648438e+01 4.571665191650390625e+01
2.819966955184936523e+02 4.338859939575195312e+01 1.681189155578613281e+01 4.839524078369140625e+01
2.842325296401977539e+02 4.426997375488281250e+01 1.728144645690917969e+01 4.820394897460937500e+01
2.865608119964599609e+02 4.426995468139648438e+01 1.778116226196289062e+01 4.800038909912109375e+01
2.877926883697509766e+02 4.320551490783691406e+01 1.613076400756835938e+01 4.918307113647460938e+01
2.887415304183959961e+02 4.367056083679199219e+01 1.702188301086425781e+01 4.978747940063476562e+01
2.905664806365966797e+02 4.250735855102539062e+01 1.683841323852539062e+01 4.974216461181640625e+01
2.922033853530883789e+02 4.289193344116210938e+01 1.809007072448730469e+01 4.795323944091796875e+01
2.937086896896362305e+02 4.272350502014160156e+01 1.756525611877441406e+01 4.917203903198242188e+01
2.952220201492309570e+02 4.279774475097656250e+01 1.776573753356933594e+01 4.836198425292968750e+01
2.959255113601684570e+02 4.357038307189941406e+01 1.770770835876464844e+01 4.970417404174804688e+01
2.974912958145141602e+02 4.333802413940429688e+01 2.078022575378417969e+01 4.964223480224609375e+01
2.978064393997192383e+02 4.327516174316406250e+01 2.107866477966308594e+01 4.900709533691406250e+01
2.997779216766357422e+02 4.506076622009277344e+01 1.967454910278320312e+01 4.712329483032226562e+01
3.021974010467529297e+02 4.493026542663574219e+01 1.912628555297851562e+01 4.744313430786132812e+01
3.017105884552001953e+02 4.512219810485839844e+01 2.165140914916992188e+01 4.735998916625976562e+01
3.055506277084350586e+02 4.492953681945800781e+01 1.870950508117675781e+01 4.763145065307617188e+01
3.077918939590454102e+02 4.458820724487304688e+01 1.787489128112792969e+01 4.736322784423828125e+01
3.097307138442993164e+02 4.491272163391113281e+01 1.696208000183105469e+01 5.140218734741210938e+01
3.085257158279418945e+02 4.246019935607910156e+01 1.964653587341308594e+01 5.044527816772460938e+01
3.107614278793334961e+02 4.259084892272949219e+01 1.985702705383300781e+01 4.910486221313476562e+01
3.134714031219482422e+02 4.352639007568359375e+01 1.874812698364257812e+01 4.798558044433593750e+01
3.154656381607055664e+02 4.336478233337402344e+01 1.700874137878417969e+01 4.959306716918945312e+01
3.173856697082519531e+02 4.422801208496093750e+01 1.642269134521484375e+01 4.896365356445312500e+01
3.179709949493408203e+02 4.307153511047363281e+01 1.665232467651367188e+01 4.856594467163085938e+01
3.190922861099243164e+02 4.458790588378906250e+01 1.657423210144042969e+01 4.734454345703125000e+01
3.202178163528442383e+02 4.299370765686035156e+01 1.832040977478027344e+01 5.083387374877929688e+01
3.217902307510375977e+02 4.375666236877441406e+01 1.805125236511230469e+01 4.890913009643554688e+01
3.235824689865112305e+02 4.419799423217773438e+01 1.771837806701660156e+01 4.875902557373046875e+01
3.235746116638183594e+02 4.454429054260253906e+01 1.806629180908203125e+01 4.972306442260742188e+01
3.237837715148925781e+02 4.620570564270019531e+01 1.782990264892578125e+01 4.703004074096679688e+01
3.279450092315673828e+02 4.453420829772949219e+01 1.644483566284179688e+01 5.112021255493164062e+01
3.273006353378295898e+02 4.663210105895996094e+01 1.806669807434082031e+01 4.615016555786132812e+01
3.274230871200561523e+02 4.662825965881347656e+01 2.001375007629394531e+01 4.726200485229492188e+01
3.304967660903930664e+02 4.628410530090332031e+01 1.762629508972167969e+01 4.744355392456054688e+01
3.314378089904785156e+02 4.611001396179199219e+01 1.691321563720703125e+01 4.684704971313476562e+01
3.327292175292968750e+02 4.618443489074707031e+01 1.738157653808593750e+01 4.758771896362304688e+01
3.338087902069091797e+02 4.547102546691894531e+01 1.642169570922851562e+01 4.683007431030273438e+01
3.340579013824462891e+02 4.625226020812988281e+01 1.708750534057617188e+01 4.675941085815429688e+01
3.348610858917236328e+02 4.627059555053710938e+01 1.729867172241210938e+01 4.528716278076171875e+01
3.355712985992431641e+02 4.462465667724609375e+01 1.745248031616210938e+01 4.847364807128906250e+01
3.364966363906860352e+02 4.603015136718750000e+01 1.790096855163574219e+01 4.688134765625000000e+01
3.373469505310058594e+02 4.616424751281738281e+01 1.811641693115234375e+01 4.685781478881835938e+01
3.383555574417114258e+02 4.603377914428710938e+01 1.782326316833496094e+01 4.647687530517578125e+01
3.388442802429199219e+02 4.656779098510742188e+01 1.791320037841796875e+01 4.749993133544921875e+01
3.390126104354858398e+02 4.728402709960937500e+01 1.761487007141113281e+01 4.619419860839843750e+01
3.400236806869506836e+02 4.751158905029296875e+01 1.859027290344238281e+01 4.553016662597656250e+01
3.411704006195068359e+02 4.795134735107421875e+01 1.840062332153320312e+01 4.559211730957031250e+01
3.418618135452270508e+02 4.870018577575683594e+01 1.973087120056152344e+01 4.532262039184570312e+01
3.411277523040771484e+02 4.965287017822265625e+01 2.107393264770507812e+01 4.442652893066406250e+01
3.435593671798706055e+02 4.893924140930175781e+01 2.029819679260253906e+01 4.492402267456054688e+01
3.453129148483276367e+02 4.958823966979980469e+01 1.992432594299316406e+01 4.355360794067382812e+01
3.487309732437133789e+02 4.936692237854003906e+01 1.779597282409667969e+01 4.344901657104492188e+01
3.484048042297363281e+02 4.922032737731933594e+01 1.907285308837890625e+01 4.344430923461914062e+01
3.500601921081542969e+02 4.913972854614257812e+01 1.846045684814453125e+01 4.395648956298828125e+01
3.524439954757690430e+02 4.865177345275878906e+01 1.768660926818847656e+01 4.229064559936523438e+01
3.515050621032714844e+02 5.027742004394531250e+01 1.945990753173828125e+01 3.948887634277343750e+01
3.539900503158569336e+02 4.918999099731445312e+01 1.827174568176269531e+01 4.056626129150390625e+01
3.546467714309692383e+02 4.877227401733398438e+01 1.904358482360839844e+01 4.334661102294921875e+01
3.561793899536132812e+02 4.949288558959960938e+01 1.873690795898437500e+01 4.404228973388671875e+01
3.559986228942871094e+02 4.998983383178710938e+01 1.898232269287109375e+01 4.109358978271484375e+01
3.574970283508300781e+02 4.913256263732910156e+01 1.891454315185546875e+01 4.043833541870117188e+01
3.580558137893676758e+02 5.293190002441406250e+01 1.882504844665527344e+01 3.761860656738281250e+01
3.602378044128417969e+02 5.344817161560058594e+01 1.770998382568359375e+01 3.491530227661132812e+01
3.549564075469970703e+02 5.463117790222167969e+01 4.230161666870117188e+01 4.128039932250976562e+01
3.599252710342407227e+02 4.974189758300781250e+01 2.270641899108886719e+01 3.549890136718750000e+01
3.478389091491699219e+02 5.594335365295410156e+01 5.678650665283203125e+01 4.607734298706054688e+01
3.612110462188720703e+02 4.878692817687988281e+01 2.343832015991210938e+01 4.476707077026367188e+01
3.922945356369018555e+02 5.345783996582031250e+01 3.000921058654785156e+01 4.287854003906250000e+01
3.945549888610839844e+02 5.852779769897460938e+01 2.892841339111328125e+01 5.300980377197265625e+01
3.619379215240478516e+02 4.751722717285156250e+01 6.069115829467773438e+01 6.423425292968750000e+01
3.267055931091308594e+02 2.674409675598144531e+01 6.955933380126953125e+01 5.254165267944335938e+01
2.496920585632324219e+02 2.662593650817871094e+01 5.453684234619140625e+01 5.295033645629882812e+01
2.418812751770019531e+02 3.286025428771972656e+01 3.847817230224609375e+01 5.515974044799804688e+01
2.537036085128784180e+02 3.779386711120606890e+01 2.497319984436035156e+01 3.063293838500976562e+01
2.579509620666503906e+02 2.511267089843751421e+01 1.970194244384765625e+01 3.321869659423828125e+01
2.592399120330810547e+02 2.341291999816895952e+01 2.072935867309570312e+01 3.439623641967773438e+01
2.539546356201171875e+02 3.524646949768067827e+01 2.855854797363281250e+01 3.103652572631835938e+01
2.585804481506347656e+02 3.710109806060792437e+01 1.975655364990234375e+01 2.807914543151855469e+01
2.562704429626464844e+02 4.029801940917970882e+01 2.181980133056640625e+01 4.713592529296875711e+01
2.537004594802856445e+02 3.852190208435061436e+01 2.692885398864746094e+01 4.441273880004882812e+01
2.557369718551635742e+02 1.551532173156739702e+01 2.606835365295410156e+01 5.050114059448242188e+01
2.540546007156372070e+02 3.703710937500001421e+01 2.428642845153808594e+01 2.401094055175781250e+01
2.582616052627563477e+02 2.371508789062501421e+01 1.892929649353027344e+01 3.527229309082031250e+01
2.586982002258300781e+02 2.285336494445802202e+01 1.986404418945312500e+01 3.605744552612304688e+01
2.462931919097900391e+02 3.770117187500001421e+01 4.083348464965820312e+01 4.192214965820312500e+01
2.565014858245849609e+02 3.428803634643556109e+01 2.070495223999023438e+01 2.548169708251953125e+01
2.587360239028930664e+02 2.604383087158204546e+01 2.079208183288574219e+01 4.006207275390625000e+01
2.466967983245849609e+02 4.234697341918946734e+01 4.101317214965820312e+01 3.981354522705078125e+01
2.544377632141113281e+02 2.766539764404298296e+01 4.162808990478515625e+01 3.777108764648437500e+01
2.542580642700195312e+02 3.300878906250001421e+01 2.653297424316406250e+01 3.065422058105468750e+01
2.553188705444335938e+02 3.001547050476075640e+01 2.660588073730468750e+01 3.408543777465820312e+01
2.578878297805786133e+02 3.349776649475099077e+01 2.331748008728027344e+01 2.711808395385742188e+01
2.531124534606933594e+02 3.931369972229005327e+01 2.829196929931640625e+01 3.032613754272460938e+01
2.558599653244018555e+02 3.506597042083741655e+01 2.405448341369628906e+01 3.103067207336425781e+01
2.595348014831542969e+02 3.028988647460938921e+01 1.995027923583984375e+01 2.786129760742187500e+01
2.582193212509155273e+02 3.680762672424318538e+01 2.020573616027832031e+01 2.536538314819335938e+01
2.570864057540893555e+02 3.866336250305177913e+01 2.015528297424316406e+01 4.275724411010742898e+01
2.515520706176757812e+02 3.300349998474123936e+01 3.367814636230468750e+01 4.295645523071289062e+01
2.562433547973632812e+02 2.529129409790041905e+01 2.150863647460937500e+01 3.359929656982421875e+01
2.595160417556762695e+02 3.272505760192873936e+01 1.821542930603027344e+01 3.295798110961914062e+01
2.584573020935058594e+02 2.832114219665530186e+01 1.889041900634765625e+01 3.650067520141601562e+01
2.589589233398437500e+02 2.531902694702151280e+01 2.499200439453125000e+01 3.463471984863281250e+01
2.569633655548095703e+02 4.343726539611819248e+01 4.124348068237304688e+01 3.562634658813476562e+01
2.527422103881835938e+02 2.092422866821291905e+01 3.004974365234375000e+01 4.441389465332031250e+01
2.486938152313232422e+02 3.085231971740725498e+01 4.333549880981445312e+01 4.973759841918945312e+01
2.562457876205444336e+02 3.024772548675539952e+01 2.291343879699707031e+01 3.035157203674316406e+01
2.582706499099731445e+02 1.897657585144045811e+01 1.909148216247558594e+01 3.881470108032226562e+01
2.580523328781127930e+02 1.101895332336428623e+01 2.174851417541503906e+01 4.779012680053710938e+01
2.563151903152465820e+02 2.786974620819094639e+01 1.755476951599121094e+01 3.048293495178222656e+01
2.552786130905151367e+02 2.820684623718264561e+01 2.375283241271972656e+01 3.830173873901367188e+01
2.554673938751220703e+02 3.080444049835207920e+01 2.172489547729492188e+01 3.115810966491699219e+01
2.583806943893432617e+02 3.049660205841067295e+01 1.933327674865722656e+01 2.891439628601074219e+01
2.581605434417724609e+02 2.904372215270998936e+01 1.816629409790039062e+01 3.943713760375976562e+01
2.587094459533691406e+02 3.183719730377200108e+01 1.851445770263671875e+01 2.590180778503417969e+01
2.584844160079956055e+02 2.282265090942385655e+01 1.918431282043457031e+01 4.140766906738281250e+01
2.557795686721801758e+02 3.082778930664065342e+01 2.412809562683105469e+01 3.099576568603515625e+01
2.551400318145751953e+02 4.035280990600588780e+01 5.011137771606445312e+01 4.269715881347656250e+01
2.418495616912841797e+02 3.684166717529299717e+01 5.758114242553710938e+01 4.266489410400390625e+01
2.554487018585205078e+02 3.773470401763918858e+01 2.100761795043945312e+01 2.604102134704589844e+01
2.531798276901245117e+02 4.264293098449709873e+01 2.855407905578613281e+01 4.323508071899414062e+01
2.495988788604736328e+02 4.144146919250491123e+01 3.261667251586914062e+01 4.547688674926757812e+01
2.485212135314941406e+02 3.831357192993166905e+01 4.517295837402343750e+01 3.590686035156250000e+01
2.524236783981323242e+02 3.222500419616702061e+01 2.870726203918457031e+01 3.331676864624023438e+01
2.567955760955810547e+02 3.352063560485842686e+01 2.261953353881835938e+01 2.882752609252929688e+01
2.586644573211669922e+02 2.299663543701174717e+01 2.007616806030273438e+01 3.356911468505859375e+01
2.481275157928466797e+02 3.867766189575198155e+01 3.342715835571289062e+01 3.896646118164062500e+01
2.543185796737670898e+02 3.771391963958743077e+01 2.637736701965332031e+01 2.920241737365722656e+01
2.560330638885498047e+02 3.938564300537112217e+01 2.984668350219726562e+01 3.349509429931640625e+01
2.569129476547241211e+02 3.891850566864016514e+01 2.640291023254394531e+01 3.080655097961425781e+01
2.552443933486938477e+02 3.285239982604983311e+01 2.254624748229980469e+01 3.287466049194335938e+01
2.578677825927734375e+02 3.235685920715334873e+01 2.025524902343750000e+01 4.431302261352539062e+01
2.567822685241699219e+02 3.366625690460207920e+01 2.383765411376953125e+01 3.060349845886230469e+01
2.572170267105102539e+02 3.755962371826174717e+01 2.230625724792480469e+01 3.048821258544921875e+01
2.563831043243408203e+02 3.716366004943850498e+01 3.233578109741210938e+01 3.532709121704101562e+01
2.564937515258789062e+02 3.962727069854739170e+01 2.146543884277343750e+01 2.570506095886230469e+01
2.585296030044555664e+02 2.339235877990726209e+01 2.000219535827636719e+01 3.561010360717773438e+01
2.589857120513916016e+02 4.067171096801761365e+01 5.585335922241210938e+01 4.527910614013671164e+01
2.351430587768554688e+02 4.073579216003420811e+01 5.970475769042968750e+01 4.266585159301757812e+01
2.553182249069213867e+02 2.298756217956544390e+01 2.749318885803222656e+01 4.024296951293945312e+01
2.564161872863769531e+02 3.495404624938966265e+01 2.552034759521484375e+01 2.762981033325195312e+01
2.542257528305053711e+02 4.271398544311524859e+01 2.605417060852050781e+01 3.403730010986328125e+01
2.584362764358520508e+02 3.300500488281251421e+01 2.552242088317871094e+01 2.865857696533203125e+01
2.573948354721069336e+02 3.353902912139893999e+01 2.530894660949707031e+01 3.036938285827636719e+01
2.581459894180297852e+02 3.512083148956300249e+01 2.081477165222167969e+01 2.259802055358886719e+01
2.585028905868530273e+02 2.464276313781739702e+01 2.011123847961425781e+01 3.601985549926757812e+01
2.573965425491333008e+02 2.393719863891602984e+01 2.017886924743652344e+01 3.489863586425781250e+01
2.581941967010498047e+02 2.831284523010255327e+01 2.024077224731445312e+01 3.099055862426757812e+01
2.574262933731079102e+02 2.824507999420167437e+01 2.016010856628417969e+01 3.132577323913574219e+01
2.545057973861694336e+02 2.805062294006349077e+01 2.442097663879394531e+01 3.485857772827148438e+01
2.568832569122314453e+02 3.093002796173097124e+01 2.345898056030273438e+01 2.906068992614746094e+01
2.581254100799560547e+02 3.561576080322267046e+01 2.294702529907226562e+01 3.450202941894531250e+01
2.572132358551025391e+02 3.732392501831056109e+01 3.574905014038085938e+01 3.631964874267578125e+01
2.457735443115234375e+02 4.004003334045411577e+01 4.949601745605468750e+01 3.407122421264648438e+01
2.448104286193847656e+02 3.355903244018556109e+01 4.930608367919921875e+01 3.612477874755859375e+01
3.536267433166503906e+02 4.738257408142091265e+01 1.820528411865234375e+01 4.626533889770507812e+01
3.531732969284057617e+02 4.771569061279298296e+01 2.012905311584472656e+01 4.416076660156250000e+01
3.539780902862548828e+02 4.716105270385743609e+01 1.682777023315429688e+01 4.612502288818359375e+01
3.533745155334472656e+02 4.884774398803712359e+01 1.612368011474609375e+01 4.377431488037109375e+01
3.519315595626831055e+02 4.885804939270020952e+01 1.710286903381347656e+01 4.284920883178710938e+01
3.533529977798461914e+02 4.899065208435060015e+01 1.488578605651855469e+01 4.209889602661132812e+01
3.500543880462646484e+02 4.781138992309571734e+01 1.622211837768554688e+01 4.138808441162109375e+01
3.503028521537780762e+02 4.743785858154298296e+01 1.472790622711181641e+01 3.651141357421875000e+01
3.487906122207641602e+02 4.697513389587403765e+01 1.682360649108886719e+01 4.310581588745117188e+01
3.498421878814697266e+02 4.684736251831056109e+01 1.476771163940429688e+01 4.319198608398437500e+01
3.485968570709228516e+02 4.690788841247560015e+01 1.448548507690429688e+01 4.300055313110351562e+01
3.475631246566772461e+02 4.639061164855958452e+01 1.536038398742675781e+01 4.335313034057617188e+01
3.460520563125610352e+02 4.470565795898438921e+01 1.721623039245605469e+01 4.364648437500000000e+01
3.469103336334228516e+02 4.455443382263185015e+01 1.466006088256835938e+01 3.509686660766601562e+01
3.456051168441772461e+02 4.368295097351075640e+01 1.599886512756347656e+01 4.611440658569335938e+01
3.446096868515014648e+02 4.511798667907716265e+01 1.643670082092285156e+01 4.592869186401367188e+01
3.448424081802368164e+02 4.488474845886231890e+01 1.561537742614746094e+01 4.659151840209960938e+01
3.439646120071411133e+02 4.451788330078126421e+01 1.642539787292480469e+01 4.541303253173828125e+01
3.433136234283447266e+02 4.426826477050782671e+01 1.649887466430664062e+01 4.248937225341796875e+01
3.414490776062011719e+02 4.471218872070313921e+01 1.813653564453125000e+01 4.707280731201171875e+01
3.410496902465820312e+02 4.512200927734376421e+01 1.782952117919921875e+01 4.809011077880859375e+01
3.387854595184326172e+02 4.476640510559083452e+01 2.043201828002929688e+01 4.816940689086914062e+01
3.368948326110839844e+02 4.570122528076173296e+01 2.062557983398437500e+01 4.753408050537109375e+01
3.368504657745361328e+02 4.337936592102052202e+01 2.028621292114257812e+01 4.979964065551757812e+01
3.357604293823242188e+02 4.402655029296876421e+01 2.189775848388671875e+01 4.844847869873046875e+01
3.349242553710937500e+02 4.425460624694825640e+01 2.240647125244140625e+01 4.896963119506835938e+01
3.355736169815063477e+02 4.543708610534669390e+01 2.130698204040527344e+01 4.672364425659179688e+01
3.338699588775634766e+02 4.564957237243653765e+01 2.206717300415039062e+01 4.745089340209960938e+01
3.321504487991333008e+02 4.550392723083497515e+01 2.301261711120605469e+01 4.844363021850585938e+01
3.305077438354492188e+02 4.511416625976563921e+01 2.147925567626953125e+01 4.827188873291015625e+01
3.297773780822753906e+02 4.497617530822755327e+01 2.022222900390625000e+01 4.839334487915039062e+01
3.297114753723144531e+02 4.434759902954102984e+01 1.978718566894531250e+01 4.711808776855468750e+01
3.282109413146972656e+02 4.409376525878907671e+01 2.101351928710937500e+01 4.981922149658203125e+01
3.259366521835327148e+02 4.353955268859864702e+01 2.377178382873535156e+01 4.917473220825195312e+01
3.257736263275146484e+02 4.286247062683106890e+01 2.225271224975585938e+01 4.962511825561523438e+01
3.252534389495849609e+02 4.398864746093751421e+01 2.115531539916992188e+01 4.885523223876953125e+01
3.239001321792602539e+02 4.421853446960450640e+01 2.047516441345214844e+01 4.831635665893554688e+01
3.229202795028686523e+02 4.414554214477540484e+01 2.107146644592285156e+01 4.865811157226562500e+01
3.212684860229492188e+02 4.360218048095704546e+01 1.964879608154296875e+01 4.902736663818359375e+01
3.207561120986938477e+02 4.389304542541505327e+01 1.872490501403808594e+01 4.859428787231445312e+01
3.182645339965820312e+02 4.435140037536622515e+01 1.817974090576171875e+01 4.727148056030273438e+01
3.153386631011962891e+02 4.493642616271974077e+01 1.934158706665039062e+01 4.988982009887695312e+01
3.148147220611572266e+02 4.448413467407227984e+01 1.913267898559570312e+01 4.796656799316406250e+01
3.138004627227783203e+02 4.606510734558106890e+01 1.877762222290039062e+01 4.714925765991210938e+01
3.116219444274902344e+02 4.469300079345704546e+01 1.895674133300781250e+01 4.778365325927734375e+01
3.105798931121826172e+02 4.474159049987794390e+01 1.737745285034179688e+01 4.744126510620117188e+01
3.094383468627929688e+02 4.381961631774903765e+01 1.725748443603515625e+01 5.012604904174804688e+01
3.082422103881835938e+02 4.329115486145020952e+01 1.628093719482421875e+01 4.865596389770507812e+01
3.073112621307373047e+02 4.331864356994630327e+01 1.588920211791992188e+01 5.034521865844726562e+01
3.062523717880249023e+02 4.262746238708497515e+01 1.629924964904785156e+01 5.039272689819335938e+01
3.040947341918945312e+02 4.209640121459962359e+01 1.719182586669921875e+01 5.016510009765625000e+01
3.017645597457885742e+02 4.151073074340821734e+01 1.835917854309082031e+01 5.103373718261718750e+01
3.002789707183837891e+02 4.241906166076661577e+01 1.877084732055664062e+01 5.054043960571289062e+01
2.991697568893432617e+02 4.300895118713380327e+01 1.840182685852050781e+01 4.980215835571289062e+01
2.960460977554321289e+02 4.223470687866212359e+01 2.155568504333496094e+01 4.991407775878906250e+01
2.940359869003295898e+02 4.270207786560060015e+01 2.222330665588378906e+01 4.948574447631835938e+01
2.924979696273803711e+02 4.352978324890138140e+01 2.215447425842285156e+01 5.003246688842773438e+01
2.921324262619018555e+02 4.429307174682618609e+01 2.332576179504394531e+01 4.920269775390625000e+01
2.906280508041381836e+02 4.434983825683595171e+01 2.412465858459472656e+01 4.958458709716796875e+01
2.904717969894409180e+02 4.354065513610839844e+01 1.952272224426269531e+01 4.866845321655273438e+01
2.884007253646850586e+02 4.456539154052734375e+01 1.691422462463378906e+01 4.632906341552734375e+01
2.865702133178710938e+02 4.295761871337890625e+01 1.797849273681640625e+01 4.984590911865234375e+01
2.854590873718261719e+02 4.309941101074218750e+01 1.722406005859375000e+01 4.895771026611328125e+01
2.851857719421386719e+02 4.248103713989257812e+01 1.621568298339843750e+01 4.841571044921875000e+01
2.821196689605712891e+02 4.270509147644042969e+01 1.771057510375976562e+01 4.986861801147460938e+01
2.817466802597045898e+02 4.183019638061523438e+01 1.704941749572753906e+01 4.830772399902343750e+01
2.801314229965209961e+02 4.253474807739257812e+01 1.737919044494628906e+01 4.860372924804687500e+01
2.774802427291870117e+02 4.229072380065917969e+01 1.818280220031738281e+01 4.792135238647460938e+01
2.759788608551025391e+02 4.329317665100097656e+01 1.730966567993164062e+01 4.549025344848632812e+01
2.749457254409790039e+02 4.272579574584960938e+01 1.731754112243652344e+01 4.521635437011718750e+01
2.728037948608398438e+02 4.372778129577636719e+01 1.771245574951171875e+01 4.587089157104492188e+01
2.719651956558227539e+02 4.352840423583984375e+01 1.747316551208496094e+01 4.417754364013671875e+01
2.703954639434814453e+02 4.374485206604003906e+01 1.745111465454101562e+01 4.554852676391601562e+01
2.687026147842407227e+02 4.416542816162109375e+01 1.743745994567871094e+01 4.515267181396484375e+01
2.659798812866210938e+02 4.373180198669433594e+01 1.867108917236328125e+01 4.589800643920898438e+01
2.643550758361816406e+02 4.327151489257812500e+01 1.909887695312500000e+01 4.522386932373046875e+01
2.638171854019165039e+02 4.286185073852539062e+01 1.909572410583496094e+01 4.672653198242187500e+01
2.630202293395996094e+02 4.279279327392578125e+01 1.788659667968750000e+01 4.508449554443359375e+01
2.627532072067260742e+02 4.440458297729492188e+01 1.729237556457519531e+01 4.538523864746093750e+01
2.597339830398559570e+02 4.140597343444824219e+01 1.798182487487792969e+01 4.532720565795898438e+01
2.590337486267089844e+02 4.211581993103027344e+01 1.790150451660156250e+01 4.729728317260742188e+01
2.580003519058227539e+02 4.152313041687011719e+01 1.747098350524902344e+01 4.572019577026367188e+01
2.562793636322021484e+02 4.279537200927734375e+01 1.851406478881835938e+01 4.683003997802734375e+01
2.575502710342407227e+02 4.437898254394531250e+01 1.639410972595214844e+01 4.289572906494140625e+01
2.559809379577636719e+02 4.167206382751464844e+01 1.668269348144531250e+01 4.848926925659179688e+01
2.552544069290161133e+02 4.241762542724609375e+01 1.559322929382324219e+01 4.729282379150390625e+01
2.538157157897949219e+02 4.294463348388671875e+01 1.642520141601562500e+01 4.700348663330078125e+01
2.515331306457519531e+02 4.301590538024902344e+01 1.747744750976562500e+01 4.737295150756835938e+01
2.486973037719726562e+02 4.229177474975585938e+01 1.668120574951171875e+01 4.724473571777343750e+01
2.468271160125732422e+02 4.459997749328613281e+01 1.754272079467773438e+01 4.561140823364257812e+01
2.462236499786376953e+02 4.366598892211914062e+01 1.941135025024414062e+01 4.680644226074218750e+01
2.462988557815551758e+02 4.382947921752929688e+01 2.025437736511230469e+01 4.447953796386718750e+01
2.437441339492797852e+02 4.156509399414062500e+01 1.662785911560058594e+01 4.607721710205078125e+01
2.412253618240356445e+02 4.314491271972656250e+01 1.728623771667480469e+01 4.343181610107421875e+01
2.404419794082641602e+02 4.190071868896484375e+01 1.694110679626464844e+01 4.492180633544921875e+01
2.381206092834472656e+02 4.211217308044433594e+01 1.912348937988281250e+01 4.669820785522460938e+01
2.386424903869628906e+02 4.461938095092773438e+01 1.924888610839843750e+01 4.298165893554687500e+01
2.353708724975585938e+02 4.165581512451171875e+01 1.865091705322265625e+01 4.548400115966796875e+01
2.347180500030517578e+02 4.169877624511718750e+01 1.617805862426757812e+01 4.442879486083984375e+01
2.324369716644287109e+02 4.182140922546386719e+01 1.853028488159179688e+01 4.563877487182617188e+01
2.297445173263549805e+02 4.149148178100585938e+01 1.832522773742675781e+01 4.523422241210937500e+01
2.304854736328125000e+02 4.215530014038085938e+01 1.663860321044921875e+01 4.598396301269531250e+01
2.277195253372192383e+02 4.135517120361328125e+01 1.765121269226074219e+01 4.964543914794921875e+01
2.274399690628051758e+02 4.157439994812011719e+01 1.683353996276855469e+01 4.580628585815429688e+01
2.258357305526733398e+02 4.250537300109863281e+01 1.618187904357910156e+01 4.460266494750976562e+01
2.243440728187561035e+02 4.081947517395019531e+01 1.589627361297607422e+01 4.873112869262695312e+01
2.227269353866577148e+02 4.198000144958496094e+01 1.646871376037597656e+01 4.697098922729492188e+01
2.215307574272155762e+02 4.103935623168945312e+01 1.582319736480712891e+01 4.746255493164062500e+01
2.204954061508178711e+02 3.957548522949218750e+01 1.638529396057128906e+01 5.172742462158203125e+01
2.180208511352539062e+02 4.025745010375976562e+01 1.686206817626953125e+01 4.976602172851562500e+01
2.176702709197998047e+02 3.760944938659667969e+01 1.681240463256835938e+01 5.096555709838867188e+01
2.156230792999267578e+02 3.923830223083496094e+01 1.616905593872070312e+01 5.042838668823242188e+01
2.143312129974365234e+02 3.866255950927734375e+01 1.666636276245117188e+01 5.184477996826171875e+01
2.123998193740844727e+02 3.916049957275390625e+01 1.689845848083496094e+01 5.097945404052734375e+01
2.118669042587280273e+02 3.906173706054687500e+01 1.624279212951660156e+01 5.116712188720703125e+01
2.092913293838500977e+02 3.869589424133300781e+01 1.761780357360839844e+01 4.973317337036132812e+01
2.079549608230590820e+02 3.989593696594238281e+01 1.684307670593261719e+01 4.963524246215820312e+01
2.062543210983276367e+02 3.902779388427734375e+01 1.855345344543457031e+01 5.233798980712890625e+01
2.045947074890136719e+02 3.932695198059082031e+01 1.787979125976562500e+01 5.335168838500976562e+01
2.036126117706298828e+02 3.901576805114746094e+01 1.719496536254882812e+01 5.091035079956054688e+01
2.018853082656860352e+02 4.026680183410644531e+01 1.621977806091308594e+01 5.122410964965820312e+01
2.009086723327636719e+02 3.905333709716796875e+01 1.712693786621093750e+01 5.117923736572265625e+01
1.986842985153198242e+02 3.867425918579101562e+01 1.726791572570800781e+01 5.229760742187500000e+01
1.965959463119506836e+02 3.761211585998535156e+01 1.707003211975097656e+01 5.092753982543945312e+01
1.951885032653808594e+02 3.851817131042480469e+01 1.593321228027343750e+01 4.951572799682617188e+01
1.930107202529907227e+02 3.818502235412597656e+01 1.646831321716308594e+01 4.671162796020507812e+01
1.911685628890991211e+02 3.801250457763671875e+01 1.739893531799316406e+01 4.924585723876953125e+01
1.900462884902954102e+02 3.832542991638183594e+01 1.825046348571777344e+01 4.897651290893554688e+01
1.870002622604370117e+02 3.785166168212890625e+01 2.004449653625488281e+01 4.725455474853515625e+01
1.866522130966186523e+02 3.864980506896972656e+01 1.936162757873535156e+01 4.778232192993164062e+01
