1.700000000000000000e+02 4.100000000000000000e+01 1.800000000000000000e+01 4.500000000000000000e+01
1.679148340225219727e+02 3.988362884521484375e+01 1.963216972351074219e+01 4.521301269531250000e+01
1.680004787445068359e+02 3.999962806701660156e+01 2.050522232055664062e+01 4.539736557006835938e+01
1.672550249099731445e+02 3.959778022766113281e+01 2.039899253845214844e+01 4.545132064819335938e+01
1.676664419174194336e+02 3.997288131713867188e+01 1.986465644836425781e+01 4.468714141845703125e+01
1.674694519042968750e+02 4.035218620300292969e+01 1.961212158203125000e+01 4.419177627563476562e+01
1.675331554412841797e+02 4.189888954162597656e+01 1.916481399536132812e+01 4.377700424194335938e+01
1.665728321075439453e+02 4.116004180908203125e+01 1.917354965209960938e+01 4.413813781738281250e+01
1.673567857742309570e+02 4.126318931579589844e+01 1.959300804138183594e+01 4.309235000610351562e+01
1.674130754470825195e+02 4.071103477478027344e+01 1.901488304138183594e+01 4.400026321411132812e+01
1.677514219284057617e+02 4.143167686462402344e+01 1.871537208557128906e+01 4.379597854614257812e+01
1.676563215255737305e+02 4.123429298400878906e+01 1.755852699279785156e+01 4.411314010620117188e+01
1.690689573287963867e+02 4.151486015319824219e+01 1.601548194885253906e+01 4.206375503540039062e+01
1.695475940704345703e+02 4.065765953063964844e+01 1.588296127319335938e+01 4.325810623168945312e+01
1.699597792625427246e+02 4.236247825622558594e+01 1.469401264190673828e+01 4.060472488403320312e+01
1.698337893486022949e+02 4.203353691101074219e+01 1.512191867828369141e+01 4.038090896606445312e+01
1.696794180870056152e+02 4.248318672180175781e+01 1.535453510284423828e+01 3.992261886596679688e+01
1.697046594619750977e+02 4.194184303283691406e+01 1.603635978698730469e+01 4.325513076782226562e+01
1.697976055145263672e+02 4.021104431152343750e+01 1.735884475708007812e+01 4.424279022216796875e+01
1.710441751480102539e+02 4.018752288818359375e+01 1.702081108093261719e+01 4.560108184814453125e+01
1.713256072998046875e+02 4.058598136901855469e+01 1.734494018554687500e+01 4.454546737670898438e+01
1.724134492874145508e+02 4.086486053466796875e+01 1.936488914489746094e+01 4.724558258056640625e+01
1.732065429687500000e+02 4.150237274169921875e+01 1.880085754394531250e+01 4.314527130126953125e+01
1.723065156936645508e+02 4.109815979003906250e+01 2.010727500915527344e+01 4.351705169677734375e+01
1.743813343048095703e+02 4.163078880310058594e+01 1.864812850952148438e+01 4.251162338256835938e+01
1.725518360137939453e+02 4.171016311645507812e+01 2.039162826538085938e+01 4.536657714843750000e+01
1.765053606033325195e+02 4.148914718627929688e+01 1.665413475036621094e+01 4.300282287597656250e+01
1.755475692749023438e+02 4.109063720703125000e+01 1.642779541015625000e+01 4.285712432861328125e+01
1.771450438499450684e+02 4.275282287597656250e+01 1.563264179229736328e+01 4.091780853271484375e+01
1.780990476608276367e+02 4.054806709289550781e+01 1.656104469299316406e+01 4.546514511108398438e+01
1.778677005767822266e+02 4.127254867553710938e+01 1.635020065307617188e+01 4.804918670654296875e+01
1.782100439071655273e+02 4.206181144714355469e+01 1.603386116027832031e+01 3.840256118774414062e+01
1.784081745147705078e+02 4.158373451232910156e+01 1.613176345825195312e+01 4.159816360473632812e+01
1.795024204254150391e+02 4.159560775756835938e+01 1.709840774536132812e+01 4.227503967285156250e+01
1.802459077835083008e+02 4.129733657836914062e+01 1.617304801940917969e+01 4.434942626953125000e+01
1.816044292449951172e+02 4.114871597290039062e+01 1.622249984741210938e+01 4.552189636230468750e+01
1.814147891998291016e+02 4.057172393798828125e+01 1.660235977172851562e+01 4.415345001220703125e+01
1.819307126998901367e+02 4.091431999206542969e+01 1.741507148742675781e+01 4.219669723510742188e+01
1.822540459632873535e+02 4.120600509643554688e+01 1.580029582977294922e+01 4.645576477050781250e+01
1.844423952102661133e+02 4.255793571472167969e+01 1.516094779968261719e+01 4.076914596557617188e+01
1.839068412780761719e+02 4.268997383117675781e+01 1.688941192626953125e+01 4.311345291137695312e+01
1.849283933639526367e+02 4.220034027099609375e+01 1.669654273986816406e+01 4.260176849365234375e+01
1.881234173774719238e+02 4.282568740844726562e+01 1.552915096282958984e+01 4.026121520996093750e+01
1.878618741035461426e+02 4.295698547363281250e+01 1.595456600189208984e+01 4.171908569335937500e+01
1.911731381416320801e+02 4.257318115234375000e+01 1.568752193450927734e+01 4.243904113769531250e+01
1.914608254432678223e+02 4.197759819030761719e+01 1.587479686737060547e+01 4.240573501586914062e+01
1.934010543823242188e+02 4.304134941101074219e+01 1.516825866699218750e+01 4.152742385864257812e+01
1.942035841941833496e+02 4.086126136779785156e+01 1.485096454620361328e+01 4.341108322143554688e+01
1.953329849243164062e+02 4.250144767761230469e+01 1.407908630371093750e+01 4.085655593872070312e+01
1.959687280654907227e+02 4.205191040039062500e+01 1.548102378845214844e+01 4.288674926757812500e+01
1.967075595855712891e+02 4.117312049865722656e+01 1.618855667114257812e+01 4.615282821655273438e+01
1.976904859542846680e+02 4.107773399353027344e+01 1.476040840148925781e+01 4.556621170043945312e+01
1.983028068542480469e+02 4.095420837402343750e+01 1.561888122558593750e+01 4.634820556640625000e+01
1.992663116455078125e+02 4.029814147949218750e+01 1.625740814208984375e+01 4.579393005371093750e+01
2.008413767814636230e+02 4.229205131530761719e+01 1.599863529205322266e+01 4.286421585083007812e+01
2.018104076385498047e+02 4.279761314392089844e+01 1.505581283569335938e+01 4.391630935668945312e+01
2.024571380615234375e+02 4.304533767700195312e+01 1.627614593505859375e+01 4.514670562744140625e+01
2.020676670074462891e+02 3.940129470825195312e+01 1.738304519653320312e+01 4.726927947998046875e+01
2.045255613327026367e+02 4.289139366149902344e+01 1.611422920227050781e+01 4.379872512817382812e+01
2.063561458587646484e+02 4.239102363586425781e+01 1.582650375366210938e+01 4.834328842163085938e+01
2.071668977737426758e+02 4.107633972167968750e+01 1.661286735534667969e+01 4.716842651367187500e+01
2.096168527603149414e+02 4.218605613708496094e+01 1.460518455505371094e+01 4.557294082641601562e+01
2.095349855422973633e+02 4.236171150207519531e+01 1.655535697937011719e+01 4.712142562866210938e+01
2.102542304992675781e+02 4.102531242370605469e+01 1.613427734375000000e+01 4.574068069458007812e+01
2.117370171546936035e+02 4.098656654357910156e+01 1.559236431121826172e+01 4.843085861206054688e+01
2.117302103042602539e+02 3.996557426452636719e+01 1.630083274841308594e+01 4.789349746704101562e+01
2.121088695526123047e+02 4.074751853942871094e+01 1.694005966186523438e+01 4.772055435180664062e+01
2.123455791473388672e+02 3.987793540954589844e+01 1.725619125366210938e+01 4.615317153930664062e+01
2.135595374107360840e+02 3.990624237060546875e+01 1.594747638702392578e+01 4.266145324707031250e+01
2.139354829788208008e+02 3.985467147827148438e+01 1.786572074890136719e+01 4.722867584228515625e+01
2.149828586578369141e+02 4.228218269348144531e+01 1.711214065551757812e+01 4.317725753784179688e+01
2.151573057174682617e+02 4.112667655944824219e+01 1.686796760559082031e+01 4.193231582641601562e+01
2.168889636993408203e+02 4.237731552124023438e+01 1.600131607055664062e+01 4.143862152099609375e+01
2.176024761199951172e+02 4.101544380187988281e+01 1.790546798706054688e+01 4.656873703002929688e+01
2.204958333969116211e+02 4.290378952026367188e+01 1.513216590881347656e+01 4.431272125244140625e+01
2.220353431701660156e+02 4.335378074645996094e+01 1.651274108886718750e+01 4.540623855590820312e+01
2.228437881469726562e+02 4.271725082397460938e+01 1.665755462646484375e+01 4.466785430908203125e+01
2.237712707519531250e+02 4.178628921508789062e+01 1.633065032958984375e+01 4.374773406982421875e+01
2.254513092041015625e+02 4.236371040344238281e+01 1.655513763427734375e+01 4.355437850952148438e+01
2.264633326530456543e+02 4.151827049255371094e+01 1.597258853912353516e+01 4.594354629516601562e+01
2.274883885383605957e+02 4.334188270568847656e+01 1.599533748626708984e+01 4.400851058959960938e+01
2.280262269973754883e+02 4.102760124206542969e+01 1.710360527038574219e+01 4.644725418090820312e+01
2.290580720901489258e+02 4.209438514709472656e+01 1.611382865905761719e+01 4.639843368530273438e+01
2.288937978744506836e+02 4.090051078796386719e+01 1.597313880920410156e+01 4.666997146606445312e+01
2.299883747100830078e+02 4.210440254211425781e+01 1.749522781372070312e+01 4.357184982299804688e+01
2.305069322586059570e+02 4.309713745117187500e+01 1.629861259460449219e+01 4.295973205566406250e+01
2.311953601837158203e+02 4.310923385620117188e+01 1.716319656372070312e+01 4.319194793701171875e+01
2.314593648910522461e+02 4.267580032348632812e+01 1.744129371643066406e+01 4.405973052978515625e+01
2.317455248832702637e+02 4.330329513549804688e+01 1.598677158355712891e+01 4.251511383056640625e+01
2.332120513916015625e+02 4.330232620239257812e+01 1.758689117431640625e+01 4.375733184814453125e+01
2.325390777587890625e+02 4.267442321777343750e+01 1.807946014404296875e+01 4.279115295410156250e+01
2.334903345108032227e+02 4.221214294433593750e+01 1.702185630798339844e+01 4.364292907714843750e+01
2.342215886116027832e+02 4.175979804992675781e+01 1.598119258880615234e+01 4.378902816772460938e+01
2.347109851837158203e+02 4.257047843933105469e+01 1.907091140747070312e+01 4.551993179321289062e+01
2.368831634521484375e+02 4.426041221618652344e+01 1.647051239013671875e+01 4.218533706665039062e+01
2.374418201446533203e+02 4.385757446289062500e+01 1.915149307250976562e+01 4.292903137207031250e+01
2.385840473175048828e+02 4.412176132202148438e+01 1.725784683227539062e+01 4.522864532470703125e+01
2.400478038787841797e+02 4.402916526794433594e+01 2.027167892456054688e+01 4.398601150512695312e+01
2.414900741577148438e+02 4.591559600830078125e+01 1.674903106689453125e+01 4.108195495605468750e+01
2.428085794448852539e+02 4.739606475830078125e+01 1.698373985290527344e+01 3.837962341308593750e+01
2.445472297668457031e+02 4.519721984863281250e+01 1.616101074218750000e+01 4.026683807373046875e+01
2.450705323219299316e+02 4.620856475830078125e+01 1.490388011932373047e+01 3.891410064697265625e+01
2.464800896644592285e+02 4.563921546936035156e+01 1.574573802947998047e+01 4.022090530395507812e+01
2.474320988655090332e+02 4.463222122192382812e+01 1.496682643890380859e+01 4.230578613281250000e+01
2.468401823043823242e+02 4.362599563598632812e+01 1.612697792053222656e+01 4.407083892822265625e+01
2.481857271194458008e+02 4.224400520324707031e+01 1.606819725036621094e+01 4.655312728881835938e+01
2.478230724334716797e+02 4.375646972656250000e+01 1.655719375610351562e+01 4.078602600097656250e+01
2.492690763473510742e+02 4.408463287353515625e+01 1.535000038146972656e+01 4.337446594238281250e+01
2.492024431228637695e+02 4.378277587890625000e+01 1.665144920349121094e+01 4.178620910644531250e+01
2.495647172927856445e+02 4.318593978881835938e+01 1.608379173278808594e+01 4.526662445068359375e+01
2.512587327957153320e+02 4.344012832641601562e+01 1.628204917907714844e+01 4.414118194580078125e+01
2.518718261718750000e+02 4.254549789428710938e+01 1.767657470703125000e+01 4.624044036865234375e+01
2.527725286483764648e+02 4.339856147766113281e+01 1.714161872863769531e+01 4.502387619018554688e+01
2.536375913619995117e+02 4.439534759521484375e+01 1.675641822814941406e+01 3.981243896484375000e+01
2.547168846130371094e+02 4.364992523193359375e+01 1.782830047607421875e+01 4.291679382324218750e+01
2.556869583129882812e+02 4.346546173095703125e+01 1.701164245605468750e+01 4.081106567382812500e+01
2.564087591171264648e+02 4.462981605529785156e+01 1.619032478332519531e+01 4.155430221557617188e+01
2.572480030059814453e+02 4.527914428710937500e+01 1.624691390991210938e+01 4.063739013671875000e+01
2.579472675323486328e+02 4.594015121459960938e+01 1.627758407592773438e+01 4.062499237060546875e+01
2.586830835342407227e+02 4.498783493041992188e+01 1.611459159851074219e+01 3.916442871093750000e+01
2.612386174201965332e+02 4.733806037902832031e+01 1.450508022308349609e+01 3.468613052368164062e+01
2.643911395072937012e+02 4.622876548767089844e+01 1.534700107574462891e+01 3.832406234741210938e+01
2.653634972572326660e+02 4.709778785705566406e+01 1.434180736541748047e+01 3.698231887817382812e+01
2.660499134063720703e+02 4.410760498046875000e+01 1.655273056030273438e+01 4.190721130371093750e+01
2.675347366333007812e+02 4.486470222473144531e+01 1.689100646972656250e+01 4.208227157592773438e+01
2.680439987182617188e+02 4.408257484436035156e+01 1.672789001464843750e+01 4.422063827514648438e+01
2.694817309379577637e+02 4.366878509521484375e+01 1.599428653717041016e+01 4.497944641113281250e+01
2.708690490722656250e+02 4.356210517883300781e+01 1.530323791503906250e+01 4.344643783569335938e+01
2.712714385986328125e+02 4.394317626953125000e+01 1.707516479492187500e+01 4.326548767089843750e+01
2.731749806404113770e+02 4.442005538940429688e+01 1.535490322113037109e+01 4.238095855712890625e+01
2.747076349258422852e+02 4.366194725036621094e+01 1.641932487487792969e+01 4.287662887573242188e+01
2.764578056335449219e+02 4.411919021606445312e+01 1.634366607666015625e+01 4.163696289062500000e+01
2.776301212310791016e+02 4.569083213806152344e+01 1.615740585327148438e+01 4.262199020385742188e+01
2.777831678390502930e+02 4.449352645874023438e+01 1.734610939025878906e+01 4.315762329101562500e+01
2.785425300598144531e+02 4.517242813110351562e+01 1.766284942626953125e+01 4.155853271484375000e+01
2.811049566268920898e+02 4.713445091247558594e+01 1.636131477355957031e+01 3.998492050170898438e+01
2.828312129974365234e+02 4.568192863464355469e+01 1.673997879028320312e+01 4.477524948120117188e+01
2.838370447158813477e+02 4.447812652587890625e+01 1.701942253112792969e+01 4.674933624267578125e+01
2.861730985641479492e+02 4.537817001342773438e+01 1.568801307678222656e+01 4.590119934082031250e+01
2.866842832565307617e+02 4.343565940856933594e+01 1.517522621154785156e+01 4.849816513061523438e+01
2.883564929962158203e+02 4.320086288452148438e+01 1.535194015502929688e+01 4.789692687988281250e+01
2.891194901466369629e+02 4.432565498352050781e+01 1.521396160125732422e+01 4.666901016235351562e+01
2.890181932449340820e+02 4.258556365966796875e+01 1.807054710388183594e+01 4.907463836669921875e+01
2.899417476654052734e+02 4.392798423767089844e+01 1.720720291137695312e+01 4.570344161987304688e+01
2.917313814163208008e+02 4.419976043701171875e+01 1.731847190856933594e+01 4.392343902587890625e+01
2.921846504211425781e+02 4.481612586975097656e+01 1.720026397705078125e+01 4.395727920532226562e+01
2.931196985244750977e+02 4.438173103332519531e+01 1.631304740905761719e+01 4.355586624145507812e+01
2.956053776741027832e+02 4.510402297973632812e+01 1.459022426605224609e+01 4.391247558593750000e+01
2.962524070739746094e+02 4.463176536560058594e+01 1.802074432373046875e+01 4.565536117553710938e+01
2.966778554916381836e+02 4.602330970764160156e+01 1.849531745910644531e+01 4.518400955200195312e+01
2.975492010116577148e+02 4.505456161499023438e+01 2.014479255676269531e+01 4.823799133300781250e+01
2.977188854217529297e+02 4.644132995605468750e+01 1.988106155395507812e+01 4.526793670654296875e+01
2.989526796340942383e+02 4.616288375854492188e+01 1.875482749938964844e+01 4.543611145019531250e+01
3.020001592636108398e+02 4.590587997436523438e+01 1.746399116516113281e+01 4.506704711914062500e+01
3.039958486557006836e+02 4.519074440002441406e+01 1.621425056457519531e+01 4.703842544555664062e+01
3.052149572372436523e+02 4.604671859741210938e+01 1.484834480285644531e+01 4.509298706054687500e+01
3.059342899322509766e+02 4.526028251647949219e+01 1.569071578979492188e+01 4.471485519409179688e+01
3.067551698684692383e+02 4.555841255187988281e+01 1.658380699157714844e+01 4.563667678833007812e+01
3.068877029418945312e+02 4.525593376159667969e+01 1.613603210449218750e+01 4.652166366577148438e+01
3.096907420158386230e+02 4.416125869750976562e+01 1.498945713043212891e+01 4.668769836425781250e+01
3.092542638778686523e+02 4.574918556213378906e+01 1.630511665344238281e+01 4.355357742309570312e+01
3.112072048187255859e+02 4.442445373535156250e+01 1.649983596801757812e+01 4.598198699951171875e+01
3.125458278656005859e+02 4.593784141540527344e+01 1.612575149536132812e+01 4.534583663940429688e+01
3.121414432525634766e+02 4.362505722045898438e+01 1.738155746459960938e+01 4.710188293457031250e+01
3.138564615249633789e+02 4.486441421508789062e+01 1.681809806823730469e+01 4.613641357421875000e+01
3.146773166656494141e+02 4.396944618225097656e+01 1.782874679565429688e+01 4.732463455200195312e+01
3.151034841537475586e+02 4.401255989074707031e+01 1.783268928527832031e+01 4.539262771606445312e+01
3.153830537796020508e+02 4.539173698425292969e+01 1.933305931091308594e+01 4.629980087280273438e+01
3.157817621231079102e+02 4.522530364990234375e+01 1.960587882995605469e+01 4.552912139892578125e+01
3.174809026718139648e+02 4.528474807739257812e+01 1.716160774230957031e+01 4.533314514160156250e+01
3.174561443328857422e+02 4.559152412414550781e+01 1.786703872680664062e+01 4.642020034790039062e+01
3.202665529251098633e+02 4.600994110107421875e+01 1.557309532165527344e+01 4.527196502685546875e+01
3.206100983619689941e+02 4.628829193115234375e+01 1.549594402313232422e+01 4.400225067138671875e+01
3.217365140914916992e+02 4.597858238220214844e+01 1.628858375549316406e+01 4.393018722534179688e+01
3.225884056091308594e+02 4.635817909240722656e+01 1.570714569091796875e+01 4.155418777465820312e+01
3.235559053421020508e+02 4.756497764587402344e+01 1.594142723083496094e+01 4.226977157592773438e+01
3.235457673072814941e+02 4.515852355957031250e+01 1.598016643524169922e+01 4.621355438232421875e+01
3.217202796936035156e+02 4.617113304138183594e+01 1.869400787353515625e+01 4.630500411987304688e+01
3.236303548812866211e+02 4.669861602783203125e+01 1.753416633605957031e+01 4.345444488525390625e+01
3.245724649429321289e+02 4.634996795654296875e+01 1.702442741394042969e+01 4.260840606689453125e+01
3.257715206146240234e+02 4.672586059570312500e+01 1.677283096313476562e+01 4.176813507080078125e+01
3.259773387908935547e+02 4.581929016113281250e+01 1.735263442993164062e+01 4.269483184814453125e+01
3.271040039062500000e+02 4.580470085144042969e+01 1.884484863281250000e+01 4.165267562866210938e+01
3.273149518966674805e+02 4.544963073730468750e+01 1.900089454650878906e+01 4.290001678466796875e+01
3.279731807708740234e+02 4.553451728820800781e+01 1.839287185668945312e+01 4.269647598266601562e+01
3.280137300491333008e+02 4.580115509033203125e+01 1.877440452575683594e+01 4.380512237548828125e+01
3.289951620101928711e+02 4.594073104858398438e+01 1.712391853332519531e+01 4.205375671386718750e+01
3.287762956619262695e+02 4.622601127624511719e+01 1.690991783142089844e+01 4.320867538452148438e+01
3.285438003540039062e+02 4.612275695800781250e+01 1.775891113281250000e+01 4.315425872802734375e+01
3.283414430618286133e+02 4.628605842590332031e+01 1.755754661560058594e+01 4.428595352172851562e+01
3.291641073226928711e+02 4.683891105651855469e+01 1.741862678527832031e+01 4.301774215698242188e+01
3.298429241180419922e+02 4.649071121215820312e+01 1.682419204711914062e+01 4.230599975585937500e+01
3.301115407943725586e+02 4.681080818176269531e+01 1.684613227844238281e+01 4.137436294555664062e+01
3.301567115783691406e+02 4.685832977294921875e+01 1.728284454345703125e+01 4.357439422607421875e+01
3.297175321578979492e+02 4.629568481445312500e+01 1.771048927307128906e+01 4.404123687744140625e+01
3.308628015518188477e+02 4.640187263488769531e+01 1.660546684265136719e+01 4.444124221801757812e+01
3.315926437377929688e+02 4.602383232116699219e+01 1.780462646484375000e+01 4.415084457397460938e+01
3.318746223449707031e+02 4.556136322021484375e+01 1.657634735107421875e+01 4.335790252685546875e+01
3.320074405670166016e+02 4.578386688232421875e+01 1.826145553588867188e+01 4.521479034423828125e+01
3.335703163146972656e+02 4.616455459594726562e+01 1.878075408935546875e+01 4.356669616699218750e+01
3.338044157028198242e+02 4.529271316528320312e+01 1.834255409240722656e+01 4.375074768066406250e+01
3.341096200942993164e+02 4.584814071655273438e+01 1.731612968444824219e+01 4.407574462890625000e+01
3.345489568710327148e+02 4.504005241394042969e+01 1.722554206848144531e+01 4.513450241088867188e+01
3.347278642654418945e+02 4.486923599243164062e+01 1.721492576599121094e+01 4.343344116210937500e+01
3.354628772735595703e+02 4.555057525634765625e+01 1.661661911010742188e+01 4.186713409423828125e+01
3.344452285766601562e+02 4.604310798645019531e+01 1.760293579101562500e+01 4.490016555786132812e+01
3.345805463790893555e+02 4.512483406066894531e+01 1.815531349182128906e+01 4.529425430297851562e+01
3.351145524978637695e+02 4.453194046020507812e+01 1.826534080505371094e+01 4.589831542968750000e+01
3.356392993927001953e+02 4.442835044860839844e+01 1.776487350463867188e+01 4.620591354370117188e+01
3.356741838455200195e+02 4.452854537963867188e+01 1.812781333923339844e+01 4.477127075195312500e+01
3.365962324142456055e+02 4.519562530517578125e+01 1.795040321350097656e+01 4.390662384033203125e+01
3.362715473175048828e+02 4.465793609619140625e+01 1.867362594604492188e+01 4.442203521728515625e+01
3.368086538314819336e+02 4.431147956848144531e+01 1.793478584289550781e+01 4.652760696411132812e+01
3.372458419799804688e+02 4.456053161621093750e+01 1.750097656250000000e+01 4.527828216552734375e+01
3.372919464111328125e+02 4.437244606018066406e+01 1.790557861328125000e+01 4.615440750122070312e+01
3.376576004028320312e+02 4.501484489440917969e+01 1.692005920410156250e+01 4.548890304565429688e+01
3.363465261459350586e+02 4.575131797790527344e+01 1.797671699523925781e+01 4.323360824584960938e+01
3.377947092056274414e+02 4.496495819091796875e+01 1.712115287780761719e+01 4.626598358154296875e+01
3.369975471496582031e+02 4.458050346374511719e+01 1.671506500244140625e+01 4.430051803588867188e+01
3.376260442733764648e+02 4.498609924316406250e+01 1.697934150695800781e+01 4.394252777099609375e+01
3.379531283378601074e+02 4.537035942077636719e+01 1.589907169342041016e+01 4.292136764526367188e+01
3.386502618789672852e+02 4.597777938842773438e+01 1.598473930358886719e+01 4.233311462402343750e+01
3.385821256637573242e+02 4.570726966857910156e+01 1.612635231018066406e+01 4.191502761840820312e+01
3.382425947189331055e+02 4.555298995971679688e+01 1.630582618713378906e+01 4.192794799804687500e+01
3.383716449737548828e+02 4.649158859252929688e+01 1.518430709838867188e+01 4.157490539550781250e+01
3.379433917999267578e+02 4.621771049499511719e+01 1.684552383422851562e+01 4.527021408081054688e+01
3.389198970794677734e+02 4.626646232604980469e+01 1.638071823120117188e+01 4.386382675170898438e+01
3.388626708984375000e+02 4.615421104431152344e+01 1.642914581298828125e+01 4.289860153198242188e+01
3.389273819923400879e+02 4.597988510131835938e+01 1.583182811737060547e+01 4.441712951660156250e+01
3.393375568389892578e+02 4.755035400390625000e+01 1.649747085571289062e+01 3.962865447998046875e+01
3.396423683166503906e+02 4.711244773864746094e+01 1.513813781738281250e+01 4.299818038940429688e+01
3.399816265106201172e+02 4.731332206726074219e+01 1.666146469116210938e+01 4.397269821166992188e+01
3.406632785797119141e+02 4.701770782470703125e+01 1.592946243286132812e+01 4.556772613525390625e+01
3.406249203681945801e+02 4.744762611389160156e+01 1.569291591644287109e+01 4.508964920043945312e+01
3.409548768997192383e+02 4.706466293334960938e+01 1.634406852722167969e+01 4.550833129882812500e+01
3.406144876480102539e+02 4.711928176879882812e+01 1.630956077575683594e+01 4.589859008789062500e+01
3.403290252685546875e+02 4.706041145324707031e+01 1.710504913330078125e+01 4.472491836547851562e+01
3.422137823104858398e+02 4.768403244018554688e+01 1.648739051818847656e+01 4.409454345703125000e+01
3.415235009193420410e+02 4.789131546020507812e+01 1.597786235809326172e+01 4.340383911132812500e+01
3.411759777069091797e+02 4.757914733886718750e+01 1.595923995971679688e+01 4.276006317138671875e+01
3.414740099906921387e+02 4.806430053710937500e+01 1.593632602691650391e+01 4.361321258544921875e+01
3.425914211273193359e+02 4.801131820678710938e+01 1.577254867553710938e+01 4.161836242675781250e+01
3.425083045959472656e+02 4.874317741394042969e+01 1.547219848632812500e+01 4.002727890014648438e+01
3.425235719680786133e+02 4.880801010131835938e+01 1.609050559997558594e+01 4.159455871582031250e+01
3.425496902465820312e+02 4.738887596130371094e+01 1.636959838867187500e+01 4.208174514770507812e+01
3.434765148162841797e+02 4.926562118530273438e+01 1.682986831665039062e+01 4.127381134033203125e+01
3.438412723541259766e+02 4.756396102905273438e+01 1.696200180053710938e+01 4.373761749267578125e+01
3.442784309387207031e+02 4.905704116821289062e+01 1.778813934326171875e+01 4.157801055908203125e+01
3.442393198013305664e+02 4.791958045959472656e+01 1.847990226745605469e+01 4.273733139038085938e+01
3.457800054550170898e+02 4.710170745849609375e+01 1.888643074035644531e+01 4.293496704101562500e+01
3.457178697586059570e+02 4.857014465332031250e+01 1.732071495056152344e+01 4.066484069824218750e+01
3.464543704986572266e+02 4.928623580932617188e+01 1.739242172241210938e+01 3.978339385986328125e+01
3.469933748245239258e+02 4.985823822021484375e+01 1.900813865661621094e+01 4.030760192871093750e+01
3.472623357772827148e+02 4.893253707885742188e+01 2.119502449035644531e+01 3.944239044189453125e+01
3.494984798431396484e+02 5.049430274963378906e+01 1.787981033325195312e+01 3.618218612670898438e+01
3.515493106842041016e+02 5.148817825317382812e+01 1.682752609252929688e+01 3.491666412353515625e+01
3.524203577041625977e+02 5.192243576049804688e+01 1.651496696472167969e+01 3.723329162597656250e+01
3.530731201171875000e+02 5.079730033874511719e+01 1.681774902343750000e+01 3.603303146362304688e+01
3.552947201728820801e+02 5.131402206420898438e+01 1.593373775482177734e+01 3.576177215576171875e+01
3.565637764930725098e+02 5.257975578308105469e+01 1.562766551971435547e+01 3.629542922973632812e+01
3.572671198844909668e+02 5.111691474914550781e+01 1.581167697906494141e+01 3.664918136596679688e+01
3.569569587707519531e+02 5.098727416992187500e+01 1.763854217529296875e+01 3.674739837646484375e+01
3.588208637237548828e+02 5.275290298461914062e+01 1.618279647827148438e+01 3.509098815917968750e+01
3.586404533386230469e+02 5.205388832092285156e+01 1.673590850830078125e+01 3.431677627563476562e+01
3.617999515533447266e+02 5.427979755401611328e+01 1.682471847534179688e+01 2.991717338562011719e+01
3.618295621871948242e+02 5.199627494812011719e+01 1.603552436828613281e+01 3.472394943237304688e+01
3.611392498016357422e+02 5.299721527099609375e+01 1.626406478881835938e+01 3.611899566650390625e+01
3.633835606575012207e+02 5.376926231384277344e+01 1.549517726898193359e+01 2.848698806762695312e+01
3.632928309440612793e+02 5.478896713256835938e+01 1.555565738677978516e+01 3.009394073486328125e+01
3.636386294364929199e+02 5.567412948608398438e+01 1.508645725250244141e+01 3.128121185302734375e+01
3.621438779830932617e+02 5.414279365539550781e+01 2.149184608459472656e+01 3.264780807495117188e+01
3.647444477081298828e+02 5.280533599853515625e+01 1.697002792358398438e+01 3.101327514648437500e+01
3.658729057312011719e+02 5.075859832763671875e+01 3.156084442138671875e+01 3.707131195068359375e+01
3.884508895874023438e+02 5.915720939636230469e+01 2.765457153320312500e+01 3.712112045288085938e+01
3.938977737426757812e+02 7.264386367797851562e+01 2.588551330566406250e+01 3.712240600585937500e+01
3.946398668289184570e+02 7.737306022644042969e+01 2.675240135192871094e+01 3.770133590698242188e+01
3.888284587860107422e+02 7.200077819824218750e+01 3.309057998657226562e+01 4.312395477294921875e+01
3.764652976989746094e+02 7.874092483520507812e+01 5.870319366455078125e+01 3.409262084960937500e+01
3.579573326110839844e+02 7.354461479187011719e+01 7.290209197998046875e+01 4.532326889038085938e+01
3.363544998168945312e+02 4.751527023315429688e+01 8.788973999023437500e+01 5.425772094726562500e+01
3.542700958251953125e+02 4.384460830688473720e+01 7.283561706542968750e+01 7.598573303222656250e+01
3.161652145385742188e+02 5.407316207885739345e+01 1.177345886230468750e+02 6.460739135742187500e+01
2.116652555465698242e+02 3.890302276611325283e+01 1.976207923889160156e+01 3.641327667236328125e+01
1.856543769836425781e+02 4.479803085327145595e+01 4.267875671386718750e+01 2.865078735351562500e+01
1.764344863891601562e+02 4.709137344360348720e+01 7.556262969970703125e+01 3.783628845214843750e+01
1.603203506469726562e+02 4.293666458129879970e+01 8.054535675048828125e+01 4.698155212402343750e+01
2.100160369873046875e+02 3.949158477783200283e+01 1.815074920654296875e+01 3.426850128173828125e+01
1.850349636077880859e+02 4.487356948852536220e+01 5.194277572631835938e+01 3.460040283203125000e+01
1.752447776794433594e+02 4.555998611450192470e+01 6.259939575195312500e+01 3.650967407226562500e+01
1.783900489807128906e+02 5.018728637695309658e+01 8.193739318847656250e+01 4.592377471923828125e+01
1.852084064483642578e+02 3.355578041076657314e+01 6.381392288208007812e+01 4.986458206176757812e+01
1.601004142761230469e+02 3.805028343200680752e+01 7.775656127929687500e+01 4.479229354858398438e+01
1.690743484497070312e+02 3.975824165344235439e+01 8.975153350830078125e+01 5.712897109985351562e+01
2.032646541595458984e+02 4.071557235717770595e+01 4.517167282104492188e+01 4.188285827636718750e+01
1.818353767395019531e+02 4.487576866149899502e+01 6.677345275878906250e+01 4.129040145874023438e+01
1.861615257263183594e+02 3.800484085083004970e+01 7.280670166015625000e+01 4.902972412109375000e+01
2.331824932098388672e+02 4.106685447692868252e+01 4.715227890014648438e+01 3.854064559936523438e+01
2.085069618225097656e+02 3.838386917114254970e+01 6.382014465332031250e+01 4.571182250976562500e+01
2.125982313156127930e+02 3.870917606353756923e+01 1.818689155578613281e+01 2.579413414001464844e+01
1.988836383819580078e+02 4.042065048217770595e+01 3.560786056518554688e+01 2.757932281494140625e+01
1.766916961669921875e+02 4.504989528656003017e+01 4.531043243408203125e+01 3.067840766906738281e+01
1.681098136901855469e+02 4.622399902343748579e+01 5.874485778808593750e+01 3.787721252441406250e+01
1.616751174926757812e+02 4.840752792358398438e+01 8.238074493408203125e+01 4.334757232666015625e+01
1.445890655517578125e+02 3.673233985900878906e+01 8.356264495849609375e+01 5.100220870971679688e+01
1.066139163970947266e+02 4.783250427246093750e+01 4.302527236938476562e+01 4.042687988281250000e+01
1.106085662841796875e+02 3.507631492614746094e+01 6.408396148681640625e+01 4.489360427856445312e+01
2.030950679779052734e+02 3.245688056945800781e+01 4.275588607788085938e+01 4.165023422241210938e+01
2.246816082000732422e+02 4.155349159240722656e+01 5.376569747924804688e+01 3.349444198608398438e+01
2.397194347381591797e+02 3.156101608276367188e+01 5.940233993530273438e+01 4.529595184326171875e+01
2.224260177612304688e+02 3.642835617065429688e+01 9.081650543212890625e+01 5.900600433349609375e+01
1.962799358367919638e+02 3.426515197753903408e+01 6.114113998413088780e+01 5.923820495605468750e+01
1.897829170227050781e+02 3.855630493164059658e+01 5.313899230957031250e+01 3.891368103027343750e+01
1.800431213378906250e+02 4.394138908386227627e+01 6.991364288330078125e+01 4.179257583618164062e+01
1.865072975158691406e+02 4.441430854797360439e+01 9.658908081054687500e+01 5.010540390014648438e+01
2.114334449768066406e+02 3.748437499999997158e+01 2.297158813476562500e+01 3.275213623046875000e+01
1.988916320800781250e+02 4.660406017303463955e+01 4.502599334716796875e+01 2.930625343322753906e+01
2.087914314270019531e+02 3.849680900573727627e+01 6.967164611816406250e+01 4.640449905395507812e+01
1.834074630737304688e+02 3.382514190673825283e+01 6.154933929443359375e+01 4.051348876953125000e+01
1.716386795043945312e+02 1.932598495483395595e+01 9.620717620849609375e+01 6.693257904052734375e+01
2.064732666015625000e+02 3.605673789978024502e+01 3.088675689697265625e+01 3.539020156860351562e+01
2.108803768157958984e+02 4.035980606079098720e+01 2.116730880737304688e+01 2.128665924072265625e+01
2.142772860527038574e+02 3.944320678710934658e+01 1.272905063629150391e+01 2.079636383056640625e+01
2.146253771781921387e+02 3.873130989074704189e+01 1.239419651031494141e+01 1.925045394897460938e+01
2.147354264259338379e+02 4.003510284423825283e+01 1.304570293426513672e+01 1.856305694580078125e+01
2.152733182907104492e+02 3.971636295318600673e+01 1.306096839904785156e+01 2.127117729187011719e+01
2.150908870697021484e+02 3.935131835937497158e+01 1.494902420043945312e+01 2.198024749755859375e+01
2.157341079711914062e+02 3.918574523925778408e+01 1.605513763427734375e+01 2.135180664062500000e+01
2.145454292297363281e+02 4.553358936309811611e+01 3.561684417724609375e+01 2.503715324401855469e+01
1.805777015686035156e+02 4.734600639343258877e+01 6.593972015380859375e+01 3.742367172241210938e+01
1.701559791564941406e+02 4.031741905212399502e+01 8.393723297119140625e+01 4.803048324584960938e+01
1.602679214477539062e+02 4.028643989562985439e+01 6.806698608398437500e+01 4.385834121704101562e+01
2.110522603988647461e+02 3.841488647460934658e+01 1.841060066223144531e+01 2.557193756103515625e+01
2.005017547607421875e+02 4.273039150238034267e+01 3.488265991210937500e+01 2.509138679504394531e+01
1.841458663940429688e+02 4.431946086883542080e+01 4.505596923828125000e+01 3.035933876037597656e+01
1.713414344787597656e+02 4.393263244628903408e+01 6.597486114501953125e+01 3.799237060546875000e+01
1.113924522399902344e+02 4.313004493713376064e+01 3.379244232177734375e+01 3.957818222045898438e+01
7.154351806640625000e+01 5.683807945251462002e+01 5.321625518798828125e+01 5.126736831665039062e+01
5.514544677734375000e+01 4.198998069763180752e+01 9.934772491455078125e+01 5.852971267700195312e+01
2.103163156509399414e+02 3.705544853210446377e+01 2.089142417907714844e+01 3.610052871704101562e+01
1.924196281433105469e+02 4.497649669647213955e+01 4.293361663818359375e+01 2.917601966857910156e+01
2.127898883819580078e+02 4.102455902099606533e+01 1.823647689819335938e+01 2.300573730468750000e+01
2.053239116668701172e+02 4.493926239013669033e+01 3.472264480590820312e+01 2.518436431884765625e+01
2.508595228195190430e+02 4.274915504455563564e+01 2.500667762756347656e+01 2.883794021606445312e+01
2.380002555847167969e+02 5.725784873962399502e+01 5.846036529541015625e+01 3.330871200561523438e+01
3.426461982727050781e+02 4.957848739624020595e+01 1.628404998779296875e+01 4.284478759765625000e+01
3.422764997482299805e+02 4.815214538574215908e+01 1.656704139709472656e+01 4.094382476806640625e+01
3.414135007858276367e+02 4.980054473876950283e+01 1.548372840881347656e+01 3.917070770263671875e+01
3.405436973571777344e+02 4.882943534851071377e+01 1.651787567138671875e+01 4.104034805297851562e+01
3.398552227020263672e+02 4.798528671264645595e+01 1.667219924926757812e+01 4.231912994384765625e+01
3.386609115600585938e+02 4.753362083435055752e+01 1.635839843750000000e+01 4.285568618774414062e+01
3.391595211029052734e+02 4.884846115112301845e+01 1.686102676391601562e+01 4.081096649169921875e+01
3.378071198463439941e+02 4.805332946777340908e+01 1.595334148406982422e+01 4.158885192871093750e+01
3.383844299316406250e+02 4.877911567687985439e+01 1.624729919433593750e+01 3.988769149780273438e+01
3.370765018463134766e+02 4.706997871398922939e+01 1.713821029663085938e+01 4.134801864624023438e+01
3.369161434173583984e+02 4.757542419433590908e+01 1.562663650512695312e+01 4.050575256347656250e+01
3.363061695098876953e+02 4.707521820068356533e+01 1.651329421997070312e+01 4.301467132568359375e+01
3.357295980453491211e+02 4.696046066284176845e+01 1.648108863830566406e+01 4.153198242187500000e+01
3.359563789367675781e+02 4.823675918579098720e+01 1.664701843261718750e+01 4.249900817871093750e+01
3.344782571792602539e+02 4.794935989379879970e+01 1.702933311462402344e+01 4.257026672363281250e+01
3.350144023895263672e+02 4.736683082580563564e+01 1.696537399291992188e+01 4.266443252563476562e+01
3.337202301025390625e+02 4.780999755859372158e+01 1.779373931884765625e+01 4.363390350341796875e+01
3.327571153640747070e+02 4.772041702270504970e+01 1.764634513854980469e+01 4.298925781250000000e+01
3.322252597808837891e+02 4.815456008911129970e+01 1.703703689575195312e+01 4.218092346191406250e+01
3.325209274291992188e+02 4.688891983032223720e+01 1.742040252685546875e+01 4.474258422851562500e+01
3.322043914794921875e+02 4.781040573120114345e+01 1.817218780517578125e+01 4.213912963867187500e+01
3.313477649688720703e+02 4.691624832153317470e+01 1.706579971313476562e+01 4.436592102050781250e+01
3.309337797164916992e+02 4.668407440185544033e+01 1.824728584289550781e+01 4.523555755615234375e+01
3.312061233520507812e+02 4.666192436218258877e+01 1.732024383544921875e+01 4.486565780639648438e+01
3.304211053848266602e+02 4.638115501403805752e+01 1.680319786071777344e+01 4.410642623901367188e+01
3.293447275161743164e+02 4.579261779785153408e+01 1.768590354919433594e+01 4.322943878173828125e+01
3.292271308898925781e+02 4.579961585998532314e+01 1.646670532226562500e+01 4.209680557250976562e+01
3.290291223526000977e+02 4.585760307312008877e+01 1.657112693786621094e+01 4.212774276733398438e+01
3.277151508331298828e+02 4.589884948730465908e+01 1.671686172485351562e+01 4.201667022705078125e+01
3.268579969406127930e+02 4.567819213867184658e+01 1.667080879211425781e+01 4.290560150146484375e+01
3.263915472030639648e+02 4.554978752136227627e+01 1.708170509338378906e+01 4.155292892456054688e+01
3.243855972290039062e+02 4.573793220520016689e+01 1.798964691162109375e+01 4.150987625122070312e+01
3.242992467880249023e+02 4.418738365173337002e+01 1.771151161193847656e+01 4.585131454467773438e+01
3.225506658554077148e+02 4.415528869628903408e+01 1.812923622131347656e+01 4.597339630126953125e+01
3.233419094085693359e+02 4.445987319946286220e+01 1.687936019897460938e+01 4.375450134277343750e+01
3.214785861968994141e+02 4.434439086914059658e+01 1.724190139770507812e+01 4.658687591552734375e+01
3.210530757904052734e+02 4.461929893493649502e+01 1.764793014526367188e+01 4.492692184448242188e+01
3.200642499923706055e+02 4.498967933654782314e+01 1.887996101379394531e+01 4.474931716918945312e+01
3.179240875244140625e+02 4.674232673645016689e+01 1.869794464111328125e+01 4.300546646118164062e+01
3.172270574569702148e+02 4.627303695678708095e+01 1.942969703674316406e+01 4.421018981933593750e+01
3.158093509674072266e+02 4.673440933227536220e+01 1.983752822875976562e+01 4.330496215820312500e+01
3.147903413772583008e+02 4.634924507141110439e+01 1.811228752136230469e+01 4.439198684692382812e+01
3.133850526809692383e+02 4.566575050354001064e+01 1.639489555358886719e+01 4.522647476196289062e+01
3.120082321166992188e+02 4.470593070983883877e+01 1.788132476806640625e+01 4.756293869018554688e+01
3.116781702041625977e+02 4.612802124023434658e+01 1.646249961853027344e+01 4.571718597412109375e+01
3.098868865966796875e+02 4.482831382751462002e+01 1.692311859130859375e+01 4.644770431518554688e+01
3.091756134033203125e+02 4.411601066589352627e+01 1.616365814208984375e+01 4.675417709350585938e+01
3.085011243820190430e+02 4.556446266174313564e+01 1.615591621398925781e+01 4.641678237915039062e+01
3.066412277221679688e+02 4.525618171691891689e+01 1.638817596435546875e+01 4.567876052856445312e+01
3.047756690979003906e+02 4.274714279174801845e+01 1.809478759765625000e+01 4.818952941894531250e+01
3.029801673889160156e+02 4.396582412719723720e+01 1.721391296386718750e+01 4.669685363769531250e+01
3.023290796279907227e+02 4.467649269104001064e+01 1.728795433044433594e+01 4.734108352661132812e+01
3.009378299713134766e+02 4.516222381591794033e+01 1.806915664672851562e+01 4.655126190185546875e+01
3.006309928894042969e+02 4.608386802673337002e+01 1.627374267578125000e+01 4.413225936889648438e+01
2.980641651153564453e+02 4.601413726806637783e+01 1.714741897583007812e+01 4.457511138916015625e+01
2.967984933853149414e+02 4.450771903991696377e+01 1.873941612243652344e+01 4.750332260131835938e+01
2.963099374771118164e+02 4.447602272033688564e+01 1.642822837829589844e+01 4.928239822387695312e+01
2.941096296310424805e+02 4.434246063232419033e+01 1.940818977355957031e+01 4.720041656494140625e+01
2.922819423675537109e+02 4.498180389404294033e+01 1.997916793823242188e+01 4.674172210693359375e+01
2.916631622314453125e+02 4.482373046874997158e+01 1.634626007080078125e+01 4.486634063720703125e+01
2.903904485702514648e+02 4.474805450439450283e+01 1.746807289123535156e+01 4.742781829833984375e+01
2.886606588363647461e+02 4.443294143676754970e+01 1.766245460510253906e+01 4.789767456054687500e+01
2.890972919464111328e+02 4.420402336120602627e+01 1.593280410766601562e+01 4.732839584350585938e+01
2.873210964202880859e+02 4.308327293395993252e+01 1.639529037475585938e+01 4.905408859252929688e+01
2.849177970886230469e+02 4.237005043029782314e+01 1.751000976562500000e+01 4.875082778930664062e+01
2.858832578659057617e+02 4.351662826538083095e+01 1.547076606750488281e+01 4.832756042480468750e+01
2.838668365478515625e+02 4.399274444580075283e+01 1.639673614501953125e+01 4.495606231689453125e+01
2.824217071533203125e+02 4.506270027160641689e+01 1.639244842529296875e+01 4.311270523071289062e+01
2.824276604652404785e+02 4.412630462646481533e+01 1.532252788543701172e+01 4.552716827392578125e+01
2.802925415039062500e+02 4.540163421630856533e+01 1.602518463134765625e+01 4.364498138427734375e+01
2.790140800476074219e+02 4.411552619934079189e+01 1.698565673828125000e+01 4.728639602661132812e+01
2.765278310775756836e+02 4.513358497619626064e+01 1.754631996154785156e+01 4.489076614379882812e+01
2.757763166427612305e+02 4.632060050964352627e+01 1.630140876770019531e+01 4.205143356323242188e+01
2.742799119949340820e+02 4.602238655090329189e+01 1.716673088073730469e+01 4.149679946899414062e+01
2.721608514785766602e+02 4.657973098754879970e+01 1.696541404724121094e+01 4.121534729003906250e+01
2.715551695823669434e+02 4.582177925109860439e+01 1.545380115509033203e+01 3.957681655883789062e+01
2.673519906997680664e+02 4.415472984313962002e+01 1.867513084411621094e+01 4.374421310424804688e+01
2.661029853820800781e+02 4.386331367492672939e+01 1.788720703125000000e+01 4.286912918090820312e+01
2.658848419189453125e+02 4.475086402893063564e+01 1.652436065673828125e+01 4.318619155883789062e+01
2.633944187164306641e+02 4.509290504455563564e+01 1.860997390747070312e+01 4.381917190551757812e+01
2.655443625450134277e+02 4.391613006591794033e+01 1.568577289581298828e+01 4.311637115478515625e+01
2.654386057853698730e+02 4.520401000976559658e+01 1.381794071197509766e+01 3.879671478271484375e+01
2.623092012405395508e+02 4.403447532653805752e+01 1.573035240173339844e+01 3.913861465454101562e+01
2.606641860008239746e+02 4.489684677124020595e+01 1.527142047882080078e+01 3.919802093505859375e+01
2.586812753677368164e+02 4.585940361022946377e+01 1.615683555603027344e+01 3.649730300903320312e+01
2.570937242507934570e+02 4.595772552490231533e+01 1.624666404724121094e+01 3.643006134033203125e+01
2.580118741989135742e+02 4.566024208068844814e+01 1.486293220520019531e+01 3.637691879272460938e+01
2.554947671890258789e+02 4.521093559265133877e+01 1.599619102478027344e+01 3.987199783325195312e+01
2.538666982650756836e+02 4.388369369506833095e+01 1.669505500793457031e+01 4.247829437255859375e+01
2.539983358383178711e+02 4.468107414245602627e+01 1.498544502258300781e+01 3.949980545043945312e+01
2.536020674705505371e+02 4.508601379394528408e+01 1.554334735870361328e+01 4.226627349853515625e+01
2.495583066940307617e+02 4.436076354980465908e+01 1.701245307922363281e+01 4.102448272705078125e+01
2.499249167442321777e+02 4.460478210449215908e+01 1.471409320831298828e+01 4.374860382080078125e+01
2.483764958381652832e+02 4.327183341979977627e+01 1.590350246429443359e+01 4.592205429077148438e+01
2.480663347244262695e+02 4.256262207031247158e+01 1.589156150817871094e+01 4.481745147705078125e+01
2.465017576217651367e+02 4.271368408203122158e+01 1.610634803771972656e+01 4.390804290771484375e+01
2.457289676666259766e+02 4.264789199829098720e+01 1.565079879760742188e+01 4.579391479492187500e+01
2.461599006652832031e+02 4.290833663940426845e+01 1.760041046142578125e+01 4.196815490722656250e+01
2.438932628631591797e+02 4.525835227966305752e+01 1.752522659301757812e+01 4.035123825073242188e+01
2.448991417884826660e+02 4.510556983947751064e+01 1.590453624725341797e+01 3.916928482055664062e+01
2.417285852432250977e+02 4.379873657226559658e+01 1.866395378112792969e+01 4.180050659179687500e+01
2.425966405868530273e+02 4.354500579833981533e+01 1.697686958312988281e+01 4.070454406738281250e+01
2.420623922348022461e+02 4.389439582824704189e+01 1.595565986633300781e+01 4.185535812377929688e+01
2.402704949378967285e+02 4.212712478637692470e+01 1.544890117645263672e+01 4.331555175781250000e+01
2.387240281105041504e+02 4.294696044921872158e+01 1.556745433807373047e+01 4.248418426513671875e+01
2.378765048980712891e+02 4.238619041442868252e+01 1.611787796020507812e+01 4.261603927612304688e+01
2.353227310180664062e+02 4.473266792297360439e+01 1.685189056396484375e+01 3.976799392700195312e+01
2.335068120956420898e+02 4.384759902954098720e+01 1.726886177062988281e+01 4.161421203613281250e+01
2.341336636543273926e+02 4.514772033691403408e+01 1.481684017181396484e+01 4.074614715576171875e+01
2.305218019485473633e+02 4.101364707946774502e+01 1.765055656433105469e+01 4.648322677612304688e+01
2.316647958755493164e+02 4.327496528625485439e+01 1.688379478454589844e+01 4.476066970825195312e+01
2.265607213973999023e+02 4.294428062438962002e+01 1.744567298889160156e+01 4.380283737182617188e+01
2.245621099472045898e+02 4.411117553710934658e+01 1.884580421447753906e+01 4.118956756591796875e+01
2.230797891616821289e+02 4.249006843566891689e+01 1.978095054626464844e+01 4.445390701293945312e+01
2.219532976150512695e+02 4.078124237060544033e+01 1.922068595886230469e+01 4.929230499267578125e+01
2.201412305831909180e+02 4.221714019775387783e+01 2.212303352355957031e+01 4.632050323486328125e+01
2.208087949752807617e+02 4.062869262695309658e+01 1.955304145812988281e+01 4.610840606689453125e+01
2.196242456436157227e+02 4.183981132507321377e+01 1.934081077575683594e+01 4.464384078979492188e+01
2.183010053634643555e+02 4.066834068298337002e+01 1.889799690246582031e+01 4.517492294311523438e+01
2.167260951995849609e+02 4.094425010681149502e+01 1.855820846557617188e+01 4.535517501831054688e+01
2.164337692260742188e+02 4.094502449035641689e+01 1.801055145263671875e+01 4.364807510375976562e+01
2.138424901962280273e+02 4.224974822998044033e+01 1.886647987365722656e+01 4.399829864501953125e+01
2.135580396652221680e+02 4.010758781433102627e+01 1.796188545227050781e+01 4.541729354858398438e+01
2.136640205383300781e+02 4.073796081542965908e+01 1.790991210937500000e+01 4.369396209716796875e+01
2.134881300926208496e+02 4.094035720825192470e+01 1.571254444122314453e+01 4.384829711914062500e+01
2.125078859329223633e+02 4.147201919555661220e+01 1.669482231140136719e+01 4.421087646484375000e+01
2.131443624496459961e+02 4.034202575683590908e+01 1.498356056213378906e+01 4.642476654052734375e+01
2.101564550399780273e+02 3.882808685302731533e+01 1.683606147766113281e+01 4.657596588134765625e+01
2.112032494544982910e+02 4.092143058776852627e+01 1.476815319061279297e+01 4.513084030151367188e+01
2.082427096366882324e+02 4.135082817077633877e+01 1.553564548492431641e+01 4.795826339721679688e+01
2.063698935508728027e+02 4.100836181640622158e+01 1.562875080108642578e+01 4.552289581298828125e+01
2.062689652442932129e+02 4.101926803588864345e+01 1.464454174041748047e+01 4.552426147460937500e+01
2.035448131561279297e+02 4.032287597656247158e+01 1.692691421508789062e+01 4.770497894287109375e+01
2.011382799148559570e+02 4.015390396118161220e+01 1.751994895935058594e+01 4.452290344238281250e+01
2.016691665649414062e+02 4.061024475097653408e+01 1.632066345214843750e+01 4.836994171142578125e+01
2.005902566909790039e+02 3.797879219055172939e+01 1.615670585632324219e+01 5.051601028442382812e+01
1.986144495010375977e+02 3.906384658813473720e+01 1.621037101745605469e+01 4.434526062011718750e+01
1.962923402786254883e+02 3.852214050292965908e+01 1.774507713317871094e+01 4.512737274169921875e+01
1.945569658279418945e+02 3.893381881713864345e+01 1.869273948669433594e+01 4.578408813476562500e+01
1.938696823120117188e+02 3.943496704101559658e+01 1.874780273437500000e+01 4.441564178466796875e+01
1.928934173583984375e+02 3.977332496643063564e+01 1.774838256835937500e+01 4.339328384399414062e+01
1.927004194259643555e+02 3.947560882568356533e+01 1.717748451232910156e+01 4.511544036865234375e+01
1.908351860046386719e+02 3.892812538146969814e+01 1.776534271240234375e+01 4.535884475708007812e+01
1.896117801666259766e+02 3.997543334960934658e+01 1.755981063842773438e+01 4.393155670166015625e+01
1.861838073730468750e+02 3.939513397216794033e+01 2.040594482421875000e+01 4.779843902587890625e+01
1.861890153884887695e+02 3.885331344604489345e+01 1.956061363220214844e+01 4.652589416503906250e+01
1.862321729660034180e+02 3.859041976928708095e+01 1.761480140686035156e+01 4.542884826660156250e+01
1.832710275650024414e+02 3.852205848693844814e+01 1.898632621765136719e+01 4.589889907836914062e+01
1.821531314849853516e+02 3.881022262573239345e+01 1.812958908081054688e+01 4.804393005371093750e+01
1.820971908569335938e+02 3.729922294616696377e+01 1.780581665039062500e+01 4.703214645385742188e+01
1.806482210159301758e+02 3.720664596557614345e+01 1.796184349060058594e+01 4.803283691406250000e+01
1.807651624679565430e+02 3.611406517028805752e+01 1.766767311096191406e+01 4.788767623901367188e+01
1.786345567703247070e+02 3.645486068725583095e+01 1.842069053649902344e+01 4.765429687500000000e+01
1.795774288177490234e+02 3.525666427612301845e+01 1.707886123657226562e+01 5.240756225585937500e+01
1.786058502197265625e+02 3.649591255187985439e+01 1.731561279296875000e+01 4.936702346801757812e+01
1.777858400344848633e+02 3.486560058593747158e+01 1.706897544860839844e+01 5.112009429931640625e+01
1.774252281188964844e+02 3.609475326538083095e+01 1.659252166748046875e+01 4.931738281250000000e+01
1.758590269088745117e+02 3.542600250244137783e+01 1.717670631408691406e+01 5.397437286376953125e+01
1.760235118865966797e+02 3.589607238769528408e+01 1.704869461059570312e+01 4.816664886474609375e+01
1.742928962707519531e+02 3.580806732177731533e+01 1.717525482177734375e+01 5.162549591064453125e+01
1.754239578247070312e+02 3.614153480529782314e+01 1.659371948242187500e+01 4.917898941040039062e+01
1.746769428253173828e+02 3.648255157470700283e+01 1.647983932495117188e+01 4.956362152099609375e+01
1.743332643508911133e+02 3.595990943908688564e+01 1.730052757263183594e+01 4.997049331665039062e+01
1.735557489395141602e+02 3.577060127258297939e+01 1.653935050964355469e+01 4.865562820434570312e+01
1.730291595458984375e+02 3.573969841003415127e+01 1.660285949707031250e+01 4.992986679077148438e+01
1.731736803054809570e+02 3.487972831726071377e+01 1.730693626403808594e+01 5.100417709350585938e+01
1.721750640869140625e+02 3.475858497619626064e+01 1.733616638183593750e+01 5.105229568481445312e+01
1.722576713562011719e+02 3.420817756652829189e+01 1.717708587646484375e+01 5.166940689086914062e+01
1.715064878463745117e+02 3.411349868774411220e+01 1.793810462951660156e+01 4.995053100585937500e+01
1.715357513427734375e+02 3.532477951049801845e+01 1.715110778808593750e+01 4.778570556640625000e+01
1.701075668334960938e+02 3.527982139587399502e+01 1.833685302734375000e+01 4.791978073120117188e+01
1.696130876541137695e+02 3.467660903930661220e+01 1.836166954040527344e+01 4.661775207519531250e+01
1.696921453475952148e+02 3.510659217834469814e+01 1.827725410461425781e+01 5.026041030883789062e+01
1.667989521026611328e+02 3.392318916320797939e+01 2.051350021362304688e+01 5.076788711547851562e+01
1.687842283248901367e+02 3.485516166687008877e+01 1.838967323303222656e+01 4.878763961791992188e+01
1.674350452423095703e+02 3.329223251342770595e+01 1.982816696166992188e+01 5.122038269042968750e+01
1.675963973999023438e+02 3.373567962646481533e+01 1.976985168457031250e+01 4.951148223876953125e+01
1.660158672332763672e+02 3.346957206726071377e+01 2.070735549926757812e+01 5.158031845092773438e+01
1.672437877655029297e+02 3.378854942321774502e+01 1.962424087524414062e+01 4.996628952026367188e+01
1.650550575256347656e+02 3.293846702575680752e+01 2.017047882080078125e+01 5.222079086303710938e+01
1.657693252563476562e+02 3.269903564453122158e+01 1.909547424316406250e+01 4.974251556396484375e+01
1.656086549758911133e+02 3.274110984802243252e+01 1.868250083923339844e+01 5.158950424194335938e+01
1.651275663375854492e+02 3.152025413513180752e+01 1.950837135314941406e+01 5.240122604370117188e+01
1.647299404144287109e+02 3.160711288452145595e+01 1.949023818969726562e+01 5.228701782226562500e+01
1.655052852630615234e+02 3.122234725952145595e+01 1.839680862426757812e+01 5.279425048828125000e+01
1.640723667144775391e+02 3.158396530151364345e+01 1.848002243041992188e+01 5.157713317871093750e+01
