2.280000000000000000e+02 6.100000000000000000e+01 3.200000000000000000e+01 3.700000000000000000e+01
2.261146793365478516e+02 6.342897033691404829e+01 3.336625289916992188e+01 3.192344665527343750e+01
2.255294094085693359e+02 6.438877487182615766e+01 3.429671096801757812e+01 3.085651397705078125e+01
2.256909694671630859e+02 6.385152149200438032e+01 3.415463638305664062e+01 3.047266197204589844e+01
2.251314620971679688e+02 6.353724002838133345e+01 3.417279052734375000e+01 3.044665336608886719e+01
2.258091335296630859e+02 6.301331329345701704e+01 3.307695388793945312e+01 3.047370910644531250e+01
2.253097038269042969e+02 6.322314262390135298e+01 3.331900787353515625e+01 2.979632949829101562e+01
2.249789657592773438e+02 6.371672344207762251e+01 3.475299072265625000e+01 2.979560279846191406e+01
2.243678302764892578e+02 6.323705959320066938e+01 3.392908859252929688e+01 3.030821418762207031e+01
2.242246570587158203e+02 6.290866088867186079e+01 3.462888717651367188e+01 3.065948486328125000e+01
2.238430538177490234e+02 6.283541965484617720e+01 3.491928482055664062e+01 3.054089164733886719e+01
2.238048286437988281e+02 6.369200515747068891e+01 3.358365631103515625e+01 3.009110260009765625e+01
2.230583667755126953e+02 6.494496917724607954e+01 3.248299789428710938e+01 2.906372070312500000e+01
2.232628154754638672e+02 6.532063198089598188e+01 3.274942398071289062e+01 2.918786811828613281e+01
2.228038387298583984e+02 6.550604438781736860e+01 3.364815139770507812e+01 2.939149093627929688e+01
2.223870964050292969e+02 6.532954978942869673e+01 3.420877838134765625e+01 2.962927627563476562e+01
2.235341091156005859e+02 6.526819992065428266e+01 3.388405227661132812e+01 2.953162384033203125e+01
2.226275577545166016e+02 6.503471660614012251e+01 3.394256210327148438e+01 2.990433692932128906e+01
2.217800121307373047e+02 6.598580932617186079e+01 3.321632766723632812e+01 2.970910644531250000e+01
2.210364742279052734e+02 6.601235580444334516e+01 3.111426162719726562e+01 2.933472442626953125e+01
2.186919155120849609e+02 6.562586498260496626e+01 3.516011428833007812e+01 3.078898048400878906e+01
2.160194377899169922e+02 6.615685939788816938e+01 3.522163772583007812e+01 2.879240608215332031e+01
2.148734073638916016e+02 6.699410533905027876e+01 3.508216476440429688e+01 2.747103309631347656e+01
2.129934844970703125e+02 6.827119922637938032e+01 3.457286071777343750e+01 2.798670005798339844e+01
2.118848686218261719e+02 6.907292652130125532e+01 3.410776519775390625e+01 3.018427085876464844e+01
2.101707592010498047e+02 6.916406726837156782e+01 3.371126174926757812e+01 3.134554100036621094e+01
2.083904666900634766e+02 7.097807407379148970e+01 3.343037033081054688e+01 3.140922355651855469e+01
2.077358913421630859e+02 7.144215011596678266e+01 3.538530349731445312e+01 3.103643035888671875e+01
2.077326984405517578e+02 7.172147560119627485e+01 3.497454452514648438e+01 3.162977218627929688e+01
2.059533061981201172e+02 7.235804653167723188e+01 3.331987380981445312e+01 3.146139717102050781e+01
2.050235958099365234e+02 7.350011539459227095e+01 3.463731765747070312e+01 3.112353324890136719e+01
2.043262081146240234e+02 7.397460079193113813e+01 3.435127639770507812e+01 3.100465583801269531e+01
2.040958099365234375e+02 7.527492141723631391e+01 3.357910156250000000e+01 3.033687591552734375e+01
2.029679546356201172e+02 7.541313934326170454e+01 3.545827102661132812e+01 3.276272583007812500e+01
2.028053836822509766e+02 7.621613502502439985e+01 3.462569808959960938e+01 3.163479232788085938e+01
2.020672492980957031e+02 7.596232604980467329e+01 3.500501251220703125e+01 3.225927734375000000e+01
2.014723892211914062e+02 7.669737339019773970e+01 3.416305541992187500e+01 3.136250114440917969e+01
2.006174392700195312e+02 7.794252014160154829e+01 3.346223449707031250e+01 3.027525329589843750e+01
2.000342674255371094e+02 7.602627372741697798e+01 3.502217864990234375e+01 3.191754531860351562e+01
1.990009670257568359e+02 7.672979259490965376e+01 3.406108474731445312e+01 3.173687171936035156e+01
1.970033817291259766e+02 7.645961189270018110e+01 3.385647201538085938e+01 3.212839889526367188e+01
1.967688865661621094e+02 7.712975883483885298e+01 3.571210479736328125e+01 3.115265274047851562e+01
1.947059192657470703e+02 7.649100112915037641e+01 3.398522567749023438e+01 3.136022186279296875e+01
1.934017906188964844e+02 7.645529270172117720e+01 3.499391937255859375e+01 3.129524040222167969e+01
1.918603916168212891e+02 7.630241584777830610e+01 3.257477951049804688e+01 3.125574874877929688e+01
1.900858497619628906e+02 7.583868789672850141e+01 3.256507110595703125e+01 3.218317413330078125e+01
1.892334060668945312e+02 7.699497032165525923e+01 3.217120361328125000e+01 2.912567520141601562e+01
1.880922489166259766e+02 7.837965679168699751e+01 3.337363815307617188e+01 2.974898719787597656e+01
1.858341217041015625e+02 7.901179122924803266e+01 3.235923767089843750e+01 2.966768646240234375e+01
1.844358844757080078e+02 7.932255935668943891e+01 3.532075119018554688e+01 3.217996978759765625e+01
1.838352222442626953e+02 7.893006706237791548e+01 3.518708419799804688e+01 2.952573013305664062e+01
1.829790077209472656e+02 7.907480907440184126e+01 3.464170074462890625e+01 3.070623207092285156e+01
1.820948429107666016e+02 8.041252708435057173e+01 3.389835739135742188e+01 2.996980667114257812e+01
1.808124256134033203e+02 8.088352584838865766e+01 3.434579086303710938e+01 2.997518157958984375e+01
1.800559253692626953e+02 8.005236434936522016e+01 3.381988143920898438e+01 3.133168792724609375e+01
1.784623832702636719e+02 8.106754875183104048e+01 3.399207305908203125e+01 2.892192459106445312e+01
1.761445369720458984e+02 8.178355979919432173e+01 3.491223526000976562e+01 2.972578811645507812e+01
1.753783664703369141e+02 8.006333732604979048e+01 3.265632247924804688e+01 3.109965896606445312e+01
1.750353851318359375e+02 8.164390754699705610e+01 3.345375061035156250e+01 3.048308944702148438e+01
1.752069969177246094e+02 8.173909854888914595e+01 3.337477874755859375e+01 3.115742301940917969e+01
1.735769033432006836e+02 8.320124149322508345e+01 3.027705574035644531e+01 3.020921134948730469e+01
1.726652355194091797e+02 8.279020977020262251e+01 3.378691482543945312e+01 3.131336402893066406e+01
1.709948501586914062e+02 8.378844833374022016e+01 3.169572448730468750e+01 3.027327728271484375e+01
1.701976642608642578e+02 8.450823020935057173e+01 3.427000045776367188e+01 3.024779129028320312e+01
1.691671085357666016e+02 8.341169834136961470e+01 3.360795211791992188e+01 3.141590690612792969e+01
1.681295557022094727e+02 8.418966865539549360e+01 3.149389457702636719e+01 3.033668136596679688e+01
1.672241039276123047e+02 8.438353347778318891e+01 3.259001541137695312e+01 3.036296844482421875e+01
1.647114410400390625e+02 8.540693950653074751e+01 3.388414001464843750e+01 2.955727577209472656e+01
1.641736431121826172e+02 8.373530673980711470e+01 3.234016799926757812e+01 3.124746513366699219e+01
1.627746887207031250e+02 8.426578807830809126e+01 2.998081970214843750e+01 2.953783607482910156e+01
1.627229738235473633e+02 8.510994052886961470e+01 3.117516136169433594e+01 3.053912162780761719e+01
1.604622135162353516e+02 8.420041847229002485e+01 3.103115463256835938e+01 3.093922042846679688e+01
1.612822017669677734e+02 8.548800754547117720e+01 3.106067276000976562e+01 2.980148124694824219e+01
1.592122211456298828e+02 8.626502704620359907e+01 3.193676376342773438e+01 2.828659629821777344e+01
1.570097103118896484e+02 8.713584423065184126e+01 3.211108779907226562e+01 2.776124000549316406e+01
1.564143056869506836e+02 8.568065166473387251e+01 3.145019721984863281e+01 2.961016273498535156e+01
1.531997127532958984e+02 8.587623977661131391e+01 3.247140884399414062e+01 2.933550262451171875e+01
1.515840187072753906e+02 8.622902774810789595e+01 3.283712005615234375e+01 2.911703300476074219e+01
1.475584812164306641e+02 8.679460430145262251e+01 3.424253463745117188e+01 2.927230262756347656e+01
1.457187328338623047e+02 8.691262626647947798e+01 3.507641983032226562e+01 2.896168899536132812e+01
1.463718643188476562e+02 8.781503391265867720e+01 3.175234985351562500e+01 2.717275810241699219e+01
1.431464309692382812e+02 8.660492706298826704e+01 3.307653808593750000e+01 2.760356140136718750e+01
1.435717430114746094e+02 8.779041290283201704e+01 3.240489959716796875e+01 2.511608886718750000e+01
1.406989059448242188e+02 8.685161972045897016e+01 3.294105529785156250e+01 2.566126251220703125e+01
1.390394172668457031e+02 8.685105800628660688e+01 3.376470184326171875e+01 2.649443244934082031e+01
1.374452590942382812e+02 8.805998516082762251e+01 3.452355957031250000e+01 2.723108863830566406e+01
1.355644588470458984e+02 8.631331348419188032e+01 3.349380874633789062e+01 2.887671470642089844e+01
1.344693489074707031e+02 8.793280982971189985e+01 3.249378204345703125e+01 2.828281784057617188e+01
1.290276126861572266e+02 8.679305839538572798e+01 3.621154403686523438e+01 2.829500198364257812e+01
1.288477878570556641e+02 8.902073955535887251e+01 3.347031784057617188e+01 2.656681251525878906e+01
1.210509929656982422e+02 8.859748077392576704e+01 3.884267044067382812e+01 2.697944641113281250e+01
1.197360286712646484e+02 8.903110027313231001e+01 3.835377883911132812e+01 2.879296302795410156e+01
1.177055530548095703e+02 8.809707260131834516e+01 3.549987411499023438e+01 2.622888946533203125e+01
1.163571891784667969e+02 8.743811893463133345e+01 3.433776092529296875e+01 2.876585197448730469e+01
1.155025730133056641e+02 8.692950439453123579e+01 3.406899642944335938e+01 2.950582885742187500e+01
1.157827510833740234e+02 8.807283401489256391e+01 3.374913406372070312e+01 2.849112701416015625e+01
1.164574851989746094e+02 8.851718330383299360e+01 3.193967437744140625e+01 2.753245162963867188e+01
1.182082481384277344e+02 8.916259384155272016e+01 3.403583526611328125e+01 2.848651885986328125e+01
1.194746150970458984e+02 9.015371227264402876e+01 3.492546463012695312e+01 2.802190589904785156e+01
1.217105998992919922e+02 8.990944385528563032e+01 3.599672317504882812e+01 2.795464134216308594e+01
1.222163143157958984e+02 9.077434635162352095e+01 3.790205764770507812e+01 2.786884880065917969e+01
1.251739826202392578e+02 9.140354728698729048e+01 3.543061447143554688e+01 2.955469131469726562e+01
1.250161800384521484e+02 9.120114994049070845e+01 3.860264968872070312e+01 2.952285575866699219e+01
1.280028686523437500e+02 9.120681858062742720e+01 3.870005798339843750e+01 2.861108207702636719e+01
1.314583263397216797e+02 9.057028961181639204e+01 3.590103530883789062e+01 2.847160339355468750e+01
1.360054512023925781e+02 9.167678356170652876e+01 3.663576507568359375e+01 2.953104591369628906e+01
1.392741146087646484e+02 9.119464683532713423e+01 3.607904434204101562e+01 2.913319778442382812e+01
1.422857646942138672e+02 9.208332729339598188e+01 3.557355117797851562e+01 2.843208503723144531e+01
1.461436748504638672e+02 9.148020744323729048e+01 3.596010208129882812e+01 2.876919937133789062e+01
1.492936038970947266e+02 8.883484172821043501e+01 3.655863571166992188e+01 3.096470069885253906e+01
1.536352596282958984e+02 8.798291587829588423e+01 3.648010635375976562e+01 3.061352920532226562e+01
1.579824695587158203e+02 8.772262763977049360e+01 3.507777023315429688e+01 3.106031417846679688e+01
1.614507236480712891e+02 8.849206829071043501e+01 3.567843246459960938e+01 2.923375892639160156e+01
1.662725048065185547e+02 8.668884372711180220e+01 3.558615493774414062e+01 3.026688957214355469e+01
1.700767517089843750e+02 8.795139503479002485e+01 3.592889404296875000e+01 2.677206039428710938e+01
1.741077747344970703e+02 8.655463409423826704e+01 3.690574264526367188e+01 2.851303100585937500e+01
1.792160625457763672e+02 8.714395236968992720e+01 3.476803970336914062e+01 2.950098991394042969e+01
1.835186691284179688e+02 8.635266780853270063e+01 3.555223083496093750e+01 2.882386970520019531e+01
1.860986919403076172e+02 8.435738086700438032e+01 3.455990982055664062e+01 3.031392478942871094e+01
1.896234283447265625e+02 8.401462650299070845e+01 3.251365661621093750e+01 2.887826347351074219e+01
1.934086170196533203e+02 8.541557884216307173e+01 3.580239486694335938e+01 2.914471817016601562e+01
1.949394416809082031e+02 8.159012603759764204e+01 3.637987518310546875e+01 3.229933166503906250e+01
2.005952835083007812e+02 8.183514022827147016e+01 3.597883605957031250e+01 3.333615875244140625e+01
2.042904891967773438e+02 8.202606487274168501e+01 3.278889465332031250e+01 3.155588722229003906e+01
2.075573749542236328e+02 8.233866596221922407e+01 3.234557723999023438e+01 3.119887351989746094e+01
2.101805210113525391e+02 8.236648464202879438e+01 3.388718795776367188e+01 3.063827705383300781e+01
2.125813484191894531e+02 8.116965293884275923e+01 3.528090667724609375e+01 3.049785232543945312e+01
2.144978504180908203e+02 8.005375862121580610e+01 3.390266036987304688e+01 3.132813644409179688e+01
2.165142135620117188e+02 7.995953941345213423e+01 3.480461120605468750e+01 3.111789321899414062e+01
2.174055919647216797e+02 7.954543209075926313e+01 3.463937759399414062e+01 3.151049995422363281e+01
2.179582862854003906e+02 8.092492675781248579e+01 3.233942413330078125e+01 3.012402343750000000e+01
2.191948699951171875e+02 8.133125972747801313e+01 3.519512939453125000e+01 2.943649482727050781e+01
2.225126533508300781e+02 7.896360874176023970e+01 3.600424957275390625e+01 3.079157829284667969e+01
2.230716705322265625e+02 7.942378616333006391e+01 3.684498596191406250e+01 2.839681243896484375e+01
2.260046100616455078e+02 7.765749359130857954e+01 3.704265975952148438e+01 2.850682067871093750e+01
2.278467426300048828e+02 8.010184669494627485e+01 3.692168807983398438e+01 2.889164352416992188e+01
2.307280273437500000e+02 7.754564476013182173e+01 3.496643066406250000e+01 3.024185562133789062e+01
2.305446338653564453e+02 7.683852195739744673e+01 3.607740402221679688e+01 3.264447402954101562e+01
2.326838817596435547e+02 7.749488067626951704e+01 3.460600662231445312e+01 2.995912170410156250e+01
2.363114700317382812e+02 7.749390792846678266e+01 3.432308959960937500e+01 2.818154144287109375e+01
2.397173767089843750e+02 7.510928630828856001e+01 3.566477966308593750e+01 2.716039466857910156e+01
2.409386959075927734e+02 7.494915485382078657e+01 3.272616958618164062e+01 2.812047386169433594e+01
2.447234802246093750e+02 7.482388973236082563e+01 3.361982727050781250e+01 2.894151496887207031e+01
2.461384906768798828e+02 7.396119403839109907e+01 3.469318771362304688e+01 2.898094749450683594e+01
2.497024574279785156e+02 6.939070892333982954e+01 3.525003814697265625e+01 3.349626159667968750e+01
2.533087577819824219e+02 6.791085433959959516e+01 3.395624542236328125e+01 3.389012908935546875e+01
2.559034233093261719e+02 6.777062034606932173e+01 3.282784271240234375e+01 3.211485671997070312e+01
2.585218906402587891e+02 7.011292839050291548e+01 3.402225875854492188e+01 3.008143997192382812e+01
2.618341770172119141e+02 6.918935394287107954e+01 3.593909835815429688e+01 3.251994323730468750e+01
2.642342548370361328e+02 7.012443065643309126e+01 3.241918563842773438e+01 3.014425086975097656e+01
2.639416961669921875e+02 6.774929428100584516e+01 3.205297851562500000e+01 3.240723419189453125e+01
2.645202255249023438e+02 6.252167320251463423e+01 3.395323181152343750e+01 3.443034744262695312e+01
2.622498054504394531e+02 6.017321586608885298e+01 4.051009368896484375e+01 3.601326370239257812e+01
2.636386375427246094e+02 5.809960174560545454e+01 3.687245941162109375e+01 3.407534790039062500e+01
2.621537303924560547e+02 5.530405044555662641e+01 4.084328079223632812e+01 3.630623626708984375e+01
2.591898899078369141e+02 5.512779617309568891e+01 4.284254074096679688e+01 3.565457916259765625e+01
2.578318386077880859e+02 5.451485443115232954e+01 4.235908889770507812e+01 3.579202270507812500e+01
2.576189975738525391e+02 5.364006042480467329e+01 3.958350753784179688e+01 3.568013000488281250e+01
2.592927188873291016e+02 5.418538475036618252e+01 4.313334274291992188e+01 3.501584243774414062e+01
2.684651069641113281e+02 5.301682472229001064e+01 3.478453826904296875e+01 3.579114913940429688e+01
2.660804748535156250e+02 5.304579925537106533e+01 3.653877258300781250e+01 3.255686950683593750e+01
2.564966335296630859e+02 5.009218883514400034e+01 4.667634963989257812e+01 3.102443885803222656e+01
2.686867370605468750e+02 4.614541435241694955e+01 3.999003601074218750e+01 3.238763809204101562e+01
2.735647621154785156e+02 4.617369270324702768e+01 3.251538848876953125e+01 3.189054489135742188e+01
2.748158435821533203e+02 4.500942802429194955e+01 3.203417587280273438e+01 3.070042800903320312e+01
2.733244667053222656e+02 4.203620338439937143e+01 3.511841583251953125e+01 3.218923568725585938e+01
2.754393415451049805e+02 4.301036357879634409e+01 3.118081092834472656e+01 2.776859474182128906e+01
2.738216304779052734e+02 4.139944648742671518e+01 3.150461196899414062e+01 2.678788375854492188e+01
2.729845638275146484e+02 4.022352886199946909e+01 3.136090469360351562e+01 2.752390480041503906e+01
2.728084173202514648e+02 3.871070194244380502e+01 3.047169685363769531e+01 2.980306816101074219e+01
2.722462215423583984e+02 3.893090534210200815e+01 3.117563247680664062e+01 2.784294700622558594e+01
2.727870893478393555e+02 4.047365474700923471e+01 2.959780311584472656e+01 2.591543769836425781e+01
2.717269325256347656e+02 4.038450145721431284e+01 3.096385955810546875e+01 2.698113441467285156e+01
2.708223686218261719e+02 4.057921028137202768e+01 3.159366607666015625e+01 2.780562973022460938e+01
2.721896095275878906e+02 4.182113456726069955e+01 2.932839202880859375e+01 2.627621841430664062e+01
2.713320541381835938e+02 4.242258071899409799e+01 2.939924621582031250e+01 2.618950653076171875e+01
2.691170482635498047e+02 4.034786033630366830e+01 3.200134658813476562e+01 2.958754348754882812e+01
2.714462547302246094e+02 4.056097316741939096e+01 3.234085845947265625e+01 3.108635139465332031e+01
2.711056346893310547e+02 4.282793521881099252e+01 3.245433425903320312e+01 2.649757194519042969e+01
2.722162561416625977e+02 4.364069175720210580e+01 3.104517936706542969e+01 2.526546096801757812e+01
2.546853027343750000e+02 4.272276496887202768e+01 4.475547027587890625e+01 3.479696273803710938e+01
2.703236312866210938e+02 4.277177906036372690e+01 3.184525299072265625e+01 3.034915733337402344e+01
2.714167833328247070e+02 4.551347923278804330e+01 3.064314079284667969e+01 2.722761917114257812e+01
2.731306686401367188e+02 4.596202850341792612e+01 2.944185638427734375e+01 2.704705810546875000e+01
2.738759994506835938e+02 4.822075366973872690e+01 2.707802581787109375e+01 2.573102378845214844e+01
2.723890447616577148e+02 4.800598144531245737e+01 2.920052528381347656e+01 2.708773803710937500e+01
2.768196458816528320e+02 4.974772357940669565e+01 2.546891593933105469e+01 2.621350669860839844e+01
2.712348489761352539e+02 4.943441867828364877e+01 2.985496330261230469e+01 2.688139152526855469e+01
2.739596652984619141e+02 4.945413303375239877e+01 2.995072555541992188e+01 2.790913200378417969e+01
2.566233682632446289e+02 5.232645988464351205e+01 2.792738151550292969e+01 2.647458267211914062e+01
2.747191009521484375e+02 5.060978603363032846e+01 2.753274536132812500e+01 2.491502571105957031e+01
2.757393407821655273e+02 5.257949161529536752e+01 2.666646003723144531e+01 2.506298637390136719e+01
2.736947650909423828e+02 5.205487728118892221e+01 2.912647628784179688e+01 2.806686592102050781e+01
2.756665239334106445e+02 5.164097595214839487e+01 2.732582664489746094e+01 2.679916381835937500e+01
2.770481595993041992e+02 5.258764171600337534e+01 2.750455665588378906e+01 2.626232337951660156e+01
2.735332412719726562e+02 5.353541660308833627e+01 3.014355468750000000e+01 2.577354240417480469e+01
2.736192188262939453e+02 5.489819526672359018e+01 2.852511215209960938e+01 2.683755111694335938e+01
2.697979564666748047e+02 5.265990734100337534e+01 3.162039566040039062e+01 3.020517921447753906e+01
2.751497316360473633e+02 5.664918231964107065e+01 2.688919639587402344e+01 2.799713706970214844e+01
2.549115371704101562e+02 5.443119716644282846e+01 2.687084960937500000e+01 2.924720954895019531e+01
2.582246017456054688e+02 5.607254314422603159e+01 4.586436462402343750e+01 3.180866432189941406e+01
2.589698963165283203e+02 5.671314239501948862e+01 4.523763656616210938e+01 3.009518432617187500e+01
2.565516605377197266e+02 5.695140457153316049e+01 4.727817916870117188e+01 3.295967864990234375e+01
2.586421546936035156e+02 5.819763946533198862e+01 4.193460845947265625e+01 3.235334777832031250e+01
2.588955841064453125e+02 5.789490318298335580e+01 3.993737792968750000e+01 3.331903457641601562e+01
2.576497268676757812e+02 5.928336620330806284e+01 4.274288940429687500e+01 3.126293373107910156e+01
2.550811214447021484e+02 6.112572860717769174e+01 4.609090042114257812e+01 3.067075347900390625e+01
2.579011497497558594e+02 6.231143665313715019e+01 4.311373138427734375e+01 3.192033958435058594e+01
2.568674030303955078e+02 6.274638938903802909e+01 4.199760055541992188e+01 2.917694473266601562e+01
2.570091533660888672e+02 6.431634712219232597e+01 4.444478225708007812e+01 3.133422470092773438e+01
2.690054244995117188e+02 6.715023040771480112e+01 3.328378295898437500e+01 2.670979309082031250e+01
2.604639701843261719e+02 6.540983772277827768e+01 4.122566986083984375e+01 2.913338851928710938e+01
2.603036594390869141e+02 6.656707096099849252e+01 3.697539901733398438e+01 2.839762687683105469e+01
2.559967212677001953e+02 6.551138782501216440e+01 4.134830856323242188e+01 2.977048301696777344e+01
2.552685432434082031e+02 6.541150665283198862e+01 4.316387176513671875e+01 2.999674987792968750e+01
2.579326210021972656e+02 6.604345417022700815e+01 3.877149200439453125e+01 2.934767723083496094e+01
2.532469844818115234e+02 6.672720527648921518e+01 3.480626296997070312e+01 2.858166122436523438e+01
2.550529661178588867e+02 6.801247024536128549e+01 3.016611671447753906e+01 2.688941192626953125e+01
2.563845329284667969e+02 6.875246429443355112e+01 2.604120635986328125e+01 2.611874389648437500e+01
2.539078712463378906e+02 7.013580131530757455e+01 3.361951446533203125e+01 2.538281631469726562e+01
2.524906597137451172e+02 7.087596225738521127e+01 2.997681045532226562e+01 2.562823295593261719e+01
2.549739942550659180e+02 7.154417705535884409e+01 2.414106178283691406e+01 2.422442054748535156e+01
2.518391294479370117e+02 7.091304683685298471e+01 2.312652015686035156e+01 2.466199684143066406e+01
2.527465772628784180e+02 7.146922779083247690e+01 2.299638557434082031e+01 2.407068443298339844e+01
2.518005456924438477e+02 7.125413894653317470e+01 2.335132408142089844e+01 2.398264312744140625e+01
2.489102821350097656e+02 7.232860279083249111e+01 2.849848175048828125e+01 2.386360740661621094e+01
2.498891801834106445e+02 7.288073730468747158e+01 2.801589012145996094e+01 2.279606628417968750e+01
2.529640102386474609e+02 7.277526092529294033e+01 2.560953140258789062e+01 2.243392181396484375e+01
2.523084545135498047e+02 7.278034973144528408e+01 2.478046035766601562e+01 2.153701782226562500e+01
2.508937587738037109e+02 7.157306098937985439e+01 2.574719619750976562e+01 2.247007369995117188e+01
2.498183898925781250e+02 7.158327198028561611e+01 2.897874450683593750e+01 2.326286125183105469e+01
2.536076364517211914e+02 7.138158226013180752e+01 2.735177421569824219e+01 2.406370162963867188e+01
2.526641149520874023e+02 7.244994926452633877e+01 2.805620765686035156e+01 2.494623947143554688e+01
2.535294685363769531e+02 7.355966663360592861e+01 2.601980590820312500e+01 2.372958183288574219e+01
2.496484899520874023e+02 7.362862968444821377e+01 2.248950386047363281e+01 2.484836196899414062e+01
2.434236516952514648e+02 7.276025581359860439e+01 2.608204078674316406e+01 3.633298873901367188e+01
2.451964521408081055e+02 7.284074497222897548e+01 2.380159187316894531e+01 2.733480644226074219e+01
2.402112979888916016e+02 7.195686721801754970e+01 3.001099777221679688e+01 3.800304412841796875e+01
2.406091890335083008e+02 7.498769950866696377e+01 3.167886924743652344e+01 3.316942214965820312e+01
2.376903285980224609e+02 7.419213867187497158e+01 3.644148635864257812e+01 3.734848022460937500e+01
2.377588253021240234e+02 7.065272331237790127e+01 3.538862991333007812e+01 4.385182571411132812e+01
2.383608913421630859e+02 7.280932617187497158e+01 2.705075454711914062e+01 3.362908935546875000e+01
2.293713617324829102e+02 7.529565048217770595e+01 3.182855033874511719e+01 3.767488861083984375e+01
2.333675851821899414e+02 7.529203987121579189e+01 2.639185905456542969e+01 3.530439376831054688e+01
2.308718452453613281e+02 7.535864734649655361e+01 2.787004852294921875e+01 3.049858665466308594e+01
2.285389509201049805e+02 7.531707000732419033e+01 2.628771400451660156e+01 3.081835937500000000e+01
2.266788339614868164e+02 7.690947532653805752e+01 2.603573417663574219e+01 3.126318740844726562e+01
2.308492889404296875e+02 7.783108234405514736e+01 2.411590576171875000e+01 2.870613670349121094e+01
2.276299962997436523e+02 7.596975326538083095e+01 2.424717903137207031e+01 3.024829864501953125e+01
2.258087043762207031e+02 7.642540931701657314e+01 2.485753631591796875e+01 3.156647872924804688e+01
2.284976854324340820e+02 7.573086071014401455e+01 2.620136070251464844e+01 3.046177101135253906e+01
2.260641021728515625e+02 7.740320301055905361e+01 2.445475769042968750e+01 2.982956504821777344e+01
2.240370254516601562e+02 7.576550197601315517e+01 2.685787963867187500e+01 3.036961555480957031e+01
2.224883222579956055e+02 7.461358356475827236e+01 2.591253089904785156e+01 2.946033287048339844e+01
2.232543334960937500e+02 7.652604198455807705e+01 2.717079162597656250e+01 3.026459693908691406e+01
2.188071508407592773e+02 7.723862457275387783e+01 2.338960456848144531e+01 2.873666381835937500e+01
2.184498205184936523e+02 7.632714366912838955e+01 2.221463203430175781e+01 2.729146766662597656e+01
2.222587089538574219e+02 7.747434425354001064e+01 3.732021331787109375e+01 3.134486007690429688e+01
2.235985021591186523e+02 7.828626441955563564e+01 2.270822334289550781e+01 3.045672225952148438e+01
2.133251647949218750e+02 7.495022583007809658e+01 2.336294555664062500e+01 3.179695892333984375e+01
2.144303903579711914e+02 7.664041996002194423e+01 2.507806205749511719e+01 2.902214622497558594e+01
2.142487573623657227e+02 7.757324600219723720e+01 2.549917411804199219e+01 2.942338562011718750e+01
2.204335737228393555e+02 7.542447566986081142e+01 2.910834693908691406e+01 3.004514503479003906e+01
2.140564231872558594e+02 7.773694133758542080e+01 2.440615081787109375e+01 3.164291572570800781e+01
2.132696714401245117e+02 7.567982959747311611e+01 2.670910072326660156e+01 3.097747611999511719e+01
2.131746149063110352e+02 7.482986450195309658e+01 2.662022209167480469e+01 3.319046783447265625e+01
2.149144239425659180e+02 7.534425830841061611e+01 2.400771522521972656e+01 3.005753898620605469e+01
2.148262434005737305e+02 7.631147193908688564e+01 2.472286415100097656e+01 2.905156326293945312e+01
2.135146493911743164e+02 7.633496475219723720e+01 2.478053092956542969e+01 3.029975891113281250e+01
2.184960432052612305e+02 7.756712627410885830e+01 2.653534889221191406e+01 3.103753852844238281e+01
2.161320533752441406e+02 7.508797073364254970e+01 2.464240264892578125e+01 2.830636596679687500e+01
2.216854200363159180e+02 7.560297298431393642e+01 2.308510780334472656e+01 3.072139930725097656e+01
2.220919990539550781e+02 7.653597068786618252e+01 2.936730194091796875e+01 3.171305465698242188e+01
2.252036752700805664e+02 7.610505771636960048e+01 2.244779777526855469e+01 3.055275535583496094e+01
2.225159244537353516e+02 7.502143096923825283e+01 2.533652877807617188e+01 2.876177978515625000e+01
2.216048679351806641e+02 7.467662620544430752e+01 2.424224472045898438e+01 3.163344192504882812e+01
2.253486366271972656e+02 7.544797515869137783e+01 2.448822784423828125e+01 2.955718994140625000e+01
2.230929641723632812e+02 7.422860717773434658e+01 2.363739013671875000e+01 3.001934814453125000e+01
2.288263645172119141e+02 7.445422935485837002e+01 2.986269760131835938e+01 3.334398269653320312e+01
2.283242940902709961e+02 7.257157707214352627e+01 3.118402290344238281e+01 3.268188858032226562e+01
2.299752702713012695e+02 7.251088905334469814e+01 2.522217369079589844e+01 3.180375289916992188e+01
2.314300479888916016e+02 7.282930183410641689e+01 3.342097091674804688e+01 3.504133224487304688e+01
2.333549795150756836e+02 6.615803623199460048e+01 3.067114448547363281e+01 2.939956474304199219e+01
2.457170953750610352e+02 7.399824142456051845e+01 2.541851615905761719e+01 3.426280975341796875e+01
2.303512115478515625e+02 4.977390289306637783e+01 3.515673828125000000e+01 3.359834289550781250e+01
2.436136674880981445e+02 5.358689880371090908e+01 2.900594139099121094e+01 3.497257995605468750e+01
2.535491991043090820e+02 6.521255493164059658e+01 3.152367210388183594e+01 3.452693176269531250e+01
2.363892917633056641e+02 5.250081634521481533e+01 3.789843368530273438e+01 4.184310913085937500e+01
2.453480949401855469e+02 6.490103530883786220e+01 3.819898223876953125e+01 3.472977447509765625e+01
2.566181602478027344e+02 6.316166210174557705e+01 2.816744232177734375e+01 2.988596534729003906e+01
2.606486053466796875e+02 6.459902000427243252e+01 2.649490356445312500e+01 2.558732986450195312e+01
2.612956981658935547e+02 6.316284084320065517e+01 2.509486770629882812e+01 2.755810737609863281e+01
2.610929241180419922e+02 6.151493072509762783e+01 2.693277359008789062e+01 2.533253479003906250e+01
2.614826440811157227e+02 5.942005157470700283e+01 2.580503654479980469e+01 2.665167236328125000e+01
2.626759071350097656e+02 5.879730796813962002e+01 2.411985015869140625e+01 2.609070205688476562e+01
2.616002855300903320e+02 5.693792533874508877e+01 2.598506736755371094e+01 2.729592514038085938e+01
2.620734548568725586e+02 5.570498657226559658e+01 2.563080024719238281e+01 2.750637054443359375e+01
2.640872755050659180e+02 5.422599792480465908e+01 2.418560218811035156e+01 2.672327423095703125e+01
2.640478649139404297e+02 5.262958908081051845e+01 2.714299392700195312e+01 2.782978820800781250e+01
2.645052843093872070e+02 5.427690219879147548e+01 2.575084495544433594e+01 2.553146934509277344e+01
2.645388460159301758e+02 5.121312999725338955e+01 2.640129661560058594e+01 2.898217964172363281e+01
2.618864288330078125e+02 5.465693378448483486e+01 3.073295593261718750e+01 3.084599113464355469e+01
2.614015769958496094e+02 5.729368114471432705e+01 2.806917572021484375e+01 2.942836189270019531e+01
2.616080160140991211e+02 5.839114379882809658e+01 3.092854499816894531e+01 2.803272247314453125e+01
2.353033351898193359e+02 5.848113918304440517e+01 3.774902725219726562e+01 3.000084877014160156e+01
2.565533714294433594e+02 5.886259746551510830e+01 3.365703582763671875e+01 3.197769355773925781e+01
2.526339359283447266e+02 6.159545326232907314e+01 3.427674484252929688e+01 2.848817825317382812e+01
2.339371318817138672e+02 6.111747074127194423e+01 2.857715225219726562e+01 2.944582176208496094e+01
2.547980136871337891e+02 6.109923934936520595e+01 3.239406967163085938e+01 3.015667724609375000e+01
2.550208301544189453e+02 5.977395915985104580e+01 3.453031539916992188e+01 2.990323066711425781e+01
2.325303421020507812e+02 6.037307929992672939e+01 3.431504821777343750e+01 3.277504348754882812e+01
2.627276411056518555e+02 5.991302394866940517e+01 2.941169166564941406e+01 2.790683937072753906e+01
2.631077642440795898e+02 5.872749423980710048e+01 3.017282295227050781e+01 2.823560142517089844e+01
2.623252735137939453e+02 5.755821609497067470e+01 2.978413009643554688e+01 2.846546936035156250e+01
2.354414863586425781e+02 6.165615081787106533e+01 2.991423797607421875e+01 3.478783416748046875e+01
2.351026344299316406e+02 6.066361618041989345e+01 4.935088348388671875e+01 2.978356933593750000e+01
2.540900821685791016e+02 5.869469833374020595e+01 3.513186264038085938e+01 3.451269531250000000e+01
2.538925971984863281e+02 6.106121826171872158e+01 3.441886138916015625e+01 3.399254608154296875e+01
2.509074497222900391e+02 6.075846099853512783e+01 3.684354782104492188e+01 3.458783721923828125e+01
2.486387786865234375e+02 6.108026123046872158e+01 3.783795166015625000e+01 3.532353973388671875e+01
2.402370128631591797e+02 6.261744880676266689e+01 4.519673538208007812e+01 3.592183303833007812e+01
2.369095172882080078e+02 6.332256317138669033e+01 4.173954391479492188e+01 3.479611968994140625e+01
2.383867244720458984e+02 6.546312713623044033e+01 3.861848831176757812e+01 3.665660858154296875e+01
2.367882423400878906e+02 6.729260253906247158e+01 3.777245330810546875e+01 3.317070770263671875e+01
2.349452953338623047e+02 6.924079418182370205e+01 3.686160659790039062e+01 3.162968635559082031e+01
2.330640182495117188e+02 7.132612609863278408e+01 3.643902587890625000e+01 2.867049407958984375e+01
2.317802524566650391e+02 7.365916728973385830e+01 3.586291122436523438e+01 2.947868537902832031e+01
2.294147682189941406e+02 7.405382061004635830e+01 3.622873687744140625e+01 3.106611824035644531e+01
2.267407855987548828e+02 7.506633186340329189e+01 3.564443588256835938e+01 3.114256668090820312e+01
2.247280139923095703e+02 7.755426597595212002e+01 3.622929000854492188e+01 3.177996444702148438e+01
2.212796115875244141e+02 7.919376373291012783e+01 3.607297897338867188e+01 3.191988372802734375e+01
2.162318744659423828e+02 8.154023075103756923e+01 3.887285995483398438e+01 2.912209129333496094e+01
2.149501113891601562e+02 8.369677543640133877e+01 3.698103332519531250e+01 3.094282150268554688e+01
2.126601715087890625e+02 8.607043457031247158e+01 3.478009033203125000e+01 2.872304534912109375e+01
2.106494483947753906e+02 8.573437499999997158e+01 3.497438812255859375e+01 2.986988067626953125e+01
2.107930812835693359e+02 8.674176311492917080e+01 3.494115066528320312e+01 2.936038398742675781e+01
2.105197048187255859e+02 8.652009105682370205e+01 3.546255874633789062e+01 2.961099433898925781e+01
2.098633480072021484e+02 8.635085201263424892e+01 3.476552200317382812e+01 2.984707069396972656e+01
2.093421192169189453e+02 8.603515148162838955e+01 3.534119796752929688e+01 2.898671150207519531e+01
2.079753532409667969e+02 8.622400474548337002e+01 3.528314971923828125e+01 2.861571884155273438e+01
2.070862445831298828e+02 8.653614616394040127e+01 3.449106979370117188e+01 2.882107162475585938e+01
2.057144947052001953e+02 8.664636898040768642e+01 3.416900253295898438e+01 2.805520057678222656e+01
2.023529911041259766e+02 8.749841880798337002e+01 3.437682723999023438e+01 2.893871688842773438e+01
2.003483963012695312e+02 8.802208614349362392e+01 3.380566406250000000e+01 2.956405067443847656e+01
1.974453754425048828e+02 8.736159610748288173e+01 3.600974655151367188e+01 3.130403709411621094e+01
1.971796054840087891e+02 8.965849304199215908e+01 3.530494308471679688e+01 2.867128753662109375e+01
1.936268787384033203e+02 8.646629047393795986e+01 3.648432540893554688e+01 3.155979728698730469e+01
1.926682910919189453e+02 8.737379932403561611e+01 3.630453109741210938e+01 3.149551200866699219e+01
1.899349632263183594e+02 8.827683448791501064e+01 3.546109771728515625e+01 3.050500869750976562e+01
1.872483234405517578e+02 8.871498107910153408e+01 3.643949508666992188e+01 3.009584808349609375e+01
1.844499397277832031e+02 9.049590015411374111e+01 3.492342376708984375e+01 2.659258842468261719e+01
1.816271419525146484e+02 9.086897754669186611e+01 3.902905654907226562e+01 2.946755790710449219e+01
1.788694763183593750e+02 8.880009269714352627e+01 3.339770507812500000e+01 2.902946090698242188e+01
1.753229084014892578e+02 9.152233791351315517e+01 3.569192123413085938e+01 2.958101844787597656e+01
1.733003368377685547e+02 9.179455184936520595e+01 3.479007339477539062e+01 2.744686889648437500e+01
1.715238952636718750e+02 9.128978443145749111e+01 3.389099121093750000e+01 2.800462150573730469e+01
1.693575401306152344e+02 9.240563297271725673e+01 3.470957183837890625e+01 2.712909507751464844e+01
1.672882423400878906e+02 9.376391792297360439e+01 3.396190643310546875e+01 2.600000381469726562e+01
1.656995582580566406e+02 9.351229858398434658e+01 3.316635894775390625e+01 2.695163726806640625e+01
1.639613132476806641e+02 9.351308917999264736e+01 3.298739242553710938e+01 2.734838676452636719e+01
1.614237651824951172e+02 9.303667545318600673e+01 3.489029312133789062e+01 2.963646507263183594e+01
1.615709648132324219e+02 9.386580562591549892e+01 3.564008331298828125e+01 2.981470680236816406e+01
1.625490627288818359e+02 9.365508842468258877e+01 3.336804580688476562e+01 2.834879684448242188e+01
1.647537975311279297e+02 9.402857971191403408e+01 3.329274368286132812e+01 2.508397674560546875e+01
1.665349884033203125e+02 9.450308895111081142e+01 3.570718383789062500e+01 2.583130836486816406e+01
1.698821067810058594e+02 9.423305892944333095e+01 3.463774871826171875e+01 2.748802185058593750e+01
1.726788578033447266e+02 9.480414390563962002e+01 3.371032333374023438e+01 2.515763473510742188e+01
1.762506866455078125e+02 9.692432498931881923e+01 3.411833190917968750e+01 2.614229393005371094e+01
1.803766422271728516e+02 9.456979084014889736e+01 3.314368820190429688e+01 2.802703666687011719e+01
1.825083827972412109e+02 9.676849651336667080e+01 3.411223220825195312e+01 2.705137825012207031e+01
1.836859226226806641e+02 9.811358928680417080e+01 3.232882308959960938e+01 2.704629707336425781e+01
1.853471183776855469e+02 9.995251941680905361e+01 3.393625640869140625e+01 2.607473564147949219e+01
1.873796463012695312e+02 1.017390642166137411e+02 3.347401428222656250e+01 2.549380302429199219e+01
1.887713527679443359e+02 1.032491359710693075e+02 3.385860061645507812e+01 2.554175949096679688e+01
1.890004673004150391e+02 1.029274549484252645e+02 3.341646957397460938e+01 2.807335090637207031e+01
1.897602920532226562e+02 1.048915319442748739e+02 3.384701538085937500e+01 2.572959327697753906e+01
1.895397262573242188e+02 1.057862281799316122e+02 3.484733581542968750e+01 2.622473144531250000e+01
1.897849044799804688e+02 1.063496522903442099e+02 3.318778991699218750e+01 2.643430900573730469e+01
1.889321060180664062e+02 1.074547224044799520e+02 3.403656005859375000e+01 2.621516609191894531e+01
1.898153686523437500e+02 1.076195468902587606e+02 3.338922119140625000e+01 2.646216201782226562e+01
1.898256053924560547e+02 1.093932666778564169e+02 3.318312454223632812e+01 2.448949050903320312e+01
1.902525730133056641e+02 1.106671171188354208e+02 3.453039169311523438e+01 2.418329048156738281e+01
1.902653312683105469e+02 1.111925954818725302e+02 3.299454498291015625e+01 2.550519752502441406e+01
1.891399631500244141e+02 1.116249132156371786e+02 3.414423751831054688e+01 2.503735160827636719e+01
1.892921733856201172e+02 1.109795885086059286e+02 3.574049758911132812e+01 2.677026176452636719e+01
1.889675197601318359e+02 1.140572938919067099e+02 3.481348037719726562e+01 2.620139884948730469e+01
1.904752483367919922e+02 1.151929492950439169e+02 3.645759963989257812e+01 3.651753616333007812e+01
1.910785007476806641e+02 1.172261505126952841e+02 3.589852523803710938e+01 3.670757293701171875e+01
1.892549171447753906e+02 1.169798698425292685e+02 3.718761444091796875e+01 3.658023071289062500e+01
1.890225830078125000e+02 1.196354198455810263e+02 3.759497070312500000e+01 3.777373886108398438e+01
1.897097091674804688e+02 1.200643272399902060e+02 3.525462341308593750e+01 3.362557983398437500e+01
1.893965797424316406e+02 1.215183677673339275e+02 3.576436614990234375e+01 3.543307495117187500e+01
1.904197864532470703e+02 1.206598815917968182e+02 3.437137985229492188e+01 3.355049896240234375e+01
1.886756763458251953e+02 1.231192817687987713e+02 3.579053878784179688e+01 3.566096496582031250e+01
1.885554542541503906e+02 1.214545078277587322e+02 3.584403228759765625e+01 3.371677017211914062e+01
1.900348243713378906e+02 1.228545188903808025e+02 3.372272491455078125e+01 3.321531677246093750e+01
1.911954669952392578e+02 1.238977165222167400e+02 3.249769210815429688e+01 3.528501892089843750e+01
1.905363979339599609e+02 1.233330097198485760e+02 3.331740188598632812e+01 3.188457107543945312e+01
1.906285648345947266e+02 1.240745677947997478e+02 3.289463424682617188e+01 3.378184127807617188e+01
1.909024648666381836e+02 1.246414394378661541e+02 3.194279670715332031e+01 3.294735336303710938e+01
1.916563339233398438e+02 1.234947395324706463e+02 3.295133972167968750e+01 3.220605468750000000e+01
1.923288822174072266e+02 1.245277433395385174e+02 3.098395919799804688e+01 3.185174751281738281e+01
1.924367532730102539e+02 1.242404022216796307e+02 3.092324638366699219e+01 3.439221954345703125e+01
1.926407823562622070e+02 1.245615005493163494e+02 3.083049583435058594e+01 3.165927886962890625e+01
1.920880651473999023e+02 1.237405033111571697e+02 3.055920600891113281e+01 3.300880813598632812e+01
1.921061992645263672e+02 1.238400039672850994e+02 3.084164810180664062e+01 3.277913665771484375e+01
1.917155151367187500e+02 1.220973453521727947e+02 3.091029357910156250e+01 3.332228469848632812e+01
1.904511985778808594e+02 1.220208015441893963e+02 3.339138031005859375e+01 3.878141784667968750e+01
1.903676548004150391e+02 1.206810092926024822e+02 3.366965866088867188e+01 3.265835952758789062e+01
1.897799682617187500e+02 1.184084339141845135e+02 3.693618774414062500e+01 3.701669692993164062e+01
1.843711299896240234e+02 1.145293312072753338e+02 4.251800918579101562e+01 3.846206665039062500e+01
1.886631469726562500e+02 1.144664669036864666e+02 3.769772338867187500e+01 3.910340499877929688e+01
1.871258220672607422e+02 1.114785861968993572e+02 3.616586685180664062e+01 3.246759414672851562e+01
1.879987487792968750e+02 1.112106990814208416e+02 3.549101257324218750e+01 2.734888839721679688e+01
1.891583423614501953e+02 1.099730539321898846e+02 3.275074386596679688e+01 2.565886497497558594e+01
1.896137905120849609e+02 1.091041212081908611e+02 3.289287185668945312e+01 2.617247200012207031e+01
1.882303123474121094e+02 1.081208925247191814e+02 3.023079681396484375e+01 2.485822868347167969e+01
1.877461566925048828e+02 1.056053752899169353e+02 3.401049423217773438e+01 2.692849349975585938e+01
1.861453552246093750e+02 1.054962911605834393e+02 3.260751342773437500e+01 2.614800453186035156e+01
1.864937925338745117e+02 1.035496664047240643e+02 3.072165870666503906e+01 2.731310462951660156e+01
1.855704622268676758e+02 1.025685081481933025e+02 3.127283287048339844e+01 2.714550781250000000e+01
1.843532466888427734e+02 1.027112226486205486e+02 3.273776626586914062e+01 2.755443000793457031e+01
1.830369224548339844e+02 1.013474817276000408e+02 3.185214996337890625e+01 2.848030662536621094e+01
1.826889400482177734e+02 1.019051055908202557e+02 3.163473892211914062e+01 2.754035186767578125e+01
1.806857528686523438e+02 1.006268320083617596e+02 3.345814514160156250e+01 2.874120140075683594e+01
1.805148324966430664e+02 1.001696596145629314e+02 3.116544914245605469e+01 2.784060478210449219e+01
1.793499717712402344e+02 1.005338764190673260e+02 3.365453338623046875e+01 2.802470779418945312e+01
1.784301795959472656e+02 9.906680583953851738e+01 3.253597259521484375e+01 2.850380134582519531e+01
1.766487331390380859e+02 1.014885177612304119e+02 3.511328506469726562e+01 2.671851348876953125e+01
1.760050201416015625e+02 9.951091575622552909e+01 3.377679443359375000e+01 2.914879989624023438e+01
1.753980941772460938e+02 1.007032709121703533e+02 3.312022399902343750e+01 2.803433799743652344e+01
1.742299404144287109e+02 1.009982738494872478e+02 3.381480789184570312e+01 2.739142990112304688e+01
1.720509700775146484e+02 1.014699974060058025e+02 3.297162246704101562e+01 2.726417541503906250e+01
1.710877494812011719e+02 9.983123016357416191e+01 3.422757720947265625e+01 2.927191925048828125e+01
1.693942356109619141e+02 9.951113033294672050e+01 3.395159530639648438e+01 2.968714332580566406e+01
1.685961589813232422e+02 9.968607330322259941e+01 3.371944046020507812e+01 2.898246002197265625e+01
1.669620819091796875e+02 9.803450393676752128e+01 3.431326293945312500e+01 2.860285949707031250e+01
1.649926929473876953e+02 9.952591228485101738e+01 3.368461227416992188e+01 2.849147224426269531e+01
1.647002925872802734e+02 9.944468402862543144e+01 3.517131423950195312e+01 2.998588371276855469e+01
1.626068210601806641e+02 9.883441925048822441e+01 3.535111618041992188e+01 2.965322113037109375e+01
1.627418212890625000e+02 9.791558361053461113e+01 3.530816650390625000e+01 2.978024482727050781e+01
1.615990409851074219e+02 9.937042617797845878e+01 3.466147613525390625e+01 2.937756347656250000e+01
1.603535594940185547e+02 9.859967517852777519e+01 3.490167617797851562e+01 3.127515983581542969e+01
1.605040931701660156e+02 9.867229557037347831e+01 3.362139129638671875e+01 3.076054954528808594e+01
1.603367595672607422e+02 9.691572952270502128e+01 3.516887283325195312e+01 3.065979003906250000e+01
1.609875583648681641e+02 9.835414314270013847e+01 3.433370590209960938e+01 3.016617202758789062e+01
1.603227901458740234e+02 9.760451698303216972e+01 3.553647232055664062e+01 3.189853286743164062e+01
1.613885936737060547e+02 9.804231166839593925e+01 3.556641006469726562e+01 3.130964088439941406e+01
1.626571807861328125e+02 9.847286987304681816e+01 3.517095947265625000e+01 3.147873687744140625e+01
1.635246353149414062e+02 9.841237545013422050e+01 3.586755371093750000e+01 3.104145240783691406e+01
1.655879325866699219e+02 9.942465591430658378e+01 3.652379608154296875e+01 3.024664306640625000e+01
1.685226459503173828e+02 9.878571605682367363e+01 3.481060409545898438e+01 3.024411201477050781e+01
1.713515911102294922e+02 1.012914228439330486e+02 3.358086013793945312e+01 2.632464790344238281e+01
1.728356742858886719e+02 1.009092893600463299e+02 3.357169342041015625e+01 2.725561714172363281e+01
1.746377124786376953e+02 1.012219724655150799e+02 3.447568893432617188e+01 2.555142402648925781e+01
1.799575309753417969e+02 1.032389068603515057e+02 3.464800262451171875e+01 2.645775604248046875e+01
1.823593387603759766e+02 1.033694343566893963e+02 3.250155258178710938e+01 2.517747497558593750e+01
1.835609931945800781e+02 1.040808820724486736e+02 3.518398284912109375e+01 2.479226875305175781e+01
1.867313270568847656e+02 1.049608716964721111e+02 3.390709686279296875e+01 2.569662666320800781e+01
1.880487709045410156e+02 1.050402879714965252e+02 3.453084564208984375e+01 2.675265312194824219e+01
1.915720119476318359e+02 1.054029397964476971e+02 3.355517959594726562e+01 2.626109886169433594e+01
1.941111068725585938e+02 1.043936500549315838e+02 3.288317871093750000e+01 2.592237854003906250e+01
1.950834693908691406e+02 1.061256704330443768e+02 3.809374237060546875e+01 2.826751136779785156e+01
1.975113258361816406e+02 1.071105880737304119e+02 3.366616058349609375e+01 2.541634368896484375e+01
1.987540264129638672e+02 1.079309787750243572e+02 3.289119338989257812e+01 2.682942581176757812e+01
2.002277603149414062e+02 1.083010072708129314e+02 3.314045715332031250e+01 2.805483818054199219e+01
2.014544458389282227e+02 1.089437437057494549e+02 3.192858695983886719e+01 2.746588325500488281e+01
2.015291452407836914e+02 1.096365747451781658e+02 3.087461662292480469e+01 2.822311973571777344e+01
2.015809402465820312e+02 1.102330808639525799e+02 3.111659240722656250e+01 2.664013862609863281e+01
2.015563230514526367e+02 1.102767038345336346e+02 3.126136207580566406e+01 2.619054222106933594e+01
2.006526479721069336e+02 1.122715702056884197e+02 3.074534797668457031e+01 2.615715408325195312e+01
2.014679269790649414e+02 1.131370830535888103e+02 2.956828117370605469e+01 2.417827987670898438e+01
2.027883892059326172e+02 1.126286945343017010e+02 3.399916458129882812e+01 2.737002944946289062e+01
2.045388336181640625e+02 1.121945934295653728e+02 3.455934143066406250e+01 2.693987655639648438e+01
2.065029869079589844e+02 1.134320411682128338e+02 3.248822784423828125e+01 2.463798522949218750e+01
2.089227285385131836e+02 1.113648366928100018e+02 2.902560615539550781e+01 2.673331642150878906e+01
2.128227272033691406e+02 1.123395376205443768e+02 3.253449249267578125e+01 2.689788246154785156e+01
2.141231346130371094e+02 1.112662639617919353e+02 3.353856658935546875e+01 3.023070907592773438e+01
2.142574157714843750e+02 1.113131227493285564e+02 3.290983581542968750e+01 3.001568412780761719e+01
2.183697366714477539e+02 1.115205011367797283e+02 3.174581718444824219e+01 3.060321617126464844e+01
2.210943946838378906e+02 1.111304798126220135e+02 3.345270538330078125e+01 3.076593399047851562e+01
2.232493820190429688e+02 1.111717319488524822e+02 3.288412475585937500e+01 3.025227737426757812e+01
2.252599611282348633e+02 1.112925767898559002e+02 3.194315147399902344e+01 3.000343132019042969e+01
2.275580110549926758e+02 1.108663530349730877e+02 3.175816917419433594e+01 2.969444084167480469e+01
2.301520509719848633e+02 1.090360927581786541e+02 3.195505332946777344e+01 3.262981796264648438e+01
2.310552234649658203e+02 1.102525596618651775e+02 3.268490219116210938e+01 3.214570617675781250e+01
2.319710903167724609e+02 1.101283149719237713e+02 3.210286331176757812e+01 3.050955200195312500e+01
2.319955997467041016e+02 1.103088645935058025e+02 3.215745162963867188e+01 3.116644287109375000e+01
2.325119180679321289e+02 1.103103313446044353e+02 3.190989494323730469e+01 3.123034286499023438e+01
2.338487749099731445e+02 1.108748464584350018e+02 3.063016319274902344e+01 2.958037757873535156e+01
2.327522106170654297e+02 1.113493633270263103e+02 3.173392105102539062e+01 3.137992477416992188e+01
2.320342864990234375e+02 1.120930118560790447e+02 3.267573547363281250e+01 3.173926162719726562e+01
2.321109619140625000e+02 1.133486480712890057e+02 3.267762756347656250e+01 3.119728851318359375e+01
2.319269275665283203e+02 1.140946836471557049e+02 3.238300704956054688e+01 3.040220832824707031e+01
2.300698289871215820e+02 1.148133831024169353e+02 3.064125633239746094e+01 2.993888473510742188e+01
2.281386775970458984e+02 1.146458597183226971e+02 3.291716384887695312e+01 3.046834373474121094e+01
2.255763454437255859e+02 1.159155492782592205e+02 3.340185928344726562e+01 2.994979286193847656e+01
2.236910152435302734e+02 1.158369321823119549e+02 3.347172927856445312e+01 3.054327583312988281e+01
2.227069530487060547e+02 1.157883796691893963e+02 3.431705093383789062e+01 3.195846557617187500e+01
2.208766002655029297e+02 1.154989967346190838e+02 3.562633132934570312e+01 3.242527770996093750e+01
2.193587894439697266e+02 1.157696905136107830e+02 3.418189620971679688e+01 3.197248268127441406e+01
2.191525344848632812e+02 1.161984424591063885e+02 3.391592407226562500e+01 3.119142532348632812e+01
2.173976764678955078e+02 1.174469146728515057e+02 3.304473495483398438e+01 3.039075469970703125e+01
2.178574028015136719e+02 1.173500318527221111e+02 3.238097381591796875e+01 2.769606208801269531e+01
2.161057491302490234e+02 1.179466857910155682e+02 3.414509963989257812e+01 2.985544586181640625e+01
2.161155757904052734e+02 1.164705991744994549e+02 3.369858169555664062e+01 3.069435310363769531e+01
2.163561382293701172e+02 1.164419231414794353e+02 3.231558609008789062e+01 3.037183761596679688e+01
2.160643634796142578e+02 1.152376184463500408e+02 3.264959335327148438e+01 3.137795066833496094e+01
2.159176483154296875e+02 1.158110818862914471e+02 3.203822326660156250e+01 3.139467430114746094e+01
2.150552577972412109e+02 1.154396743774413494e+02 3.294723892211914062e+01 3.162001800537109375e+01
2.137112388610839844e+02 1.151425552368163494e+02 3.432740020751953125e+01 3.270652008056640625e+01
2.147995700836181641e+02 1.150840435028075603e+02 3.262546920776367188e+01 3.179908370971679688e+01
2.139047565460205078e+02 1.145827770233153728e+02 3.500851058959960938e+01 3.330094528198242188e+01
2.133424434661865234e+02 1.135003261566161541e+02 3.589371109008789062e+01 2.992748641967773438e+01
2.136015834808349609e+02 1.123972988128661541e+02 3.617145156860351562e+01 3.226226425170898438e+01
2.132948369979858398e+02 1.122066249847411541e+02 3.160742378234863281e+01 2.867855453491210938e+01
2.110547733306884766e+02 1.132749042510985760e+02 3.292164230346679688e+01 3.219096755981445312e+01
2.085547065734863281e+02 1.116728658676146893e+02 3.712769317626953125e+01 3.082557106018066406e+01
2.075720195770263672e+02 1.124078378677367596e+02 3.683688735961914062e+01 2.679440879821777344e+01
2.052347602844238281e+02 1.119361200332641033e+02 3.423624420166015625e+01 2.583000755310058594e+01
2.029709033966064453e+02 1.119544258117675213e+02 3.450425338745117188e+01 2.558575439453125000e+01
1.989655227661132812e+02 1.108606243133544353e+02 3.510902404785156250e+01 2.457403182983398438e+01
1.950003814697265625e+02 1.092940835952758221e+02 3.581988525390625000e+01 2.654628562927246094e+01
1.913023357391357422e+02 1.102293691635131268e+02 3.100430679321289062e+01 2.284223365783691406e+01
1.883803758621215820e+02 1.064854049682616619e+02 2.854507255554199219e+01 2.563587188720703125e+01
1.861952943801879883e+02 1.111959543228148846e+02 2.669647026062011719e+01 2.188983726501464844e+01
1.821583213806152344e+02 1.096516780853270916e+02 2.064070892333984375e+01 2.306660842895507812e+01
1.801714048385620117e+02 1.096897382736205486e+02 2.083308601379394531e+01 2.371656990051269531e+01
1.772870979309082031e+02 1.076745376586913494e+02 3.030423736572265625e+01 2.262149810791015625e+01
1.758373470306396484e+02 1.051438798904418377e+02 3.447226333618164062e+01 2.590188407897949219e+01
1.754182863235473633e+02 1.098945102691649822e+02 3.018417930603027344e+01 2.508301162719726562e+01
1.745377340316772461e+02 1.089479846954345135e+02 2.409260749816894531e+01 2.157251358032226562e+01
1.735210800170898438e+02 1.089197521209716228e+02 2.939936828613281250e+01 2.153522872924804688e+01
1.739180307388305664e+02 1.087684803009032635e+02 3.019399833679199219e+01 2.390654373168945312e+01
1.708904447555541992e+02 1.083514328002929119e+02 2.897825813293457031e+01 2.508255767822265625e+01
1.711380968093872070e+02 1.084409494400023846e+02 2.892632865905761719e+01 2.515709495544433594e+01
1.717407398223876953e+02 1.077147083282470135e+02 3.022185134887695312e+01 2.536737442016601562e+01
1.726888647079467773e+02 1.081048154830932049e+02 2.938038063049316406e+01 2.724638557434082031e+01
1.734100418090820312e+02 1.083760461807250408e+02 3.047370147705078125e+01 2.451064109802246094e+01
1.738067312240600586e+02 1.109223203659057049e+02 2.523966407775878906e+01 2.373440742492675781e+01
1.733373117446899414e+02 1.122006826400756268e+02 2.644751548767089844e+01 2.237388801574707031e+01
1.719056673049926758e+02 1.126794795989989666e+02 2.796918296813964844e+01 2.231885910034179688e+01
1.727866621017456055e+02 1.118759946823119549e+02 2.813293647766113281e+01 2.180416297912597656e+01
1.725751056671142578e+02 1.114760475158690838e+02 2.656879043579101562e+01 2.149496459960937500e+01
1.747189598083496094e+02 1.106095743179320721e+02 2.831260681152343750e+01 2.207330894470214844e+01
1.773281164169311523e+02 1.102368526458739666e+02 2.356427955627441406e+01 2.349905014038085938e+01
1.781073513031005859e+02 1.112916688919066814e+02 2.066289901733398438e+01 2.249619102478027344e+01
1.801572723388671875e+02 1.100096006393432049e+02 2.862001800537109375e+01 2.266553688049316406e+01
1.826008529663085938e+02 1.090247497558593182e+02 3.009482574462890625e+01 2.558998107910156250e+01
1.837586259841918945e+02 1.074483518600463299e+02 3.101836967468261719e+01 2.390496253967285156e+01
1.845967578887939453e+02 1.043222780227660564e+02 3.300279617309570312e+01 2.685577964782714844e+01
1.855521354675292969e+02 1.004306583404540447e+02 3.264086914062500000e+01 2.908216476440429688e+01
