1.200000000000000000e+02 3.600000000000000000e+01 1.030000000000000000e+02 1.080000000000000000e+02
1.237453689575195312e+02 3.079115676879882812e+01 9.518736267089843750e+01 1.152876815795898438e+02
1.250212364196777344e+02 2.766437911987304688e+01 9.475305938720703125e+01 1.171417007446289062e+02
1.280419769287109375e+02 2.743528747558593750e+01 9.031631469726562500e+01 1.160517883300781250e+02
1.294006271362304688e+02 2.595442199707031250e+01 8.745005798339843750e+01 1.185186462402343750e+02
1.302042160034179688e+02 2.706227493286132812e+01 8.217027282714843750e+01 1.167505722045898438e+02
1.307902259826660156e+02 2.362940979003906250e+01 7.697591400146484375e+01 1.190649108886718750e+02
1.333037528991699219e+02 3.662052917480468750e+01 7.226349639892578125e+01 1.067885742187500000e+02
1.348655204772949219e+02 2.921083450317382812e+01 6.932334136962890625e+01 1.141041183471679688e+02
1.333378295898437500e+02 3.034254074096679688e+01 7.103518676757812500e+01 1.134882888793945312e+02
1.339780044555664062e+02 2.956636047363281250e+01 7.007057189941406250e+01 1.141352233886718750e+02
1.332882499694824219e+02 2.942154693603515625e+01 7.016492462158203125e+01 1.143776397705078125e+02
1.341900672912597656e+02 2.747395706176757812e+01 6.962606048583984375e+01 1.164328842163085938e+02
1.328280601501464844e+02 3.287298202514648438e+01 6.963282012939453125e+01 1.117744522094726562e+02
1.338203048706054688e+02 2.870023727416992188e+01 6.884684753417968750e+01 1.152429580688476562e+02
1.335991897583007812e+02 2.873453521728515625e+01 7.054585266113281250e+01 1.157758026123046875e+02
1.337099876403808594e+02 3.064841079711914062e+01 7.011267852783203125e+01 1.131966476440429688e+02
1.328406181335449219e+02 2.865666198730468750e+01 7.047724151611328125e+01 1.158808898925781250e+02
1.339881629943847656e+02 2.928624343872070312e+01 6.978765106201171875e+01 1.147853317260742188e+02
1.335382423400878906e+02 2.842502212524414062e+01 7.057027435302734375e+01 1.156816024780273438e+02
1.328007469177246094e+02 3.058772659301757812e+01 7.046997833251953125e+01 1.140616683959960938e+02
1.324524002075195312e+02 2.919245910644531250e+01 7.054188537597656250e+01 1.157839355468750000e+02
1.326422119140625000e+02 2.760378646850585938e+01 7.067794799804687500e+01 1.177234268188476562e+02
1.325097122192382812e+02 2.814548492431640625e+01 7.163209533691406250e+01 1.172088775634765625e+02
1.307842788696289062e+02 2.604440307617187500e+01 7.228492736816406250e+01 1.199078674316406250e+02
1.307709236145019531e+02 2.667349624633789062e+01 7.265139007568359375e+01 1.205056686401367188e+02
1.311543693542480469e+02 2.458752059936523438e+01 7.232010650634765625e+01 1.241342849731445312e+02
1.266958274841308594e+02 1.623892974853515625e+01 7.712006378173828125e+01 1.349119720458984375e+02
1.306101455688476562e+02 1.409154510498046875e+01 7.360423278808593750e+01 1.381558990478515625e+02
1.282948760986328125e+02 1.675374603271484375e+01 7.709832763671875000e+01 1.360182647705078125e+02
1.291794776916503906e+02 2.002587890625000000e+01 7.572615814208984375e+01 1.353995361328125000e+02
1.285030326843261719e+02 1.882251739501953125e+01 7.709803009033203125e+01 1.366875762939453125e+02
1.284681167602539062e+02 1.823760223388671875e+01 7.760774230957031250e+01 1.383873138427734375e+02
1.277775840759277344e+02 1.720814514160156250e+01 7.812320709228515625e+01 1.411607055664062500e+02
1.294082717895507812e+02 1.523548889160156250e+01 7.598738098144531250e+01 1.424540405273437500e+02
1.312171440124511719e+02 1.394758605957031250e+01 7.454096221923828125e+01 1.387380981445312500e+02
1.297499008178710938e+02 1.390199279785156250e+01 7.523240661621093750e+01 1.450003051757812500e+02
1.299095115661621094e+02 1.208673095703125000e+01 7.399948883056640625e+01 1.437251281738281250e+02
1.298235473632812500e+02 9.307304382324218750e+00 7.462820434570312500e+01 1.480933685302734375e+02
1.299045104980468750e+02 6.668334960937500000e+00 7.423165893554687500e+01 1.494337463378906250e+02
1.292380523681640625e+02 5.846778869628906250e+00 7.430596923828125000e+01 1.346416168212890625e+02
1.290796623229980753e+02 4.243789672851590922e+00 7.468247222900390625e+01 1.350447998046875000e+02
1.273055038452148722e+02 4.288681030273465922e+00 7.604844665527343750e+01 1.349310913085937500e+02
1.264752807617187784e+02 3.990333557128934672e+00 7.591458129882812500e+01 1.339022064208984375e+02
1.253674049377441690e+02 3.709129333496122172e+00 7.619963836669921875e+01 1.342822418212890625e+02
1.247488327026367188e+02 2.702560424804687500e+00 7.629353332519531250e+01 1.338345947265625000e+02
1.236641960144042685e+02 2.855369567871065328e+00 7.562140655517578125e+01 1.337604522705078125e+02
1.234177627563476278e+02 4.028533935546846578e+00 7.622288513183593750e+01 1.322019958496093750e+02
1.226533737182616903e+02 3.605461120605440328e+00 7.613667297363281250e+01 1.331576080322265625e+02
1.218592987060546591e+02 3.824768066406221578e+00 7.684005737304687500e+01 1.332909545898437500e+02
1.211038246154784872e+02 3.519226074218721578e+00 7.715569305419921875e+01 1.334989624023437500e+02
1.207439842224120810e+02 2.915596008300752828e+00 7.736078643798828125e+01 1.348741912841796875e+02
1.206226615905761435e+02 3.023567199707002828e+00 7.789420318603515625e+01 1.342549591064453125e+02
1.205434951782226278e+02 3.855545043945284078e+00 7.795829772949218750e+01 1.333694458007812500e+02
1.217356033325195028e+02 3.759414672851534078e+00 7.737983703613281250e+01 1.329506530761718750e+02
1.231954193115234091e+02 3.054733276367159078e+00 7.695761108398437500e+01 1.339348449707031250e+02
1.227435989379882528e+02 3.378921508789034078e+00 7.764897155761718750e+01 1.334877624511718750e+02
1.235798721313476278e+02 3.567802429199190328e+00 7.787730407714843750e+01 1.331808929443359375e+02
1.236046714782714560e+02 2.603195190429659078e+00 7.813129425048828125e+01 1.339115295410156250e+02
1.241513595581054403e+02 2.581253051757784078e+00 7.831855773925781250e+01 1.337272338867187500e+02
1.269935531616210653e+02 2.797637939453096578e+00 7.680940246582031250e+01 1.339630432128906250e+02
1.277889213562011435e+02 2.953102111816377828e+00 7.754917144775390625e+01 1.334293365478515625e+02
1.278895874023437216e+02 3.965438842773409078e+00 7.791708374023437500e+01 1.327125244140625000e+02
1.286922454833984091e+02 3.063941955566377828e+00 7.735940551757812500e+01 1.331974029541015625e+02
1.286897239685058310e+02 2.762428283691377828e+00 7.737934112548828125e+01 1.330052337646484375e+02
1.292139205932616903e+02 4.654495239257784078e+00 7.691423034667968750e+01 1.316496276855468750e+02
1.275173645019530966e+02 2.623710632324190328e+00 7.743063354492187500e+01 1.342402496337890625e+02
1.285432472229003622e+02 2.911849975585909078e+00 7.740077972412109375e+01 1.333167724609375000e+02
1.285856056213378622e+02 2.538536071777315328e+00 7.758620452880859375e+01 1.337408599853515625e+02
1.292752685546874716e+02 4.197814941406221578e+00 7.748889160156250000e+01 1.325731811523437500e+02
1.289410743713378622e+02 4.223655700683565328e+00 7.729332733154296875e+01 1.327035369873046875e+02
1.298052749633788778e+02 4.393066406249971578e+00 7.758656311035156250e+01 1.335397644042968750e+02
1.307225036621093466e+02 3.207962036132784078e+00 7.744363403320312500e+01 1.352525939941406250e+02
1.328949356079101278e+02 3.597106933593721578e+00 7.653474426269531250e+01 1.352133178710937500e+02
1.328365631103515341e+02 3.152328491210909078e+00 7.679263305664062500e+01 1.362549438476562500e+02
1.355402984619140341e+02 3.157249450683565328e+00 7.570938110351562500e+01 1.364007415771484375e+02
1.360008583068847372e+02 2.843154907226534078e+00 7.626317596435546875e+01 1.363366088867187500e+02
1.383046340942382528e+02 3.060729980468721578e+00 7.471586608886718750e+01 1.362512817382812500e+02
1.389302711486816122e+02 2.829437255859346578e+00 7.517559051513671875e+01 1.397654724121093750e+02
1.404993247985839560e+02 4.318428039550752828e+00 7.467151641845703125e+01 1.383792266845703125e+02
1.428797645568847372e+02 5.981109619140596578e+00 7.362590789794921875e+01 1.374272155761718750e+02
1.426725425720214560e+02 8.165802001953096578e+00 7.512552642822265625e+01 1.481148986816406250e+02
1.445064926147460653e+02 1.044129180908200283e+01 7.412565612792968750e+01 1.323761138916015625e+02
1.458660583496093466e+02 1.242855834960934658e+01 7.337802124023437500e+01 1.373316955566406250e+02
1.443067855834960653e+02 1.236358642578122158e+01 7.523100280761718750e+01 1.407569274902343750e+02
1.460141983032226278e+02 1.416604614257809658e+01 7.400361633300781250e+01 1.411036071777343750e+02
1.464320907592773153e+02 1.719229125976559658e+01 7.317720031738281250e+01 1.344045715332031250e+02
1.417261276245116903e+02 1.581404113769528408e+01 7.827015686035156250e+01 1.408610839843750000e+02
1.442085533142089560e+02 1.356985473632809658e+01 7.533655548095703125e+01 1.415386657714843750e+02
1.424719467163085653e+02 1.369720458984372158e+01 7.804341125488281250e+01 1.397766418457031250e+02
1.412015724182128622e+02 1.254138946533200283e+01 7.941533660888671875e+01 1.401919097900390625e+02
1.465460166931152060e+02 1.309151458740231533e+01 7.446680450439453125e+01 1.374419403076171875e+02
1.440832405090331463e+02 1.151435089111322441e+01 7.707750701904296875e+01 1.398426055908203125e+02
1.422504577636718182e+02 1.171022796630853691e+01 7.926138305664062500e+01 1.395778045654296875e+02
1.432698478698729900e+02 1.279985046386713066e+01 7.773615264892578125e+01 1.387090454101562500e+02
1.466825027465819744e+02 1.212878417968744316e+01 7.490541076660156250e+01 1.385054016113281250e+02
1.453071098327636150e+02 9.454719543456974407e+00 7.815003204345703125e+01 1.416093292236328125e+02
1.450265274047850994e+02 6.703353881835880657e+00 7.933937072753906250e+01 1.447354736328125000e+02
1.471141128540038494e+02 9.554702758789005657e+00 7.599104309082031250e+01 1.408472900390625000e+02
1.460528526306151775e+02 6.334976196289005657e+00 7.847849273681640625e+01 1.444736328125000000e+02
1.452965698242186932e+02 5.800048828124943157e+00 7.876492309570312500e+01 1.453824768066406250e+02
1.436171150207518963e+02 7.746833801269474407e+00 7.989745330810546875e+01 1.429130401611328125e+02
1.478934555053710369e+02 9.610504150390568157e+00 7.490116882324218750e+01 1.401341247558593750e+02
1.476680526733397869e+02 1.056949615478509941e+01 7.541410827636718750e+01 1.397258453369140625e+02
1.447110862731933025e+02 1.029328155517572441e+01 7.757209014892578125e+01 1.415730133056640625e+02
1.437091445922850994e+02 1.348839569091791191e+01 7.910453796386718750e+01 1.370411224365234375e+02
1.408215293884276775e+02 1.050760650634759941e+01 8.284320831298828125e+01 1.401911773681640625e+02
1.479255752563475994e+02 7.469940185546818157e+00 7.448088073730468750e+01 1.446009216308593750e+02
1.500102119445800213e+02 7.641426086425724407e+00 6.987245941162109375e+01 1.451586456298828125e+02
1.515370254516600994e+02 8.131790161132755657e+00 6.644639587402343750e+01 1.438445434570312500e+02
1.457975234985350994e+02 6.403076171874943157e+00 6.816099548339843750e+01 1.449220581054687500e+02
1.360759010314940554e+02 8.357177734374914735e+00 7.100994110107421875e+01 1.437816467285156250e+02
1.244060058593748863e+02 4.259902954101448813e+00 7.770019531250000000e+01 1.447737731933593750e+02
1.258817558288573082e+02 3.446510314941292563e+00 7.564212799072265625e+01 1.451207733154296875e+02
1.308015518188475426e+02 3.098770141601448813e+00 7.178715515136718750e+01 1.440679626464843750e+02
1.239966926574705894e+02 6.088615417480355063e+00 7.693282318115234375e+01 1.398298187255859375e+02
1.248160324096678551e+02 4.952362060546761313e+00 7.766596984863281250e+01 1.393204040527343750e+02
1.254590263366698082e+02 3.869285583495980063e+00 7.684439849853515625e+01 1.424139862060546875e+02
1.179807929992674644e+02 5.030448913574105063e+00 8.435036468505859375e+01 1.401642303466796875e+02
1.129018440246580894e+02 4.691307067870980063e+00 8.972292327880859375e+01 1.400469818115234375e+02
1.123307304382323082e+02 3.838645935058480063e+00 9.049027252197265625e+01 1.400688323974609375e+02
1.248425445556639488e+02 1.169444274902332381e+01 7.967404174804687500e+01 1.302788085937500000e+02
1.326643180847166832e+02 2.482530212402332381e+01 7.201078033447265625e+01 1.160429077148437500e+02
1.288041038513182457e+02 1.412453079223621444e+01 7.773868560791015625e+01 1.257509994506835938e+02
1.302938461303709801e+02 3.056584548950183944e+01 7.536320495605468750e+01 1.062254867553710938e+02
1.259340324401854332e+02 2.423774719238167563e+00 8.151902008056640625e+01 1.360036163330078125e+02
1.254125518798826988e+02 1.619214630126941756e+01 8.077041625976562500e+01 1.206208648681640625e+02
1.252105941772459801e+02 1.429148483276355819e+01 8.123518371582031250e+01 1.221291885375976562e+02
1.259195594787596519e+02 1.834125900268543319e+01 8.208025360107421875e+01 1.193477554321289062e+02
1.245355567932127769e+02 8.631668090820198813e+00 8.336626434326171875e+01 1.286928710937500000e+02
1.267252197265623863e+02 1.485390853881824569e+01 8.127075195312500000e+01 1.187604141235351562e+02
1.272162017822264488e+02 1.272951507568348006e+01 8.251550292968750000e+01 1.194411163330078125e+02
1.294868354797361860e+02 2.307545089721665477e+01 7.871025848388671875e+01 1.074158096313476562e+02
1.249450759887693891e+02 1.103958892822251414e+01 8.263432312011718750e+01 1.181108551025390625e+02
1.255570068359373579e+02 7.461971282958842266e+00 8.284512329101562500e+01 1.209556045532226562e+02
1.239588546752928551e+02 8.543457031249886313e+00 8.354887390136718750e+01 1.203663635253906250e+02
1.233730735778807457e+02 1.396866989135730819e+01 8.433310699462890625e+01 1.140868301391601562e+02
1.229668083190916832e+02 7.150413513183480063e+00 8.566599273681640625e+01 1.227016448974609375e+02
1.220004119873045738e+02 1.555594635009754256e+01 8.559750366210937500e+01 1.155523834228515625e+02
1.188279190063475426e+02 7.655796051025276938e+00 8.924147033691406250e+01 1.245915756225585938e+02
1.161795501708983238e+02 5.453659057617073813e+00 9.432000732421875000e+01 1.261422119140625000e+02
1.161244125366209801e+02 6.471454620361214438e+00 9.336552429199218750e+01 1.234886398315429688e+02
1.163497772216795738e+02 8.339172363281136313e+00 9.564392089843750000e+01 1.202604064941406250e+02
1.166278190612791832e+02 6.736953735351448813e+00 9.730731964111328125e+01 1.216042480468750000e+02
1.188962516784666832e+02 9.244384765624886313e+00 9.736762237548828125e+01 1.168282165527343750e+02
1.193380699157713707e+02 1.258221054077137069e+01 9.708493804931640625e+01 1.119047012329101562e+02
1.204444503784178551e+02 1.169091415405262069e+01 9.599162292480468750e+01 1.125520401000976562e+02
1.210382537841795738e+02 1.226522827148426131e+01 9.578491210937500000e+01 1.120074157714843750e+02
1.175911865234373863e+02 1.051203918457019881e+01 9.900674438476562500e+01 1.143281860351562500e+02
1.177764015197752769e+02 1.222831344604480819e+01 9.956478118896484375e+01 1.122024612426757812e+02
1.186881484985350426e+02 1.165777206420887069e+01 9.893446350097656250e+01 1.129748916625976562e+02
1.190667648315428551e+02 1.259844207763660506e+01 9.829362487792968750e+01 1.119523773193359375e+02
1.188845176696776207e+02 1.283124542236316756e+01 9.788742828369140625e+01 1.121846466064453125e+02
1.187778892517088707e+02 1.211453628540027694e+01 9.778330230712890625e+01 1.127967147827148438e+02
1.185344085693358238e+02 1.312295532226551131e+01 9.827587890625000000e+01 1.114916687011718750e+02
1.196955604553221519e+02 1.289155197143543319e+01 9.746248626708984375e+01 1.122949905395507812e+02
1.203740348815916832e+02 1.215876770019519881e+01 9.789270782470703125e+01 1.130531616210937500e+02
1.211727561950682457e+02 2.019177627563465194e+01 9.645590972900390625e+01 1.065692977905273438e+02
1.186581420898436363e+02 1.209701156616199569e+01 9.712881469726562500e+01 1.141534805297851562e+02
1.192470932006834801e+02 1.381153488159168319e+01 9.787980651855468750e+01 1.110548782348632812e+02
1.203005905151366051e+02 1.315185165405262069e+01 9.762101745605468750e+01 1.124457778930664062e+02
1.204504432678221519e+02 1.298182678222644881e+01 9.791585540771484375e+01 1.130114135742187500e+02
1.222265281677244957e+02 1.346571350097644881e+01 9.684635162353515625e+01 1.127343139648437500e+02
1.238541526794432457e+02 2.125306320190418319e+01 9.510251617431640625e+01 1.062489089965820312e+02
1.229235000610350426e+02 2.346656417846668319e+01 9.588310241699218750e+01 1.038308486938476562e+02
1.210693359374998863e+02 2.382723236083973006e+01 9.915231323242187500e+01 1.040817718505859375e+02
1.223998908996580894e+02 2.342819595336902694e+01 9.615798187255859375e+01 1.060805892944335938e+02
1.277869186401366051e+02 3.269108963012683944e+01 9.039366149902343750e+01 9.845409393310546875e+01
1.375542526245116335e+02 3.994562530517569598e+01 8.175508117675781250e+01 9.190827941894531250e+01
1.396400566101073366e+02 2.517583465576163348e+01 8.087332916259765625e+01 1.064830169677734375e+02
1.501820831298827272e+02 2.511952590942374286e+01 6.992062377929687500e+01 1.058535385131835938e+02
1.437682304382323366e+02 1.060335159301749286e+01 7.328498077392578125e+01 1.197203598022460938e+02
1.461788711547850710e+02 7.166210174560461610e+00 7.448286437988281250e+01 1.230767898559570312e+02
1.634782524108885866e+02 4.786140441894445985e+00 7.324298858642578125e+01 1.283648529052734375e+02
1.664772415161131960e+02 6.955135345458899110e+00 7.590953063964843750e+01 1.267657546997070312e+02
1.749002723693846804e+02 7.110836029052649110e+00 7.642665863037109375e+01 1.245213088989257812e+02
1.742788429260253054e+02 4.810058593749914735e+00 7.990908050537109375e+01 1.260820312500000000e+02
1.724448356628417116e+02 4.971443176269445985e+00 8.431482696533200283e+01 1.222108612060546875e+02
1.723456916809080894e+02 4.428874969482336610e+00 8.540923309326171875e+01 1.165842971801757812e+02
1.737530784606932457e+02 3.973442077636633485e+00 8.478260040283203125e+01 1.124115142822265625e+02
1.737285461425780113e+02 3.973068237304602235e+00 8.529672241210937500e+01 1.094118652343750000e+02
1.753881759643553551e+02 4.509540557861242860e+00 8.503425598144531250e+01 1.085472335815429688e+02
1.763926544189451988e+02 5.370147705078039735e+00 8.424948120117187500e+01 1.085173645019531250e+02
1.764885368347166832e+02 4.269325256347570985e+00 8.356855010986328125e+01 1.105999603271484375e+02
