3.220000000000000000e+02 1.310000000000000000e+02 2.200000000000000000e+01 4.100000000000000000e+01
3.203740730285644531e+02 1.306566944122314453e+02 2.399878692626953125e+01 4.241323471069335938e+01
3.212214937210083008e+02 1.300697994232177734e+02 2.374780845642089844e+01 4.276947402954101562e+01
3.198346824645996094e+02 1.282989349365234375e+02 2.434888458251953125e+01 4.491409301757812500e+01
3.180253810882568359e+02 1.258207263946533203e+02 2.667721939086914062e+01 4.603403854370117188e+01
3.164875392913818359e+02 1.230768547058105469e+02 2.741588211059570312e+01 4.662261199951171875e+01
3.147717227935791016e+02 1.221827888488769531e+02 2.688840866088867188e+01 4.570456695556640625e+01
3.133944635391235352e+02 1.219697914123535156e+02 2.734692192077636719e+01 4.495139312744140625e+01
3.117698936462402344e+02 1.230854244232177734e+02 2.573603057861328125e+01 4.550181961059570312e+01
3.099344739913940430e+02 1.226558074951171875e+02 2.479169654846191406e+01 4.557455444335937500e+01
3.080670967102050781e+02 1.243917579650878906e+02 2.418454742431640625e+01 4.373664093017578125e+01
3.055783824920654297e+02 1.259050521850585938e+02 2.430858230590820312e+01 4.192643737792968750e+01
3.044712104797363281e+02 1.271834774017333984e+02 2.347995758056640625e+01 4.362976455688476562e+01
3.035808753967285156e+02 1.293525810241699219e+02 2.511559295654296875e+01 4.252886199951171875e+01
3.018411026000976562e+02 1.298564224243164062e+02 2.578698730468750000e+01 4.161383056640625000e+01
2.989804639816284180e+02 1.300426349639892578e+02 2.907941627502441406e+01 4.126797103881835938e+01
2.956296062469482422e+02 1.277661457061767578e+02 3.017686843872070312e+01 4.357549667358398438e+01
2.930913257598876953e+02 1.263049907684326172e+02 2.972365951538085938e+01 4.332248306274414062e+01
2.898115100860595703e+02 1.256402740478515625e+02 3.209794235229492188e+01 4.317053222656250000e+01
2.888087482452392578e+02 1.249418716430664062e+02 3.182981491088867188e+01 4.224586486816406250e+01
2.869287233352661133e+02 1.251492099761962891e+02 3.030449485778808594e+01 4.204101181030273438e+01
2.840926179885864258e+02 1.258026599884033203e+02 2.848291587829589844e+01 4.047817611694335938e+01
2.824024124145507812e+02 1.264280223846435547e+02 2.516416931152343750e+01 3.995360183715820312e+01
2.801227092742919922e+02 1.284238262176513672e+02 2.554414749145507812e+01 3.813196182250976562e+01
2.792844743728637695e+02 1.305892848968505859e+02 1.795789146423339844e+01 3.762831497192382812e+01
2.752035541534423828e+02 1.315499801635742188e+02 1.877758407592773438e+01 3.815312194824218750e+01
2.711795368194580078e+02 1.317187004089355469e+02 2.072458267211914062e+01 3.784760284423828125e+01
2.690910758972167969e+02 1.327459392547607422e+02 2.188833618164062500e+01 3.742674636840820312e+01
2.664732217788696289e+02 1.320446376800537109e+02 2.482581138610839844e+01 3.791516494750976562e+01
2.631046447753906250e+02 1.302464656829833984e+02 2.767160797119140625e+01 3.903473281860351562e+01
2.597108888626098633e+02 1.282471523284912109e+02 2.908489799499511719e+01 4.026973342895507812e+01
2.563324079513549805e+02 1.272645130157470703e+02 2.899479866027832031e+01 3.859931564331054688e+01
2.517071180343627930e+02 1.258028850555419922e+02 3.046884346008300781e+01 3.803770828247070312e+01
2.502385997772216797e+02 1.267142200469970703e+02 2.541486740112304688e+01 3.596958541870117188e+01
2.467987995147705078e+02 1.266486759185791016e+02 2.505882644653320312e+01 3.539439010620117188e+01
2.435857543945312500e+02 1.278525371551513672e+02 2.348078155517578125e+01 3.548308181762695312e+01
2.407925310134887695e+02 1.296421661376953125e+02 1.983405876159667969e+01 3.520939636230468750e+01
2.381293249130249023e+02 1.309137535095214844e+02 1.792028999328613281e+01 3.421807098388671875e+01
2.347691726684570312e+02 1.328356361389160156e+02 1.758403015136718750e+01 3.391254425048828125e+01
2.316942005157470703e+02 1.335270118713378906e+02 1.832408523559570312e+01 3.368659210205078125e+01
2.289718742370605469e+02 1.318553276062011719e+02 2.065233612060546875e+01 3.463761138916015625e+01
2.245547485351562500e+02 1.314189720153808594e+02 2.522595214843750000e+01 3.593317413330078125e+01
2.192479982376098633e+02 1.288947124481201172e+02 2.821355247497558594e+01 3.575893020629882812e+01
2.175035219192504883e+02 1.306732845306396484e+02 2.759769248962402344e+01 3.354007339477539062e+01
2.143912687301635742e+02 1.272408370971679688e+02 2.771923255920410156e+01 3.448674011230468750e+01
2.094435901641845703e+02 1.267890262603759766e+02 2.936608505249023438e+01 3.361597824096679688e+01
2.082127647399902344e+02 1.260274429321289062e+02 2.709346771240234375e+01 3.517143249511718750e+01
2.060300502777099609e+02 1.276920566558837891e+02 2.208778762817382812e+01 3.428243637084960938e+01
2.032638072967529297e+02 1.285856819152832031e+02 1.917313003540039062e+01 3.301441192626953125e+01
1.998648834228515625e+02 1.304083518981933594e+02 1.628370666503906250e+01 3.185276031494140625e+01
1.968199605941772461e+02 1.320943737030029297e+02 1.500101661682128906e+01 3.209431838989257812e+01
1.943765220642089844e+02 1.329752607345581055e+02 1.543331909179687500e+01 3.175733375549316406e+01
1.883040714263916016e+02 1.321726226806640625e+02 2.023091506958007812e+01 3.286375427246093750e+01
1.864211893081665039e+02 1.303743305206298828e+02 2.424721336364746094e+01 3.404056930541992188e+01
1.832059593200683594e+02 1.294768581390380859e+02 2.312899780273437500e+01 3.501588821411132812e+01
1.809577674865722656e+02 1.284739284515380859e+02 2.282290649414062500e+01 3.494437026977539062e+01
1.754990844726562500e+02 1.262173633575439453e+02 2.531253814697265625e+01 3.430920028686523438e+01
1.729211931228637695e+02 1.253055095672607422e+02 2.551455497741699219e+01 3.455330276489257812e+01
1.693439846038818359e+02 1.252629261016845703e+02 2.659029769897460938e+01 3.344182968139648438e+01
1.663318138122558594e+02 1.249154834747314453e+02 2.434291076660156250e+01 3.466238021850585938e+01
1.640677509307861328e+02 1.254960746765136719e+02 2.170347976684570312e+01 3.437409210205078125e+01
1.631262674331665039e+02 1.272679176330566406e+02 1.940711021423339844e+01 3.294255828857421875e+01
1.608650436401367188e+02 1.297105855941772461e+02 1.537902069091796875e+01 3.041890144348144531e+01
1.563479504585266113e+02 1.307881574630737305e+02 1.439229488372802734e+01 3.127610206604003906e+01
1.532644333839416504e+02 1.318284254074096680e+02 1.535849285125732422e+01 3.059908485412597656e+01
1.495692348480224609e+02 1.317220325469970703e+02 1.956531906127929688e+01 3.066701126098632812e+01
1.460410490036010742e+02 1.315882673263549805e+02 2.157666969299316406e+01 3.059635353088378906e+01
1.421634654998779297e+02 1.302227592468261719e+02 2.390969467163085938e+01 3.232292938232421875e+01
1.393337612152099609e+02 1.274055137634277344e+02 2.200168991088867188e+01 3.388599395751953125e+01
1.371372108459472656e+02 1.267094535827636719e+02 2.200032043457031250e+01 3.355425262451171875e+01
1.340096178054809570e+02 1.252497234344482422e+02 2.275947380065917969e+01 3.333765029907226562e+01
1.316480293273925781e+02 1.240886707305908203e+02 2.368898010253906250e+01 3.347973251342773438e+01
1.282683277130126953e+02 1.259663333892822266e+02 2.291443252563476562e+01 3.187360763549804688e+01
1.250787620544433594e+02 1.257730445861816406e+02 2.176092529296875000e+01 3.213127899169921875e+01
1.224956502914428711e+02 1.270974540710449219e+02 2.307242774963378906e+01 3.112693023681640625e+01
1.190149860382080078e+02 1.281753320693969727e+02 2.064213180541992188e+01 2.931869316101074219e+01
1.145569992065429688e+02 1.271770486831665039e+02 1.764902496337890625e+01 3.185566520690917969e+01
1.128978939056396484e+02 1.262400169372558594e+02 1.774325942993164062e+01 3.347857666015625000e+01
1.105703153610229492e+02 1.296862754821777344e+02 1.799131202697753906e+01 3.108672332763671875e+01
1.082622509002685547e+02 1.303516378402709961e+02 2.156776046752929688e+01 2.943360328674316406e+01
1.045604763031005859e+02 1.289812049865722656e+02 2.348525619506835938e+01 3.085048675537109375e+01
1.016700191497802734e+02 1.269742965698242188e+02 2.240565109252929688e+01 3.246861267089843750e+01
9.896042823791503906e+01 1.246856155395507812e+02 2.302682876586914062e+01 3.295352172851562500e+01
9.485431194305419922e+01 1.226642456054687500e+02 2.502594184875488281e+01 3.419837951660156250e+01
9.144350051879882812e+01 1.226048488616943359e+02 2.463151550292968750e+01 3.324646377563476562e+01
8.875636863708496094e+01 1.241641883850097656e+02 2.605779647827148438e+01 3.230731964111328125e+01
8.682388401031494141e+01 1.233795299530029297e+02 2.303153038024902344e+01 3.254083633422851562e+01
8.635960197448730469e+01 1.241233005523681641e+02 1.820516586303710938e+01 3.216317367553710938e+01
8.356571102142333984e+01 1.269943037033081055e+02 1.699682044982910156e+01 2.868679237365722656e+01
7.942553806304931641e+01 1.195006675720214844e+02 1.712187004089355469e+01 3.671199035644531250e+01
7.783998680114746094e+01 1.204637336730957031e+02 1.764141464233398438e+01 3.764741516113281250e+01
7.732966709136962891e+01 1.246789836883544922e+02 2.237692832946777344e+01 3.366213607788085938e+01
7.105975914001464844e+01 1.231549472808837891e+02 2.218082046508789062e+01 3.528181838989257812e+01
7.146076965332031250e+01 1.210905723571777344e+02 2.291310119628906250e+01 3.638626098632812500e+01
6.619728755950927734e+01 1.252685546875000000e+02 2.208488655090332031e+01 3.249658966064453125e+01
6.220205783843994141e+01 1.253356332778930664e+02 2.399479484558105469e+01 3.152150535583496094e+01
5.909713935852050781e+01 1.253325300216674805e+02 2.542208480834960938e+01 3.037068367004394531e+01
5.811348342895507812e+01 1.245618438720703125e+02 2.466822052001953125e+01 2.942040252685546875e+01
5.464561843872070312e+01 1.245185298919677734e+02 2.518541717529296875e+01 2.874831771850585938e+01
5.487173366546630859e+01 1.238399286270141602e+02 2.463968086242675781e+01 3.110996055603027344e+01
5.170687007904052734e+01 1.254274177551269531e+02 2.625117683410644531e+01 2.993486022949218750e+01
4.901497459411621094e+01 1.255120716094970703e+02 2.482249832153320312e+01 2.997017288208007812e+01
4.602013492584228516e+01 1.258024482727050781e+02 2.689349174499511719e+01 2.984570312500000000e+01
4.257507801055908203e+01 1.259244527816772461e+02 2.893655967712402344e+01 2.991645240783691406e+01
4.197482776641845703e+01 1.266464986801147461e+02 2.760350608825683594e+01 3.091004371643066406e+01
3.785142517089843750e+01 1.255567197799682617e+02 2.079945373535156250e+01 3.142369270324707031e+01
3.569080829620361328e+01 1.289587936401367188e+02 2.309370231628417969e+01 2.840541839599609375e+01
3.324535274505615234e+01 1.256483335494995117e+02 2.371434974670410156e+01 3.074317359924316406e+01
3.115606403350830078e+01 1.259362306594848633e+02 2.171377372741699219e+01 3.052437400817871094e+01
2.689033889770507812e+01 1.254069442749023438e+02 2.288867950439453125e+01 2.939323425292968750e+01
2.549394321441650391e+01 1.241633520126342773e+02 2.352081871032714844e+01 2.973730659484863281e+01
2.268237113952636719e+01 1.219389877319335938e+02 2.309965133666992188e+01 2.910163879394531250e+01
2.239361858367919922e+01 1.228262643814086914e+02 2.173440742492675781e+01 2.959423637390136719e+01
1.909080028533935547e+01 1.205441169738769531e+02 2.249270057678222656e+01 3.248945617675781250e+01
1.785427856445312500e+01 1.238838405609130859e+02 1.844070434570312500e+01 2.932891464233398438e+01
1.222985982894897461e+01 1.228759746551513672e+02 1.551147174835205078e+01 3.013938522338867188e+01
1.042037200927734375e+01 1.197168903350830078e+02 1.560729980468750000e+01 3.519192886352539062e+01
