1.390000000000000000e+02 9.400000000000000000e+01 5.900000000000000000e+01 4.200000000000000000e+01
1.375263481140136719e+02 9.236438369750976562e+01 6.176627349853515625e+01 4.323311614990234375e+01
1.374299335479736328e+02 9.057604789733886719e+01 6.189797592163085938e+01 4.434500503540039062e+01
1.377017555236816406e+02 8.908739280700683594e+01 6.236138153076171875e+01 4.429097366333007812e+01
1.383100757598876953e+02 8.959732437133789062e+01 6.217977523803710938e+01 4.259069061279296875e+01
1.389215488433837891e+02 8.905856895446777344e+01 6.182508468627929688e+01 4.320460891723632812e+01
1.386863174438476562e+02 8.930959129333496094e+01 6.195137023925781250e+01 4.291487503051757812e+01
1.385740718841552734e+02 8.835402488708496094e+01 6.168916702270507812e+01 4.303981399536132812e+01
1.389600448608398438e+02 8.833221054077148438e+01 6.182872009277343750e+01 4.259214019775390625e+01
1.390274925231933594e+02 8.894421958923339844e+01 6.135517120361328125e+01 4.223704910278320312e+01
1.388914413452148438e+02 8.797800254821777344e+01 6.178643798828125000e+01 4.273289871215820312e+01
1.397815933227539062e+02 8.781138610839843750e+01 6.120568847656250000e+01 4.256750488281250000e+01
1.402291946411132812e+02 8.647761535644531250e+01 6.135705566406250000e+01 4.297613525390625000e+01
1.405304660797119141e+02 8.622751998901367188e+01 6.107519149780273438e+01 4.246556854248046875e+01
1.396535358428955078e+02 8.507923316955566406e+01 6.070153427124023438e+01 4.297536849975585938e+01
1.397878417968750000e+02 8.430664825439453125e+01 6.197619628906250000e+01 4.261874389648437500e+01
1.400945339202880859e+02 8.517193412780761719e+01 6.148015213012695312e+01 4.069166946411132812e+01
1.406661224365234375e+02 8.463365936279296875e+01 6.142861938476562500e+01 4.059718322753906250e+01
1.410496902465820312e+02 8.482852745056152344e+01 6.095040893554687500e+01 4.106445693969726562e+01
1.408527870178222656e+02 8.436431121826171875e+01 6.219469451904296875e+01 4.169111633300781250e+01
1.413914508819580078e+02 8.327795219421386719e+01 6.214226913452148438e+01 4.313861465454101562e+01
1.415717506408691406e+02 8.365083122253417969e+01 6.264888763427734375e+01 4.307895278930664062e+01
1.413964328765869141e+02 8.322250175476074219e+01 6.221244430541992188e+01 4.308472061157226562e+01
1.405748882293701172e+02 8.466514968872070312e+01 6.185474014282226562e+01 4.272316741943359375e+01
1.390140876770019531e+02 8.536384201049804688e+01 6.122097015380859375e+01 4.221286773681640625e+01
1.385499286651611328e+02 8.644957542419433594e+01 6.076310348510742188e+01 4.156175613403320312e+01
1.359575481414794922e+02 8.657725906372070312e+01 6.259315872192382812e+01 4.200231170654296875e+01
1.356557884216308594e+02 8.623009300231933594e+01 6.106110382080078125e+01 4.216698074340820312e+01
1.350296783447265625e+02 8.530830955505371094e+01 6.055500793457031250e+01 4.267126846313476562e+01
1.327558364868164062e+02 8.588286590576171875e+01 6.194436645507812500e+01 4.186297607421875000e+01
1.321811256408691406e+02 8.623708152770996094e+01 6.169875335693359375e+01 4.145990371704101562e+01
1.298508758544921875e+02 8.594365119934080610e+01 6.252154541015625000e+01 4.215244674682618609e+01
1.282605800628662109e+02 8.342959022521972656e+01 6.261084365844726562e+01 4.399256515502929688e+01
1.283918285369873047e+02 8.482656288146972656e+01 6.124983596801757812e+01 4.177039718627929688e+01
1.267265319824218750e+02 8.516104316711424360e+01 6.090351867675781250e+01 4.155703353881835938e+01
1.248959884643554688e+02 8.255904197692869673e+01 6.139309692382812500e+01 4.400345230102539062e+01
1.238677425384521484e+02 8.310787773132322798e+01 6.081055068969726562e+01 4.210161209106445312e+01
1.218547821044921875e+02 8.323954010009762783e+01 6.074761962890625000e+01 4.238032531738281250e+01
1.211986999511718750e+02 8.468318748474118252e+01 6.127752685546875000e+01 4.084448623657226562e+01
1.189791164398193359e+02 8.272922134399411220e+01 6.233128738403320312e+01 4.332530975341796875e+01
1.184841861724853516e+02 8.482902717590329189e+01 6.142100143432617188e+01 4.139843368530273438e+01
1.170360851287841797e+02 8.538839721679683237e+01 6.024718093872070312e+01 4.114718627929687500e+01
1.149979476928710938e+02 8.649540328979487924e+01 6.071954345703125000e+01 4.116953277587890625e+01
1.149764938354492188e+02 8.587310791015620737e+01 6.008766174316406250e+01 4.193101501464843750e+01
1.118833141326904297e+02 8.716900825500484018e+01 6.103647232055664062e+01 4.106142807006834516e+01
1.117570381164550781e+02 8.554840850830072441e+01 5.886923980712890625e+01 4.269850158691406250e+01
1.103077049255371094e+02 8.699074745178216972e+01 5.982028961181640625e+01 4.130085372924804688e+01
1.085685310363769531e+02 8.465980529785150566e+01 5.950731658935546875e+01 4.353427124023437500e+01
1.082658290863037109e+02 8.468369293212884941e+01 5.944272232055664062e+01 4.242182922363281250e+01
1.074736042022705078e+02 8.396970367431634941e+01 6.020920944213867188e+01 4.254403686523437500e+01
1.063685760498046875e+02 8.456856346130365409e+01 6.039419555664062500e+01 4.140246963500976562e+01
1.054679450988769531e+02 8.177158164978021659e+01 6.023110198974609375e+01 4.379576492309570312e+01
1.045535545349121094e+02 8.395524215698236503e+01 6.012519073486328125e+01 4.109461212158203125e+01
1.036418113708496094e+02 8.233039283752435722e+01 5.896524810791015625e+01 4.309298324584960938e+01
1.023519554138183594e+02 8.409423255920403051e+01 5.979866790771484375e+01 4.173170089721679688e+01
1.021638355255126953e+02 8.293940353393547582e+01 5.943152999877929688e+01 4.300559234619140625e+01
1.018178768157958984e+02 8.443049240112296161e+01 5.957107925415039062e+01 4.163452911376953125e+01
1.007322425842285156e+02 8.498368072509757098e+01 5.943100738525390625e+01 4.182223510742187500e+01
1.011402091979980469e+02 8.449339675903311786e+01 5.957666778564453125e+01 4.223604583740234375e+01
1.014553966522216797e+02 8.608192253112784442e+01 5.981239700317382812e+01 4.131082534790039062e+01
1.017196559906005859e+02 8.609136199951163348e+01 5.892265701293945312e+01 4.152276611328125000e+01
1.023281078338623047e+02 8.549079132080069598e+01 5.820047378540039062e+01 4.247618103027343750e+01
1.024593486785888672e+02 8.707351303100577411e+01 6.123311233520507812e+01 4.159758758544921875e+01
1.040387916564941406e+02 8.669667434692372865e+01 5.935860443115234375e+01 4.205384063720701704e+01
1.050503177642822266e+02 8.544753837585437850e+01 5.821680831909179688e+01 4.330101394653320312e+01
1.060497150421142578e+02 8.752627563476551131e+01 6.193862533569335938e+01 4.176622009277343750e+01
1.073764038085937500e+02 8.648984146118152694e+01 5.832348632812500000e+01 4.282077789306640625e+01
1.080657920837402344e+02 8.777773475646961288e+01 5.735259246826171875e+01 4.154200363159179688e+01
1.092902965545654297e+02 8.769475364685047225e+01 5.800096511840820312e+01 4.234874343872070312e+01
1.107164993286132812e+02 8.724686050415027694e+01 5.831632995605468750e+01 4.246843719482421875e+01
1.125654449462890625e+02 8.845418167114246444e+01 5.823748779296875000e+01 4.128226470947265625e+01
1.133931465148925781e+02 8.785978317260730819e+01 5.798162078857421875e+01 4.229761505126953125e+01
1.157615413665771484e+02 8.806503868103015975e+01 5.819041824340820312e+01 4.196037673950195312e+01
1.165682525634765625e+02 8.776304435729969100e+01 5.948661804199218750e+01 4.253445816040039062e+01
1.182677974700927734e+02 8.861469459533680038e+01 6.012189102172851562e+01 4.160740280151367188e+01
1.193484840393066406e+02 8.921944618225086288e+01 6.093393707275390625e+01 4.203059005737304688e+01
1.207653160095214844e+02 8.960476875305164413e+01 6.090999603271484375e+01 4.283170700073242188e+01
1.220304222106933594e+02 8.969492530822742538e+01 6.069918060302734375e+01 4.275210189819335938e+01
1.224684276580810547e+02 8.937057876586902694e+01 6.009437942504882812e+01 4.333444976806640625e+01
1.222942428588867188e+02 9.027835273742664413e+01 6.032916259765625000e+01 4.372919845581054688e+01
1.229361133575439453e+02 8.947484779357898788e+01 6.072794723510742188e+01 4.395179367065429688e+01
1.233231391906738281e+02 8.967100143432605819e+01 6.064334869384765625e+01 4.418726348876953125e+01
1.236294193267822266e+02 9.014467239379871444e+01 6.120052719116210938e+01 4.429888153076171875e+01
1.230961570739746094e+02 8.953268814086902694e+01 6.173088836669921875e+01 4.668090057373046875e+01
1.240144691467285156e+02 8.919029426574695663e+01 6.145850372314453125e+01 4.629030990600585938e+01
1.236605663299560547e+02 8.822898674011219100e+01 6.165114212036132812e+01 4.652582168579101562e+01
1.244141273498535156e+02 8.915236091613758163e+01 6.164102935791015625e+01 4.588360214233398438e+01
1.243200187683105469e+02 8.806119537353504256e+01 6.221575164794921875e+01 4.608320617675781250e+01
1.246223526000976562e+02 8.722576332092273788e+01 6.217657470703125000e+01 4.670127487182617188e+01
1.247137451171875000e+02 8.747312927246082381e+01 6.006599426269531250e+01 4.475497436523437500e+01
1.245067539215087891e+02 8.691836547851551131e+01 6.235628890991210938e+01 4.552508544921875000e+01
1.241842441558837891e+02 8.848737716674793319e+01 6.296718978881835938e+01 4.701651763916015625e+01
1.240504055023193359e+02 8.902308845520008163e+01 6.314062881469726562e+01 4.715813827514648438e+01
1.244054050445556641e+02 8.799387359619129256e+01 6.252111434936523438e+01 4.864961242675781250e+01
1.261579818725585938e+02 8.977518463134754256e+01 6.012387084960937500e+01 4.576838684082031250e+01
1.262855854034423828e+02 8.896487998962390975e+01 6.209473800659179688e+01 4.861095046997070312e+01
1.270142898559570312e+02 9.042842864990223006e+01 5.997689819335937500e+01 4.846397399902343750e+01
1.282103271484375000e+02 9.057744216918933944e+01 6.129844665527343750e+01 4.809133148193359375e+01
1.270384254455566406e+02 8.896856307983387069e+01 6.006739044189453125e+01 4.911466217041015625e+01
1.285100727081298828e+02 9.039086723327625350e+01 6.079377365112304688e+01 4.769083023071289062e+01
1.278185005187988281e+02 9.211013603210437850e+01 6.050070953369140625e+01 4.877389907836914062e+01
1.295021286010742188e+02 9.409508895874012069e+01 5.908810424804687500e+01 4.954935455322265625e+01
1.296888103485107422e+02 9.549635505676258163e+01 5.880519485473632812e+01 5.106835556030273438e+01
1.323720626831054688e+02 9.542816162109363631e+01 5.580749511718750000e+01 5.209722900390625000e+01
1.330728874206542969e+02 9.452270126342762069e+01 5.618215179443359375e+01 5.597223663330078125e+01
1.322096500396728516e+02 9.541741371154773788e+01 5.720467758178710938e+01 5.625400924682617188e+01
1.352993354797363281e+02 9.571582221984851913e+01 5.356928253173828125e+01 5.738341903686523438e+01
1.341345233917236328e+02 9.830299568176258163e+01 5.593967819213867188e+01 5.436510848999023438e+01
1.343595314025878906e+02 9.710093688964832381e+01 5.515418243408203125e+01 5.716265869140625000e+01
1.355010070800781250e+02 9.644714546203601913e+01 5.428691101074218750e+01 5.686388778686523438e+01
1.347292766571044922e+02 9.525080108642566756e+01 5.529262161254882812e+01 5.736543273925781250e+01
1.341651554107666016e+02 9.459038925170887069e+01 5.662838363647460938e+01 5.802194976806640625e+01
1.331355323791503906e+02 9.716684532165515975e+01 5.724231719970703125e+01 5.428187942504882812e+01
1.342249488830566406e+02 9.731610107421863631e+01 5.587641143798828125e+01 5.379263305664062500e+01
1.340125331878662109e+02 9.790227508544910506e+01 5.529025650024414062e+01 5.026722717285156250e+01
1.327291049957275391e+02 9.614377784728992538e+01 5.695711898803710938e+01 5.262403488159179688e+01
1.343897094726562500e+02 9.706894683837879256e+01 5.607710266113281250e+01 5.339747619628906250e+01
1.348456726074218750e+02 9.695804977416980819e+01 5.571989440917968750e+01 5.240567779541015625e+01
1.350248394012451172e+02 9.676082038879383163e+01 5.538405227661132812e+01 5.204372787475585938e+01
1.354179534912109375e+02 9.812653923034656600e+01 5.586045837402343750e+01 5.221924209594726562e+01
1.354888153076171875e+02 9.875468254089344100e+01 5.488114929199218750e+01 4.909799575805664062e+01
1.347160511016845703e+02 9.772672843933094100e+01 5.479594039916992188e+01 4.999219131469726562e+01
1.359796161651611328e+02 9.922184753417957381e+01 5.390214157104492188e+01 4.754046630859375000e+01
1.365484561920166016e+02 9.512421798706043319e+01 5.294512557983398438e+01 5.498717498779296875e+01
1.369286537170410156e+02 9.278319168090808944e+01 5.300428009033203125e+01 5.526316070556640625e+01
1.377649345397949219e+02 9.564124107360828475e+01 5.266265106201171875e+01 5.380664443969726562e+01
1.384218235015869141e+02 9.615485763549793319e+01 5.160082626342773438e+01 5.230168914794921875e+01
1.390895442962646484e+02 9.367435646057117538e+01 5.222095108032226562e+01 5.451046371459960938e+01
1.377549571990966797e+02 9.275516319274890975e+01 5.255678176879882812e+01 5.515277481079101562e+01
1.388605995178222656e+02 9.522342300415027694e+01 5.147342681884765625e+01 5.203995513916015625e+01
1.387780513763427734e+02 8.772568130493152694e+01 5.214944839477539062e+01 5.830139923095703125e+01
1.389428844451904297e+02 8.331585693359363631e+01 5.079692459106445312e+01 6.202519226074218750e+01
1.397390251159667969e+02 8.470444869995105819e+01 4.984008026123046875e+01 6.009181976318359375e+01
1.401728305816650391e+02 8.257238769531238631e+01 4.940694808959960938e+01 6.093199157714843750e+01
1.414698982238769531e+02 8.242936325073230819e+01 5.014890289306640625e+01 5.951696014404296875e+01
1.415947437286376953e+02 8.142337608337390975e+01 4.851523971557617188e+01 6.074017715454101562e+01
1.415619087219238281e+02 8.049921798706043319e+01 4.921472930908203125e+01 5.997710418701171875e+01
1.413436183929443359e+02 8.012930870056140975e+01 4.974124526977539062e+01 5.960361099243164062e+01
1.412453384399414062e+02 7.741419601440418319e+01 5.047885131835937500e+01 5.989061737060546875e+01
1.416345825195312500e+02 7.815752220153797225e+01 5.042271423339843750e+01 5.598584365844726562e+01
1.421230201721191406e+02 7.932787132263172225e+01 4.992569732666015625e+01 5.406546401977539062e+01
1.432654571533203125e+02 8.175560379028308944e+01 4.791142272949218750e+01 5.050882720947265625e+01
1.439368934631347656e+02 8.430079460144031600e+01 4.493589019775390625e+01 4.674489212036132812e+01
1.440710544586181641e+02 8.126336097717273788e+01 4.437444686889648438e+01 4.914049911499023438e+01
1.433110561370849609e+02 7.960915756225574569e+01 4.435190200805664062e+01 5.091007232666015625e+01
1.427371788024902344e+02 7.974775505065906600e+01 4.514295196533203125e+01 5.068342971801757812e+01
1.428389625549316406e+02 7.907214546203601913e+01 4.655928802490234375e+01 5.095150375366210938e+01
1.430031681060791016e+02 7.657902908325183944e+01 4.641457748413085938e+01 5.295943450927734375e+01
1.447036876678466797e+02 7.126470756530750350e+01 4.400603103637695312e+01 6.078099441528320312e+01
1.455742912292480469e+02 7.088162994384754256e+01 4.344005584716796875e+01 6.145291137695312500e+01
1.456836452484130859e+02 7.124940299987781600e+01 4.461056900024414062e+01 6.115135574340820312e+01
1.458563060760498047e+02 7.416188240051258163e+01 4.575358963012695312e+01 5.815183639526367188e+01
1.453788204193115234e+02 7.232776069641101913e+01 4.577212905883789062e+01 6.105234909057617188e+01
1.469903240203857422e+02 7.940451049804676131e+01 4.436796951293945312e+01 5.357643127441406250e+01
1.480608577728271484e+02 7.732800674438465194e+01 4.455769729614257812e+01 5.577347564697265625e+01
1.480750179290771484e+02 7.485123443603504256e+01 4.455859756469726562e+01 5.812519836425781250e+01
1.482186412811279297e+02 7.345108032226551131e+01 4.510870742797851562e+01 5.914591979980468750e+01
1.487231121063232422e+02 7.161209678649890975e+01 4.581686782836914062e+01 6.055978775024414062e+01
1.487202072143554688e+02 7.430516815185535506e+01 4.496733093261718750e+01 5.721295166015625000e+01
1.496183490753173828e+02 7.037669944763172225e+01 4.616271591186523438e+01 6.069910049438476562e+01
1.503962421417236328e+02 7.404481124877918319e+01 4.512304306030273438e+01 5.764708709716796875e+01
1.508448963165283203e+02 7.118477821350086288e+01 4.643038558959960938e+01 6.109437179565429688e+01
1.517310314178466797e+02 8.090198326110828475e+01 4.530240249633789062e+01 5.106874465942382812e+01
1.512015838623046875e+02 7.503227806091295804e+01 4.671249389648437500e+01 5.823439407348634234e+01
1.519305744171142578e+02 7.302579116821277694e+01 4.742208480834960938e+01 6.027028656005859375e+01
1.517822570800781250e+02 8.169463539123523788e+01 4.639517211914062500e+01 5.133814620971679688e+01
1.521241054534912109e+02 7.642212104797351913e+01 4.778856277465820312e+01 5.702982711791992188e+01
1.511481113433837891e+02 7.231399345397937850e+01 4.798911666870117188e+01 6.167702102661132812e+01
1.527248897552490234e+02 8.152943992614734725e+01 4.592305374145507812e+01 5.208908462524414062e+01
1.518785495758056641e+02 7.502002906799305038e+01 4.805259323120117188e+01 5.905160140991210938e+01
1.521858406066894531e+02 7.912504196166980819e+01 4.753127288818359375e+01 5.479949188232421875e+01
1.509465332031250000e+02 7.536073684692371444e+01 4.737467956542968750e+01 5.735726165771484375e+01
1.507403278350830078e+02 7.427986526489246444e+01 4.754987716674804688e+01 5.833812713623046875e+01
1.494990615844726562e+02 8.236128234863269881e+01 4.670367431640625000e+01 5.129635620117187500e+01
1.488961791992187500e+02 7.912576293945301131e+01 4.703678894042968750e+01 5.307438659667968750e+01
1.482804603576660156e+02 7.711321067810047225e+01 4.711075592041015625e+01 5.632872390747070312e+01
1.468761367797851562e+02 7.752209472656238631e+01 4.628695678710937500e+01 5.669445800781250000e+01
1.453152656555175781e+02 7.529731559753406600e+01 4.717412567138671875e+01 5.937414932250976562e+01
1.446752090454101562e+02 7.736139678955066756e+01 4.820323181152343750e+01 5.626277160644531250e+01
1.432936420440673828e+02 7.637608337402332381e+01 4.536521530151367188e+01 5.725326538085937500e+01
1.410233669281005859e+02 7.536727714538562850e+01 4.695788955688476562e+01 5.822270584106445312e+01
1.388879604339599609e+02 8.041709327697742538e+01 4.594687271118164062e+01 5.387459945678710938e+01
1.376276493072509766e+02 7.537299156188953475e+01 4.674039840698242188e+01 5.927458572387695312e+01
1.355164222717285156e+02 7.387547874450672225e+01 4.595388031005859375e+01 6.094343948364257812e+01
1.333442058563232422e+02 7.366457176208484725e+01 4.613309097290039062e+01 6.096611404418945312e+01
1.323287525177001953e+02 7.421777725219715194e+01 4.545718002319335938e+01 6.020311737060546875e+01
1.304036655426025391e+02 7.439048004150379256e+01 4.526459884643554688e+01 6.028788757324218750e+01
1.282331638336181641e+02 7.215368461608875350e+01 4.505503463745117188e+01 6.190628433227539062e+01
1.268704395294189453e+02 7.550086975097644881e+01 4.481719589233398438e+01 5.816052246093750000e+01
1.255020008087158203e+02 7.327265930175769881e+01 4.428306198120117188e+01 6.069503784179687500e+01
1.231680545806884766e+02 7.283337593078601913e+01 4.429488754272460938e+01 6.095318222045898438e+01
1.220654487609863281e+02 7.474407005310047225e+01 4.460355377197265625e+01 5.904179763793945312e+01
1.200557460784912109e+02 7.428401374816883163e+01 4.445853042602539062e+01 5.945479965209960938e+01
1.186501331329345703e+02 7.311348152160633163e+01 4.450614547729492188e+01 6.057784652709960938e+01
1.171957664489746094e+02 7.427908325195301131e+01 4.468868255615234375e+01 5.976956176757812500e+01
1.155303039550781250e+02 7.305128479003894881e+01 4.441815185546875000e+01 6.011532592773437500e+01
1.142333068847656250e+02 7.254022789001453475e+01 4.474942016601562500e+01 6.038661575317382812e+01
1.125554409027099609e+02 7.351886367797840194e+01 4.459602737426757812e+01 5.965230560302734375e+01
1.111187515258789062e+02 7.354432678222644881e+01 4.454516601562500000e+01 5.997064208984375000e+01
1.095106525421142578e+02 7.292254257202137069e+01 4.460969161987304688e+01 6.057810211181640625e+01
1.085117645263671875e+02 7.346756744384754256e+01 4.430741882324218750e+01 5.996437072753906250e+01
1.076765727996826172e+02 7.378703117370594100e+01 4.429640579223632812e+01 5.992840957641601562e+01
1.065886344909667969e+02 7.321872520446765975e+01 4.450566864013671875e+01 6.003935623168945312e+01
1.073932895660400391e+02 7.268132019042957381e+01 4.542635726928710938e+01 6.093670654296875000e+01
1.067597446441650391e+02 7.308122444152820663e+01 4.458864974975585938e+01 6.068178939819335938e+01
1.056743812561035156e+02 7.291576194763172225e+01 4.452732086181640625e+01 6.032963943481445312e+01
1.061387100219726562e+02 7.269836044311512069e+01 4.305169677734375000e+01 6.050498199462890625e+01
1.054415931701660156e+02 7.239341926574695663e+01 4.426110076904296875e+01 6.027164840698242188e+01
1.055061569213867188e+02 7.179111862182605819e+01 4.622749328613281250e+01 6.085826873779296875e+01
1.047447586059570312e+02 7.138850021362293319e+01 4.584996032714843750e+01 6.145034027099609375e+01
1.047850570678710938e+02 6.984935951232898788e+01 4.802278137207031250e+01 6.243963241577148438e+01
1.048614940643310547e+02 6.978257560729969100e+01 4.849548721313476562e+01 6.198717117309570312e+01
1.039875259399414062e+02 6.881106567382801131e+01 5.183818054199218750e+01 6.323237609863281250e+01
1.047293548583984375e+02 6.769244575500476913e+01 5.256997680664062500e+01 6.285361862182617188e+01
1.037359657287597656e+02 6.745349884033191756e+01 5.405803680419921875e+01 6.391937255859375000e+01
1.047619228363037109e+02 6.767180633544910506e+01 5.546699905395507812e+01 6.358013916015625000e+01
1.052352638244628906e+02 6.654639816284168319e+01 5.797750091552734375e+01 6.460189056396484375e+01
1.057316265106201172e+02 6.697473907470691756e+01 5.675534439086914062e+01 6.531546020507812500e+01
1.060382614135742188e+02 6.723109054565418319e+01 5.830723571777343750e+01 6.464052581787109375e+01
1.067538795471191406e+02 6.779927444457996444e+01 5.771883392333984375e+01 6.426282501220703125e+01
1.073217544555664062e+02 6.864537620544422225e+01 5.668595886230468750e+01 6.393500137329101562e+01
1.073892765045166016e+02 6.943098831176746444e+01 5.763834762573242188e+01 6.331626129150390625e+01
1.072860507965087891e+02 7.092704391479480819e+01 5.788380050659179688e+01 6.075389862060546875e+01
1.061207351684570312e+02 7.233477401733387069e+01 6.131404113769531250e+01 5.930025482177734375e+01
1.060256958007812500e+02 7.293982887268055038e+01 6.297460937500000000e+01 5.800869369506835938e+01
1.073798770904541016e+02 7.403179550170887069e+01 6.212629318237304688e+01 5.826158905029296875e+01
1.090551948547363281e+02 7.469703102111805038e+01 6.009746551513671875e+01 5.633196640014648438e+01
1.110321197509765625e+02 7.541712570190418319e+01 5.910412597656250000e+01 5.750759124755859375e+01
1.124635295867919922e+02 7.687202835082996444e+01 5.768701553344726562e+01 5.486972808837890625e+01
1.130935153961181641e+02 7.853088188171375350e+01 5.800977706909179688e+01 5.337257766723632812e+01
1.118383808135986328e+02 7.998697471618640975e+01 5.832830429077148438e+01 5.125262832641601562e+01
1.120902481079101562e+02 8.026319694519031600e+01 6.042112731933593750e+01 4.976582717895507812e+01
1.104801082611083984e+02 8.030701637268055038e+01 6.196275711059570312e+01 4.922256088256835938e+01
1.122070446014404297e+02 8.037353324890125350e+01 6.209845352172851562e+01 4.934715652465820312e+01
1.119140148162841797e+02 8.003741836547840194e+01 6.104373550415039062e+01 4.757343292236328125e+01
1.145824432373046875e+02 7.761795997619617538e+01 6.031835937500000000e+01 5.105111312866210938e+01
1.130552215576171875e+02 7.730480384826648788e+01 6.082998657226562500e+01 5.191244125366210938e+01
1.149152393341064453e+02 7.680052375793445663e+01 5.943542098999023438e+01 5.049525070190429688e+01
1.147232952117919922e+02 7.692618560791004256e+01 5.953323745727539062e+01 5.171020507812500000e+01
1.137738304138183594e+02 7.687947463989246444e+01 6.142707061767578125e+01 5.084775543212890625e+01
1.140041847229003906e+02 7.704727172851551131e+01 6.124446868896484375e+01 5.076155090332031250e+01
1.144153289794921875e+02 7.723869323730457381e+01 6.052706909179687500e+01 4.992326354980468750e+01
1.143897800445556641e+02 7.722360229492176131e+01 6.149457931518554688e+01 4.988523864746093750e+01
1.127008552551269531e+02 7.665909004211414413e+01 6.262465667724609375e+01 5.045823287963867188e+01
1.144682521820068359e+02 7.673519325256336288e+01 6.208266067504882812e+01 5.015499496459960938e+01
1.131700420379638672e+02 7.647338485717762069e+01 6.245853042602539062e+01 4.968651580810546875e+01
1.127205753326416016e+02 7.614023208618152694e+01 6.319767379760742188e+01 5.085391998291015625e+01
1.135134830474853516e+02 7.580974769592273788e+01 6.316523361206054688e+01 4.993795394897460938e+01
1.133783702850341797e+02 7.650627708435047225e+01 6.228256607055664062e+01 4.931387710571289062e+01
1.138506832122802734e+02 7.663642692565906600e+01 6.166200637817382812e+01 4.905211257934570312e+01
1.140960502624511719e+02 7.642253494262683944e+01 6.236960601806640625e+01 4.847727203369140625e+01
1.139429721832275391e+02 7.753667449951160506e+01 6.191675949096679688e+01 4.756121826171875000e+01
1.148367080688476562e+02 7.916415596008289413e+01 6.133976745605468750e+01 4.663157272338867188e+01
1.151280956268310547e+02 8.023544692993152694e+01 6.042410659790039062e+01 4.482016754150390625e+01
1.165849704742431641e+02 7.914825630187976913e+01 5.993497848510742188e+01 4.714094161987304688e+01
1.167614498138427734e+02 7.897707557678211288e+01 5.989393997192382812e+01 4.765764999389648438e+01
1.168644466400146484e+02 7.887000465393055038e+01 5.957298660278320312e+01 4.868557357788085938e+01
1.167525978088378906e+02 7.870035934448230819e+01 5.936376190185546875e+01 4.990526580810546875e+01
1.169173946380615234e+02 7.859336280822742538e+01 5.996394729614257812e+01 5.118670272827148438e+01
1.165487842559814453e+02 7.943070983886707381e+01 6.058391952514648438e+01 5.084230041503906250e+01
1.157470951080322266e+02 7.963838005065906600e+01 6.068674850463867188e+01 5.074635696411132812e+01
1.147851905822753906e+02 8.036603546142566756e+01 6.173125457763671875e+01 5.186013793945312500e+01
1.151636772155761719e+02 8.056146240234363631e+01 6.170197296142578125e+01 5.030335998535156250e+01
1.134293785095214844e+02 7.963931274414051131e+01 6.237537384033203125e+01 5.029981994628906250e+01
1.139747943878173828e+02 7.981942749023426131e+01 6.285598373413085938e+01 4.918574523925781250e+01
1.131846866607666016e+02 7.874048042297351913e+01 6.326740646362304688e+01 4.882813644409179688e+01
1.122695045471191406e+02 7.892530250549305038e+01 6.450930023193359375e+01 4.694836044311523438e+01
1.119139213562011719e+02 7.894466972351062850e+01 6.458438873291015625e+01 4.782439041137695312e+01
1.135045433044433594e+02 7.964454269409168319e+01 6.358853912353515625e+01 4.634117889404296875e+01
1.136784839630126953e+02 7.888594245910633163e+01 6.393163681030273438e+01 4.700947189331054688e+01
1.132014961242675781e+02 7.894483375549305038e+01 6.480754852294921875e+01 4.752007675170898438e+01
1.133285713195800781e+02 7.936360168457019881e+01 6.521706390380859375e+01 4.675233459472656250e+01
1.140772361755371094e+02 7.953884506225574569e+01 6.550708770751953125e+01 4.671611785888671875e+01
1.149487457275390625e+02 7.884726905822742538e+01 6.517459106445312500e+01 4.829574203491210938e+01
1.157756500244140625e+02 7.801780128478992538e+01 6.472317504882812500e+01 4.873498153686523438e+01
1.160821876525878906e+02 7.714127922058094100e+01 6.483748626708984375e+01 4.816002273559570312e+01
1.169927444458007812e+02 7.695855522155750350e+01 6.494035339355468750e+01 4.690675735473632812e+01
1.198054847717285156e+02 7.574505043029773788e+01 6.417427825927734375e+01 4.704024887084960938e+01
