6.700000000000000000e+01 7.900000000000000000e+01 1.100000000000000000e+01 3.100000000000000000e+01
6.773670721054077148e+01 7.736315727233886719e+01 1.053041553497314453e+01 3.234334182739257812e+01
6.746830606460571289e+01 7.754075050354003906e+01 1.063756847381591797e+01 3.221270370483398438e+01
6.878040075302124023e+01 7.813753318786621094e+01 1.038847827911376953e+01 3.168621444702148438e+01
6.894309473037719727e+01 7.836870002746582031e+01 1.092644023895263672e+01 3.191025161743164062e+01
6.912365674972534180e+01 7.851423263549804688e+01 1.112909793853759766e+01 3.153652191162109375e+01
6.840201520919799805e+01 7.788778686523437500e+01 1.103339481353759766e+01 3.246782684326171875e+01
6.973194456100463867e+01 7.680152702331542969e+01 1.157343387603759766e+01 3.252561569213867188e+01
6.918970680236816406e+01 7.816995334625244141e+01 1.125107192993164062e+01 3.126244926452636719e+01
7.053159999847412109e+01 7.717002487182617188e+01 1.093908119201660156e+01 3.196341705322265625e+01
7.130537128448486328e+01 7.852412128448486328e+01 1.106965446472167969e+01 3.053101158142089844e+01
7.176383733749389648e+01 7.731797218322753906e+01 1.027805042266845703e+01 3.204624557495117188e+01
7.257251930236816406e+01 7.728241348266601562e+01 1.042576980590820312e+01 3.206776428222656250e+01
7.246908712387084961e+01 7.739732551574707031e+01 1.057423877716064453e+01 3.240356063842773438e+01
7.332564926147460938e+01 7.742539787292480469e+01 1.074355316162109375e+01 3.236314010620117188e+01
7.354686737060546875e+01 7.651335906982421875e+01 1.104383087158203125e+01 3.283491516113281250e+01
7.451955127716064453e+01 7.677293205261230469e+01 1.090912437438964844e+01 3.250850296020507812e+01
7.524584150314331055e+01 7.667402839660644531e+01 1.110223484039306641e+01 3.208042526245117188e+01
7.539056968688964844e+01 7.767916584014892578e+01 1.116429519653320312e+01 3.181361961364746094e+01
7.574302530288696289e+01 7.726728439331054688e+01 1.129944896697998047e+01 3.213230895996093750e+01
7.633125972747802734e+01 7.818710708618164062e+01 1.148626899719238281e+01 3.129415893554687500e+01
7.605136394500732422e+01 7.790376567840576172e+01 1.083996009826660156e+01 3.149174690246582031e+01
7.754518318176269531e+01 7.727508735656738281e+01 1.077433395385742188e+01 3.227235794067382812e+01
7.786213588714599609e+01 7.693076133728027344e+01 1.083345985412597656e+01 3.265289688110351562e+01
7.843069648742675781e+01 7.637241935729980469e+01 1.100210189819335938e+01 3.156451034545898438e+01
7.910781192779541016e+01 7.696629905700683594e+01 1.053063011169433594e+01 3.150431442260742188e+01
8.005602645874023438e+01 7.690470600128173828e+01 1.049227142333984375e+01 3.136723899841308594e+01
8.043412733078002930e+01 7.672176933288574219e+01 1.059214878082275391e+01 3.268957901000976562e+01
8.080138444900512695e+01 7.712542819976806641e+01 1.029804134368896484e+01 3.171092796325683594e+01
8.160374832153320312e+01 7.769575500488281250e+01 1.042922973632812500e+01 3.203104400634765625e+01
8.165501260757446289e+01 7.682979202270507812e+01 1.061067485809326172e+01 3.219490814208984375e+01
8.197142124176025391e+01 7.727209854125976562e+01 1.113878440856933594e+01 3.224244689941406250e+01
8.208456945419311523e+01 7.802102565765380859e+01 1.118753528594970703e+01 3.075250434875488281e+01
8.257426834106445312e+01 7.779739189147949219e+01 1.098732757568359375e+01 3.109708023071289062e+01
8.223295640945434570e+01 7.807426834106445312e+01 1.082856655120849609e+01 3.018698883056640625e+01
8.300843048095703125e+01 7.683390903472900391e+01 1.153543853759765625e+01 3.098836326599121094e+01
8.340024566650390625e+01 7.695440483093261719e+01 1.100845336914062500e+01 3.157961654663085938e+01
8.395607757568359375e+01 7.688045024871826172e+01 1.084485626220703125e+01 3.047771644592285156e+01
8.490168619155883789e+01 7.677930355072021484e+01 1.107743358612060547e+01 3.115226936340332031e+01
8.576090860366821289e+01 7.717518520355224609e+01 1.034394359588623047e+01 3.027209663391113281e+01
8.691025972366333008e+01 7.647776508331298828e+01 1.077766323089599609e+01 3.195123863220214844e+01
8.647313213348388672e+01 7.671899986267089844e+01 1.130282783508300781e+01 3.183322525024414062e+01
8.657452487945556641e+01 7.736902999877929688e+01 1.085180473327636719e+01 3.132967376708984375e+01
8.726190042495727539e+01 7.629884147644042969e+01 1.082682323455810547e+01 3.188406753540039062e+01
8.843882799148559570e+01 7.657329177856445312e+01 1.117453670501708984e+01 3.140523529052734375e+01
8.867865371704101562e+01 7.689824295043945312e+01 1.084215545654296875e+01 3.205364227294921875e+01
8.891470146179199219e+01 7.665928173065185547e+01 1.099052047729492188e+01 3.175453376770019531e+01
9.025058984756469727e+01 7.690160274505615234e+01 1.113604259490966797e+01 3.053027534484863281e+01
9.057642030715942383e+01 7.691393089294433594e+01 1.194232082366943359e+01 3.105478286743164062e+01
9.065038490295410156e+01 7.687674713134765625e+01 1.195198440551757812e+01 3.036804962158203125e+01
9.148265552520751953e+01 7.682335662841796875e+01 1.141521263122558594e+01 3.041524505615234375e+01
9.272712182998657227e+01 7.663167190551757812e+01 1.096792888641357422e+01 3.101831817626953125e+01
9.295443010330200195e+01 7.640439510345458984e+01 1.060996150970458984e+01 3.036765480041503906e+01
9.367860364913940430e+01 7.602157974243164062e+01 1.046588993072509766e+01 3.084368896484375000e+01
9.406111574172973633e+01 7.691440200805664062e+01 1.000000000000000000e+01 3.021053314208984375e+01
9.371928930282592773e+01 7.580603981018066406e+01 1.032475852966308594e+01 3.060466384887695312e+01
9.504065847396850586e+01 7.557468509674072266e+01 1.042928123474121094e+01 3.146292686462402344e+01
9.459268856048583984e+01 7.616661167144775391e+01 1.079262065887451172e+01 3.101033592224121094e+01
9.549063062667846680e+01 7.672769641876220703e+01 1.056913185119628906e+01 3.045777702331542969e+01
9.550967454910278320e+01 7.695640373229980469e+01 1.139306640625000000e+01 3.015618515014648438e+01
9.570389509201049805e+01 7.652115154266357422e+01 1.179936408996582031e+01 3.028533363342285156e+01
9.647973155975341797e+01 7.733066368103027344e+01 1.209387493133544922e+01 3.002386856079101562e+01
9.595054388046264648e+01 7.723549079895019531e+01 1.282252311706542969e+01 3.077650833129882812e+01
9.751182365417480469e+01 7.605510044097900391e+01 1.280637836456298828e+01 3.096331596374511719e+01
9.776952600479125977e+01 7.634387969970703125e+01 1.261394119262695312e+01 3.046517944335937500e+01
9.836078166961669922e+01 7.686869525909423828e+01 1.172819042205810547e+01 3.045682334899902344e+01
9.857561874389648438e+01 7.635591411590576172e+01 1.233519840240478516e+01 3.081410408020019531e+01
9.961433410644531250e+01 7.622422599792480469e+01 1.149207401275634766e+01 3.102385330200195312e+01
1.007711243629455566e+02 7.637801170349121094e+01 1.090066146850585938e+01 3.112205123901367188e+01
1.012207803726196289e+02 7.673564434051513672e+01 1.076904964447021484e+01 3.120073890686035156e+01
1.020147118568420410e+02 7.703673648834228516e+01 1.006988143920898438e+01 3.020405387878417969e+01
1.027886466979980469e+02 7.695055580139160156e+01 1.075515079498291016e+01 3.038077163696289062e+01
1.028008270263671875e+02 7.666405963897705078e+01 1.037793827056884766e+01 3.027633476257324219e+01
1.040174751281738281e+02 7.758214569091796875e+01 1.114699649810791016e+01 2.999051666259765625e+01
1.038230376243591309e+02 7.763396358489990234e+01 1.055476951599121094e+01 2.850903511047363281e+01
1.040977635383605957e+02 7.761359405517578125e+01 1.056977844238281250e+01 3.026195526123046875e+01
1.052322831153869629e+02 7.687875747680664062e+01 1.071242904663085938e+01 3.025196075439453125e+01
1.054226036071777344e+02 7.777052402496337891e+01 1.071819400787353516e+01 2.895497703552246094e+01
1.060844807624816895e+02 7.729500007629394531e+01 1.047542572021484375e+01 2.962714767456054688e+01
1.059573817253112793e+02 7.731260776519775391e+01 1.031746101379394531e+01 2.943927574157714844e+01
1.067358980178833008e+02 7.702982711791992188e+01 1.030725765228271484e+01 2.962731933593750000e+01
1.071347756385803223e+02 7.719250965118408203e+01 1.028158950805664062e+01 2.930545616149902344e+01
1.074452581405639648e+02 7.713095188140869141e+01 1.001729869842529297e+01 2.989712333679199219e+01
1.084431691169738770e+02 7.730794239044189453e+01 1.000000000000000000e+01 2.882559013366699219e+01
1.080607123374938965e+02 7.662837219238281250e+01 1.037127494812011719e+01 3.000442504882812500e+01
1.084742412567138672e+02 7.604231071472167969e+01 1.064416980743408203e+01 3.083812332153320312e+01
1.093976273536682129e+02 7.557571887969970703e+01 1.070638656616210938e+01 3.132533836364746094e+01
1.088890938758850098e+02 7.681209468841552734e+01 1.128122329711914062e+01 3.035469245910644531e+01
1.097591743469238281e+02 7.748410034179687500e+01 1.167686557769775391e+01 2.990449523925781250e+01
1.093344507217407227e+02 7.735694408416748047e+01 1.230425167083740234e+01 2.996250343322753906e+01
1.097646846771240234e+02 7.707232189178466797e+01 1.352993488311767578e+01 2.944208717346191406e+01
1.098434529304504395e+02 7.642977237701416016e+01 1.397090911865234375e+01 2.995854759216308594e+01
1.106509027481079102e+02 7.558022594451904297e+01 1.422566127777099609e+01 3.091417884826660156e+01
1.107694272994995117e+02 7.560648059844970703e+01 1.381737041473388672e+01 3.034818840026855469e+01
1.117309165000915527e+02 7.675463962554931641e+01 1.343202018737792969e+01 2.998785209655761719e+01
1.119883446693420410e+02 7.649986743927001953e+01 1.371721267700195312e+01 2.920041465759277344e+01
1.127683262825012207e+02 7.529987716674804688e+01 1.339849853515625000e+01 2.981171417236328125e+01
1.142626852989196777e+02 7.664774799346923828e+01 1.214068412780761719e+01 2.975673484802246094e+01
1.153475003242492676e+02 7.462511634826660156e+01 1.183632659912109375e+01 3.125861740112304688e+01
1.155460600852966309e+02 7.519026756286621094e+01 1.117613792419433594e+01 3.043548202514648438e+01
1.161395630836486816e+02 7.548593616485595703e+01 1.083046340942382812e+01 3.013578605651855469e+01
1.175824508666992188e+02 7.593875694274902344e+01 1.030396366119384766e+01 2.936464309692382812e+01
1.429239583015441895e+02 7.664081001281738281e+01 1.385608673095703125e+01 3.219860458374023438e+01
1.432087917327880859e+02 7.625618171691894531e+01 1.391708850860595703e+01 3.212511062622070312e+01
1.436331644058227539e+02 7.775797176361083984e+01 1.369001674652099609e+01 3.164150428771972656e+01
1.192872309684753418e+02 7.717827033996582031e+01 1.072705650329589844e+01 2.805080795288085938e+01
1.195501856803894043e+02 7.565471267700195312e+01 1.143235588073730469e+01 2.948645782470703125e+01
1.199268774986267090e+02 7.709189796447753906e+01 1.158690834045410156e+01 2.887300491333007812e+01
1.198983759880065918e+02 7.512102317810058594e+01 1.166227531433105469e+01 3.045470046997070312e+01
1.207410755157470703e+02 7.586058712005615234e+01 1.195848178863525391e+01 2.939574623107910156e+01
1.214488072395324707e+02 7.548151683807373047e+01 1.091600418090820312e+01 2.979698371887207031e+01
1.221434202194213867e+02 7.544340038299560547e+01 1.148395442962646484e+01 2.977338600158691406e+01
1.233309512138366699e+02 7.496009540557861328e+01 1.130896568298339844e+01 3.050285911560058594e+01
1.241859278678894043e+02 7.472936153411865234e+01 1.056577873229980469e+01 3.012373542785644531e+01
1.248148546218872070e+02 7.539580345153808594e+01 1.078212261199951172e+01 2.975448989868164062e+01
1.255085906982421875e+02 7.538986015319824219e+01 1.014078998565673828e+01 3.015498733520507812e+01
1.249924545288085938e+02 7.593284702301025391e+01 1.012649250030517578e+01 2.948407554626464844e+01
1.255459241867065430e+02 7.589520263671875000e+01 1.049989986419677734e+01 2.956361389160156250e+01
1.264658374786376953e+02 7.570219516754150391e+01 1.077712345123291016e+01 2.966591453552246094e+01
1.264776406288146973e+02 7.589565563201904297e+01 1.124377441406250000e+01 2.871387672424316406e+01
1.261661276817321777e+02 7.584558582305908203e+01 1.238643836975097656e+01 2.956974601745605469e+01
1.265984797477722168e+02 7.558859062194824219e+01 1.417929649353027344e+01 2.930421066284179688e+01
1.271219515800476074e+02 7.699202823638916016e+01 1.268337059020996094e+01 2.837651634216308594e+01
1.271367917060852051e+02 7.604539775848388672e+01 1.295529556274414062e+01 2.891290473937988281e+01
1.275911364555358887e+02 7.602587795257568359e+01 1.308739280700683594e+01 2.924044990539550781e+01
1.287692170143127441e+02 7.572237586975097656e+01 1.212451171875000000e+01 2.907457351684570312e+01
1.298431639671325684e+02 7.636769390106201172e+01 1.115732002258300781e+01 2.903196907043457031e+01
1.309577121734619141e+02 7.640042304992675781e+01 1.110849094390869141e+01 2.846307754516601562e+01
1.311026101112365723e+02 7.691386699676513672e+01 1.115930938720703125e+01 2.868622016906738281e+01
1.314661049842834473e+02 7.675456333160400391e+01 1.048531341552734375e+01 2.873100852966308594e+01
1.326432809829711914e+02 7.639203834533691406e+01 1.000000000000000000e+01 2.834652328491210938e+01
1.330470209121704102e+02 7.687244033813476562e+01 1.007359313964843750e+01 2.815618896484375000e+01
1.331669354438781738e+02 7.720125770568847656e+01 1.009257602691650391e+01 2.806263351440429688e+01
1.338412714004516602e+02 7.616361331939697266e+01 1.032484436035156250e+01 2.853388786315917969e+01
1.339675035476684570e+02 7.722159194946289062e+01 1.047099304199218750e+01 2.806663513183593750e+01
1.352308764457702637e+02 7.655598640441894531e+01 1.037911510467529297e+01 2.856377029418945312e+01
1.350485262870788574e+02 7.701351737976074219e+01 1.052016735076904297e+01 2.860715866088867188e+01
1.352630620002746582e+02 7.733014678955078125e+01 1.005191135406494141e+01 2.759198760986328125e+01
1.361165952682495117e+02 7.801423263549804688e+01 1.012370681762695312e+01 2.701718902587890625e+01
1.357361683845520020e+02 7.781147193908691406e+01 1.000000000000000000e+01 2.760458755493164062e+01
1.361739015579223633e+02 7.654769325256347656e+01 1.000000000000000000e+01 2.838159561157226562e+01
1.365996685028076172e+02 7.713901329040527344e+01 1.000000000000000000e+01 2.801725387573242188e+01
1.367616119384765625e+02 7.732372951507568359e+01 1.000000000000000000e+01 2.778488349914550781e+01
1.373530683517456055e+02 7.748241138458251953e+01 1.000000000000000000e+01 2.785654258728027344e+01
1.385324969291687012e+02 7.763141918182373047e+01 1.000000000000000000e+01 2.778705024719238281e+01
1.383792791366577148e+02 7.561892700195312500e+01 1.000441074371337891e+01 2.862535858154296875e+01
1.386257314682006836e+02 7.678495407104492188e+01 1.067847537994384766e+01 2.888269805908203125e+01
1.392784552574157715e+02 7.617044448852539062e+01 1.127130508422851562e+01 2.902426147460937500e+01
1.399865493774414062e+02 7.664743137359619141e+01 1.104347133636474609e+01 2.838253593444824219e+01
1.398702116012573242e+02 7.680201339721679688e+01 1.176450443267822266e+01 2.874333953857421875e+01
1.401624274253845215e+02 7.665749359130859375e+01 1.172402572631835938e+01 2.900505065917968750e+01
1.397028284072875977e+02 7.650888919830322266e+01 1.275916004180908203e+01 2.865415763854980469e+01
1.406902656555175781e+02 7.660785102844238281e+01 1.321867275238037109e+01 2.911126327514648438e+01
1.405938978195190430e+02 7.719435691833496094e+01 1.374466037750244141e+01 2.843682479858398438e+01
1.411744503974914551e+02 7.751916217803955078e+01 1.398299980163574219e+01 2.831791496276855469e+01
1.415828170776367188e+02 7.781256961822509766e+01 1.391524410247802734e+01 2.781589317321777344e+01
1.418288474082946777e+02 7.868740367889404297e+01 1.478104019165039062e+01 2.780048561096191406e+01
1.428959288597106934e+02 7.879059219360351562e+01 1.402367019653320312e+01 2.652629852294921875e+01
1.454453248977661133e+02 7.819833183288574219e+01 1.156180286407470703e+01 2.725883102416992188e+01
1.466329312324523926e+02 7.881416416168212891e+01 1.000000000000000000e+01 2.762441062927246094e+01
1.457757782936096191e+02 7.729859066009521484e+01 1.086917495727539062e+01 2.857060432434082031e+01
1.460529360771179199e+02 7.779902172088623047e+01 1.079507637023925781e+01 2.819230079650878906e+01
1.469784026145935059e+02 7.704464244842529297e+01 1.016817283630371094e+01 2.889041328430175781e+01
1.475401549339294434e+02 7.796694755554199219e+01 1.000000000000000000e+01 2.866822433471679688e+01
1.477507195472717285e+02 7.711734485626220703e+01 1.000000000000000000e+01 2.863506889343261719e+01
1.483086442947387695e+02 7.791728019714355469e+01 1.003209209442138672e+01 2.812585067749023438e+01
1.488317499160766602e+02 7.791261482238769531e+01 1.000000000000000000e+01 2.856870651245117188e+01
1.493832077980041504e+02 7.792695617675781250e+01 1.000000000000000000e+01 2.847956085205078125e+01
1.487821431159973145e+02 7.829654502868652344e+01 1.064233016967773438e+01 2.851069259643554688e+01
1.492515420913696289e+02 7.779125976562500000e+01 1.077485179901123047e+01 2.829042053222656250e+01
1.489537982940673828e+02 7.832686519622802734e+01 1.091050815582275391e+01 2.828304481506347656e+01
1.492587299346923828e+02 7.892352485656738281e+01 1.020777225494384766e+01 2.797520828247070312e+01
1.500097193717956543e+02 7.960334300994873047e+01 1.000000000000000000e+01 2.720858192443847656e+01
1.507226228713989258e+02 7.882231140136718750e+01 1.009551715850830078e+01 2.715573883056640625e+01
1.516541609764099121e+02 7.956326293945312500e+01 1.008916091918945312e+01 2.646778106689453125e+01
1.521758236885070801e+02 7.940598773956298828e+01 1.000000000000000000e+01 2.705160331726074219e+01
1.521796545982360840e+02 7.981331062316894531e+01 1.000000000000000000e+01 2.737688827514648438e+01
1.535422930717468262e+02 7.967477607727050781e+01 1.000000000000000000e+01 2.679403305053710938e+01
1.539856195449829102e+02 8.023099708557128906e+01 1.000000000000000000e+01 2.643902206420898438e+01
1.545406823158264160e+02 8.015550518035888672e+01 1.028622913360595703e+01 2.722289466857910156e+01
1.539790120124816895e+02 7.905010128021240234e+01 1.103621768951416016e+01 2.776427650451660156e+01
1.552604918479919434e+02 7.967729282379150391e+01 1.183145809173583984e+01 2.719986534118652344e+01
1.542377057075500488e+02 8.058917236328125000e+01 1.334441471099853516e+01 2.683123016357421875e+01
1.563656644821166992e+02 7.962150001525878906e+01 1.147195816040039062e+01 2.681261825561523438e+01
1.562515215873718262e+02 8.054144668579101562e+01 1.156042766571044922e+01 2.655060577392578125e+01
1.573984670639038086e+02 7.961264038085937500e+01 1.047007369995117188e+01 2.717280578613281250e+01
1.580832319259643555e+02 7.971369075775146484e+01 1.037478256225585938e+01 2.742691993713378906e+01
1.581685390472412109e+02 8.031523418426513672e+01 1.023199272155761719e+01 2.712684822082519531e+01
1.594931979179382324e+02 7.975110244750976562e+01 1.000000000000000000e+01 2.751652526855468750e+01
1.591769981384277344e+02 8.044114875793457031e+01 1.000000000000000000e+01 2.711001968383789062e+01
1.592551012039184570e+02 8.100676059722900391e+01 1.000000000000000000e+01 2.711916923522949219e+01
1.598609299659729004e+02 7.993519496917724609e+01 1.000000000000000000e+01 2.765726661682128906e+01
1.599691448211669922e+02 8.013516712188720703e+01 1.000000000000000000e+01 2.712174797058105469e+01
1.606709251403808594e+02 8.066839504241943359e+01 1.000000000000000000e+01 2.682058906555175781e+01
1.604740967750549316e+02 8.022383022308349609e+01 1.000000000000000000e+01 2.734512519836425781e+01
1.610695767402648926e+02 8.168705177307128906e+01 1.000000000000000000e+01 2.593282699584960938e+01
1.609992332458496094e+02 8.109211730957031250e+01 1.000000000000000000e+01 2.616294860839843750e+01
1.620376162528991699e+02 8.037454032897949219e+01 1.000000000000000000e+01 2.659101486206054688e+01
1.622482647895812988e+02 8.051373672485351562e+01 1.000000000000000000e+01 2.661097717285156250e+01
1.621251459121704102e+02 8.094779109954833984e+01 1.000000000000000000e+01 2.619441413879394531e+01
1.619915876388549805e+02 8.057238388061523438e+01 1.000000000000000000e+01 2.612877655029296875e+01
1.630363259315490723e+02 8.066264724731445312e+01 1.000000000000000000e+01 2.644562530517578125e+01
1.627771210670471191e+02 7.982360458374023438e+01 1.000000000000000000e+01 2.737025451660156250e+01
1.629638147354125977e+02 7.979642391204833984e+01 1.000000000000000000e+01 2.733031654357910156e+01
1.634363079071044922e+02 7.963843822479248047e+01 1.000000000000000000e+01 2.738077735900878906e+01
1.633160247802734375e+02 8.012321949005126953e+01 1.000000000000000000e+01 2.685436820983886719e+01
1.640882673263549805e+02 7.989117527008056641e+01 1.000000000000000000e+01 2.707053184509277344e+01
1.636059455871582031e+02 7.952917098999023438e+01 1.000000000000000000e+01 2.785958862304687500e+01
1.637353596687316895e+02 8.066906166076660156e+01 1.000000000000000000e+01 2.714274215698242188e+01
1.646038432121276855e+02 8.046637535095214844e+01 1.000000000000000000e+01 2.659146499633789062e+01
1.640786786079406738e+02 8.075928878784179688e+01 1.000000000000000000e+01 2.645726776123046875e+01
1.650036501884460449e+02 8.019368171691894531e+01 1.000000000000000000e+01 2.719746780395507812e+01
1.648563480377197266e+02 8.100592422485351562e+01 1.000000000000000000e+01 2.674255371093750000e+01
1.654321451187133789e+02 8.060873603820800781e+01 1.000000000000000000e+01 2.726044845581054688e+01
1.658184142112731934e+02 7.979176139831542969e+01 1.000000000000000000e+01 2.742118453979492188e+01
1.661388773918151855e+02 8.060809612274169922e+01 1.000000000000000000e+01 2.686789894104003906e+01
1.664326195716857910e+02 8.019779586791992188e+01 1.000000000000000000e+01 2.728134918212890625e+01
1.665264005661010742e+02 8.033355236053466797e+01 1.000000000000000000e+01 2.745202827453613281e+01
1.666549720764160156e+02 7.941168785095214844e+01 1.000000000000000000e+01 2.775802993774414062e+01
1.660959362983703613e+02 8.018756103515625000e+01 1.000000000000000000e+01 2.766289520263671875e+01
1.667353630065917969e+02 8.042051124572753906e+01 1.000000000000000000e+01 2.761162948608398438e+01
1.663158879280090332e+02 8.090101814270019531e+01 1.000000000000000000e+01 2.659138107299804688e+01
1.675106263160705566e+02 8.011538219451904297e+01 1.000000000000000000e+01 2.772612953186035156e+01
1.665005745887756348e+02 8.054505348205566406e+01 1.000000000000000000e+01 2.670662307739257812e+01
1.670332646369934082e+02 8.037701797485351562e+01 1.000000000000000000e+01 2.700259399414062500e+01
1.664780821800231934e+02 8.101055908203125000e+01 1.000000000000000000e+01 2.664894104003906250e+01
1.681264619827270508e+02 8.058556842803955078e+01 1.000000000000000000e+01 2.721614646911621094e+01
1.672862515449523926e+02 8.104873752593994141e+01 1.000000000000000000e+01 2.588939476013183594e+01
1.674037170410156250e+02 8.170595264434814453e+01 1.000000000000000000e+01 2.574310111999511719e+01
1.682282805442810059e+02 7.981418037414550781e+01 1.000000000000000000e+01 2.802640151977539062e+01
1.685759844779968262e+02 8.059869384765625000e+01 1.000000000000000000e+01 2.674145507812500000e+01
1.681338906288146973e+02 8.016888046264648438e+01 1.000000000000000000e+01 2.709134674072265625e+01
1.685511903762817383e+02 8.057198429107666016e+01 1.000000000000000000e+01 2.670122337341308594e+01
1.690528697967529297e+02 8.030977916717529297e+01 1.000000000000000000e+01 2.688852119445800781e+01
1.697057805061340332e+02 8.001622676849365234e+01 1.000000000000000000e+01 2.749829292297363281e+01
1.700489630699157715e+02 8.079609107971191406e+01 1.000000000000000000e+01 2.722993850708007812e+01
1.698622355461120605e+02 8.030565547943115234e+01 1.000000000000000000e+01 2.708363533020019531e+01
1.704794363975524902e+02 8.102552604675292969e+01 1.000000000000000000e+01 2.685145950317382812e+01
1.707426495552062988e+02 8.111461734771728516e+01 1.000000000000000000e+01 2.678628349304199219e+01
1.704583592414855957e+02 8.102208328247070312e+01 1.000000000000000000e+01 2.590021514892578125e+01
1.703037271499633789e+02 8.151484107971191406e+01 1.000000000000000000e+01 2.643686294555664062e+01
1.711178736686706543e+02 8.046067333221435547e+01 1.000000000000000000e+01 2.703398323059082031e+01
1.704418907165527344e+02 8.160100460052490234e+01 1.000000000000000000e+01 2.658617591857910156e+01
1.718178515434265137e+02 8.043342113494873047e+01 1.000000000000000000e+01 2.723594093322753906e+01
1.715850315093994141e+02 8.041433048248291016e+01 1.000000000000000000e+01 2.682584190368652344e+01
1.707080430984497070e+02 8.062447452545166016e+01 1.000000000000000000e+01 2.706653404235839844e+01
1.718726410865783691e+02 7.965279006958007812e+01 1.000000000000000000e+01 2.727283477783203125e+01
1.723920230865478516e+02 8.021676826477050781e+01 1.000000000000000000e+01 2.692127609252929688e+01
1.719341583251953125e+02 8.020245838165283203e+01 1.000000000000000000e+01 2.742600059509277344e+01
1.729699621200561523e+02 8.101491069793701172e+01 1.000000000000000000e+01 2.672307777404785156e+01
1.721679277420043945e+02 8.111938381195068359e+01 1.000000000000000000e+01 2.671857643127441406e+01
1.725679302215576172e+02 8.143996047973632812e+01 1.000000000000000000e+01 2.681093597412109375e+01
1.718010578155517578e+02 8.129382801055908203e+01 1.000000000000000000e+01 2.608045768737792969e+01
1.733364977836608887e+02 8.181118011474609375e+01 1.000000000000000000e+01 2.549620056152343750e+01
1.733053975105285645e+02 8.119930458068847656e+01 1.000000000000000000e+01 2.577680587768554688e+01
1.727109742164611816e+02 8.118768405914306641e+01 1.000000000000000000e+01 2.535188102722167969e+01
1.731518931388854980e+02 8.114692306518554688e+01 1.000000000000000000e+01 2.614093017578125000e+01
1.736192083358764648e+02 8.118119430541992188e+01 1.290143680572509766e+01 2.572859954833984375e+01
1.733272380828857422e+02 8.129937553405761719e+01 1.000000000000000000e+01 2.501067733764648438e+01
1.744965014457702637e+02 8.164182853698730469e+01 1.086257648468017578e+01 2.464095687866210938e+01
1.740016922950744629e+02 8.116239261627197266e+01 1.000000000000000000e+01 2.578339195251464844e+01
1.738224530220031738e+02 8.133630466461181641e+01 1.000000000000000000e+01 2.518152427673339844e+01
1.741096553802490234e+02 8.114746952056884766e+01 1.000000000000000000e+01 2.554470634460449219e+01
1.746421761512756348e+02 8.117554378509521484e+01 1.000000000000000000e+01 2.490387153625488281e+01
1.740592374801635742e+02 8.112703990936279297e+01 1.000000000000000000e+01 2.601677131652832031e+01
1.740765881538391113e+02 8.112129688262939453e+01 1.000000000000000000e+01 2.540720939636230469e+01
1.750339975357055664e+02 8.119498920440673828e+01 1.000000000000000000e+01 2.474547386169433594e+01
1.748432307243347168e+02 8.175484943389892578e+01 1.000000000000000000e+01 2.548808097839355469e+01
1.745502414703369141e+02 8.194634246826171875e+01 1.000000000000000000e+01 2.600431060791015625e+01
1.748809700012207031e+02 8.195967102050781250e+01 1.000000000000000000e+01 2.614469909667968750e+01
1.756191601753234863e+02 8.106774806976318359e+01 1.000000000000000000e+01 2.614530372619628906e+01
1.750960254669189453e+02 8.097511959075927734e+01 1.000000000000000000e+01 2.688803291320800781e+01
1.755497059822082520e+02 8.194494628906250000e+01 1.000000000000000000e+01 2.574638366699218750e+01
1.750418643951416016e+02 8.156009292602539062e+01 1.000000000000000000e+01 2.596096801757812500e+01
1.742079997062683105e+02 8.156706714630126953e+01 1.000000000000000000e+01 2.557960319519042969e+01
1.751601881980895996e+02 8.140571403503417969e+01 1.000000000000000000e+01 2.557827377319335938e+01
1.750962557792663574e+02 8.205222320556640625e+01 1.000000000000000000e+01 2.532424926757812500e+01
1.748152341842651367e+02 8.124235916137695312e+01 1.000000000000000000e+01 2.582975006103515625e+01
1.750237636566162109e+02 8.144655799865722656e+01 1.000000000000000000e+01 2.508358383178710938e+01
1.748581161499023438e+02 8.189229583740234375e+01 1.000000000000000000e+01 2.515113830566406250e+01
1.748561568260192871e+02 8.217868614196777344e+01 1.000000000000000000e+01 2.528544998168945312e+01
1.747440891265869141e+02 8.133529472351074219e+01 1.000000000000000000e+01 2.536005020141601562e+01
1.747486100196838379e+02 8.152490711212158203e+01 1.000000000000000000e+01 2.590048789978027344e+01
1.751899952888488770e+02 8.213449764251708984e+01 1.000000000000000000e+01 2.482620429992675781e+01
1.753134632110595703e+02 8.153368186950683594e+01 1.000000000000000000e+01 2.591763687133789062e+01
1.754366517066955566e+02 8.102718734741210938e+01 1.000000000000000000e+01 2.626522827148437500e+01
1.852608036994934082e+02 8.546748352050781250e+01 1.044720077514648438e+01 2.347235107421875000e+01
1.837393755912780762e+02 8.477179241180419922e+01 1.169808769226074219e+01 2.290614509582519531e+01
1.839976739883422852e+02 8.447090530395507812e+01 1.108832836151123047e+01 2.386665344238281250e+01
1.754846954345703125e+02 8.158757400512695312e+01 1.000000000000000000e+01 2.539234161376953125e+01
1.849275135993957520e+02 8.579881572723388672e+01 1.113619136810302734e+01 2.326107978820800781e+01
1.761743183135986328e+02 8.100693893432617188e+01 1.000000000000000000e+01 2.566774749755859375e+01
1.758218626976013184e+02 8.157240295410156250e+01 1.000000000000000000e+01 2.608701324462890625e+01
1.765838074684143066e+02 8.137388515472412109e+01 1.000000000000000000e+01 2.554233741760253906e+01
1.760061283111572266e+02 8.179827594757080078e+01 1.000000000000000000e+01 2.508139610290527344e+01
1.764955515861511230e+02 8.152673721313476562e+01 1.000000000000000000e+01 2.563344573974609375e+01
1.764893922805786133e+02 8.127081584930419922e+01 1.000000000000000000e+01 2.566584968566894531e+01
1.765792598724365234e+02 8.093282032012939453e+01 1.000000000000000000e+01 2.567637443542480469e+01
1.766830205917358398e+02 8.159119510650634766e+01 1.000000000000000000e+01 2.605488395690917969e+01
1.768425145149230957e+02 8.141204547882080078e+01 1.000000000000000000e+01 2.589974021911621094e+01
1.768093709945678711e+02 8.147280693054199219e+01 1.000000000000000000e+01 2.558201980590820312e+01
1.765727410316467285e+02 8.181909370422363281e+01 1.000000000000000000e+01 2.545225143432617188e+01
1.762514681816101074e+02 8.081394004821777344e+01 1.000000000000000000e+01 2.575680923461914062e+01
1.757809185981750488e+02 8.112381553649902344e+01 1.114536094665527344e+01 2.618424606323242188e+01
1.763099107742309570e+02 8.050553417205810547e+01 1.107362842559814453e+01 2.654747200012207031e+01
1.759015393257141113e+02 8.068712806701660156e+01 1.081184196472167969e+01 2.562089920043945312e+01
