1.250000000000000000e+02 1.670000000000000000e+02 1.300000000000000000e+01 4.400000000000000000e+01
1.246228041648864746e+02 1.676322174072265625e+02 1.500713825225830078e+01 4.213459777832031250e+01
1.260890698432922363e+02 1.686287231445312500e+02 1.514636898040771484e+01 4.092237854003906250e+01
1.274005618095397949e+02 1.681711292266845703e+02 1.497333621978759766e+01 4.159561538696289062e+01
1.284930176734924316e+02 1.682255325317382812e+02 1.495010662078857422e+01 4.154969787597656250e+01
1.289130773544311523e+02 1.673675956726074219e+02 1.650645637512207031e+01 4.214591979980468750e+01
1.291884384155273438e+02 1.687224464416503906e+02 1.713938903808593750e+01 4.199423217773437500e+01
1.297924575805664062e+02 1.685634479522705078e+02 1.712832641601562500e+01 4.232728958129882812e+01
1.300904331207275391e+02 1.683367214202880859e+02 1.720049667358398438e+01 4.224843978881835938e+01
1.313861417770385742e+02 1.677270812988281250e+02 1.677550697326660156e+01 4.259337615966796875e+01
1.323155488967895508e+02 1.670684776306152344e+02 1.607050132751464844e+01 4.356716918945312500e+01
1.333355455398559570e+02 1.674695587158203125e+02 1.632016563415527344e+01 4.319553375244140625e+01
1.345804090499877930e+02 1.675861682891845703e+02 1.608632850646972656e+01 4.165369033813476562e+01
1.349078750610351562e+02 1.678065204620361328e+02 1.723950195312500000e+01 4.356372451782226562e+01
1.351525211334228516e+02 1.670933723449707031e+02 1.612687301635742188e+01 4.310406494140625000e+01
1.371963787078857422e+02 1.675969619750976562e+02 1.628500747680664062e+01 4.267296600341796875e+01
1.379207153320312500e+02 1.679568309783935547e+02 1.634321594238281250e+01 4.269381332397460938e+01
1.379654560089111328e+02 1.679908561706542969e+02 1.670005416870117188e+01 4.281782531738281250e+01
1.391477527618408203e+02 1.687902660369873047e+02 1.732706832885742188e+01 4.289892196655273438e+01
1.397098426818847656e+02 1.689848136901855469e+02 1.732050323486328125e+01 4.258587646484375000e+01
1.405102710723876953e+02 1.702239513397216797e+02 1.680212020874023438e+01 4.290856552124023438e+01
1.414740438461303711e+02 1.699470825195312500e+02 1.637884712219238281e+01 4.276857757568359375e+01
1.418758921623229980e+02 1.705029640197753906e+02 1.574720859527587891e+01 4.147540283203125000e+01
1.422706956863403320e+02 1.707247009277343750e+02 1.590230369567871094e+01 4.181287384033203125e+01
1.427113552093505859e+02 1.711300811767578125e+02 1.690596389770507812e+01 4.205074310302734375e+01
1.441592588424682617e+02 1.711682853698730469e+02 1.584243202209472656e+01 4.233638000488281250e+01
1.451447806358337402e+02 1.710359764099121094e+02 1.554964160919189453e+01 4.332936096191406250e+01
1.458340606689453125e+02 1.706969909667968750e+02 1.604821777343750000e+01 4.283991241455078125e+01
1.467625007629394531e+02 1.710207939147949219e+02 1.605381011962890625e+01 4.163540649414062500e+01
1.473413033485412598e+02 1.706216354370117188e+02 1.520366954803466797e+01 4.268996429443359375e+01
1.484868373870849609e+02 1.707480087280273438e+02 1.563199234008789062e+01 4.199183654785156250e+01
1.483060779571533203e+02 1.714777660369873047e+02 1.755804061889648438e+01 4.227237319946289062e+01
1.487455368041992188e+02 1.714661312103271484e+02 1.737242126464843750e+01 4.225578689575195312e+01
1.499634847640991211e+02 1.711480636596679688e+02 1.818063545227050781e+01 4.212078857421875000e+01
1.493028221130371094e+02 1.706466121673583984e+02 1.866918182373046875e+01 4.243646621704101562e+01
1.511051139831542969e+02 1.714497299194335938e+02 1.865401458740234375e+01 4.266758728027343750e+01
1.517731561660766602e+02 1.712118949890136719e+02 1.880050468444824219e+01 4.192394256591796875e+01
1.522723884582519531e+02 1.713574142456054688e+02 1.806887054443359375e+01 4.139128112792968750e+01
1.545532207489013672e+02 1.706069450378417969e+02 1.649135208129882812e+01 4.192064666748046875e+01
1.565576519966125488e+02 1.708758354187011719e+02 1.498389339447021484e+01 4.098757171630859375e+01
1.576619930267333984e+02 1.702461185455322266e+02 1.542319869995117188e+01 4.268861007690429688e+01
1.581986656188964844e+02 1.700660667419433594e+02 1.536596679687500000e+01 4.293828582763671875e+01
1.591064243316650391e+02 1.696277236938476562e+02 1.541853713989257812e+01 4.429107666015625000e+01
1.604444198608398438e+02 1.701810379028320312e+02 1.489322662353515625e+01 4.306094360351562500e+01
1.614070677757263184e+02 1.714536342620849609e+02 1.464409351348876953e+01 4.185432815551757812e+01
1.603876609802246094e+02 1.714688549041748047e+02 1.597739410400390625e+01 4.261280441284179688e+01
1.609624710083007812e+02 1.711307163238525391e+02 1.617620849609375000e+01 4.205221939086914062e+01
1.609219865798950195e+02 1.700443458557128906e+02 1.625078392028808594e+01 4.256533813476562500e+01
1.624669981002807617e+02 1.695742225646972656e+02 1.570821571350097656e+01 4.430317687988281250e+01
1.632721767425537109e+02 1.680091323852539062e+02 1.560080337524414062e+01 4.581305694580078125e+01
1.633565707206726074e+02 1.660161743164062500e+02 1.583223819732666016e+01 4.792201995849609375e+01
1.640970282554626465e+02 1.686607666015625000e+02 1.479283618927001953e+01 4.478894805908203125e+01
1.637263503074645996e+02 1.683505458831787109e+02 1.506477069854736328e+01 4.496244430541992188e+01
1.635056924819946289e+02 1.698711318969726562e+02 1.514440727233886719e+01 4.433412933349609375e+01
1.638243122100830078e+02 1.691809711456298828e+02 1.492089462280273438e+01 4.484990310668945312e+01
1.639718933105468750e+02 1.673377609252929688e+02 1.531971740722656250e+01 4.595633697509765625e+01
1.642423977851867676e+02 1.693171787261962891e+02 1.479270076751708984e+01 4.381503677368164062e+01
1.636289219856262207e+02 1.691900711059570312e+02 1.517050075531005859e+01 4.465634918212890625e+01
1.637549114227294922e+02 1.687179813385009766e+02 1.511612319946289062e+01 4.509532546997070312e+01
1.641061773300170898e+02 1.688899841308593750e+02 1.486595344543457031e+01 4.454419708251953125e+01
1.641101355552673340e+02 1.687013568878173828e+02 1.505446338653564453e+01 4.466989517211914062e+01
1.637881593704223633e+02 1.696276054382324219e+02 1.516516685485839844e+01 4.375563049316406250e+01
1.639133763313293457e+02 1.695674476623535156e+02 1.527055263519287109e+01 4.432496643066406250e+01
1.642469677925109863e+02 1.685784530639648438e+02 1.554160213470458984e+01 4.571729278564453125e+01
1.645280499458312988e+02 1.681395072937011719e+02 1.567049312591552734e+01 4.652795410156250000e+01
1.650275359153747559e+02 1.686168766021728516e+02 1.540565204620361328e+01 4.525801467895507812e+01
1.652973752021789551e+02 1.698889350891113281e+02 1.494939327239990234e+01 4.274517822265625000e+01
1.651540803909301758e+02 1.687632675170898438e+02 1.552432823181152344e+01 4.468212127685546875e+01
1.646210927963256836e+02 1.668816795349121094e+02 1.580241584777832031e+01 4.737858581542968750e+01
1.648825225830078125e+02 1.658938598632812500e+02 1.624662780761718750e+01 4.873679351806640625e+01
1.646713199615478516e+02 1.689869384765625000e+02 1.567043685913085938e+01 4.461000823974609375e+01
1.657457141876220703e+02 1.676113681793212891e+02 1.543772506713867188e+01 4.500589370727539062e+01
1.665524358749389648e+02 1.679235763549804688e+02 1.559306526184082031e+01 4.563425445556640625e+01
1.667516384124755859e+02 1.662138423919677734e+02 1.628683853149414062e+01 4.746607589721679688e+01
1.666047801971435547e+02 1.670873165130615234e+02 1.669040298461914062e+01 4.676562118530273438e+01
1.665611944198608398e+02 1.658805751800537109e+02 1.774875068664550781e+01 4.816369247436523438e+01
1.671145668029785156e+02 1.692286624908447266e+02 1.799158477783203125e+01 4.461229324340820312e+01
1.681230592727661133e+02 1.675698280334472656e+02 1.748166465759277344e+01 4.550442504882812500e+01
1.681595821380615234e+02 1.701475925445556641e+02 1.804892349243164062e+01 4.410586929321289062e+01
1.693740091323852539e+02 1.702966003417968750e+02 1.757894706726074219e+01 4.321300506591796875e+01
1.699705905914306641e+02 1.697510070800781250e+02 1.791209030151367188e+01 4.306652069091796875e+01
1.708840732574462891e+02 1.697560234069824219e+02 1.758259201049804688e+01 4.308303833007812500e+01
1.713137369155883789e+02 1.683994979858398438e+02 1.665313529968261719e+01 4.462447357177734375e+01
1.725007414817810059e+02 1.700061759948730469e+02 1.580457782745361328e+01 4.284471130371093750e+01
1.731116943359375000e+02 1.674005260467529297e+02 1.583187866210937500e+01 4.562139511108398438e+01
1.735103631019592285e+02 1.682637519836425781e+02 1.587119579315185547e+01 4.441567993164062500e+01
1.742003288269042969e+02 1.681783580780029297e+02 1.586878204345703125e+01 4.524113082885742188e+01
1.753012313842773438e+02 1.699001560211181641e+02 1.495683288574218750e+01 4.295140457153320312e+01
1.752567362785339355e+02 1.695863780975341797e+02 1.580970096588134766e+01 4.386315536499023438e+01
1.762520856857299805e+02 1.690048561096191406e+02 1.524020576477050781e+01 4.375102233886718750e+01
1.764611015319824219e+02 1.693176345825195312e+02 1.505329895019531250e+01 4.356667327880859375e+01
1.763489003181457520e+02 1.689533882141113281e+02 1.594640254974365234e+01 4.413818359375000000e+01
1.758817977905273438e+02 1.698401126861572266e+02 1.566828155517578125e+01 4.270531082153320312e+01
1.755628395080566406e+02 1.695017471313476562e+02 1.645663452148437500e+01 4.388042449951171875e+01
1.768446636199951172e+02 1.695694408416748047e+02 1.610070419311523438e+01 4.351296615600585938e+01
1.774646906852722168e+02 1.697283287048339844e+02 1.535361576080322266e+01 4.314970397949218750e+01
1.764321703910827637e+02 1.703039855957031250e+02 1.569573307037353516e+01 4.244336700439453125e+01
1.772039446830749512e+02 1.705022563934326172e+02 1.563808536529541016e+01 4.258523178100585938e+01
1.769346823692321777e+02 1.705135841369628906e+02 1.514023303985595703e+01 4.246746826171875000e+01
1.769205389022827148e+02 1.701226634979248047e+02 1.542992591857910156e+01 4.348655319213867188e+01
1.765584597587585449e+02 1.688469829559326172e+02 1.508401584625244141e+01 4.407673263549804688e+01
1.762734422683715820e+02 1.711808681488037109e+02 1.520091056823730469e+01 4.198455429077148438e+01
1.771747617721557617e+02 1.703555603027343750e+02 1.493029975891113281e+01 4.245090484619140625e+01
1.763564023971557617e+02 1.684563331604003906e+02 1.552765083312988281e+01 4.450959777832031250e+01
1.769883131980895996e+02 1.703484287261962891e+02 1.496373462677001953e+01 4.228210830688476562e+01
1.770655784606933594e+02 1.708960075378417969e+02 1.510787200927734375e+01 4.262247467041015625e+01
1.772829284667968750e+02 1.697137088775634766e+02 1.468675994873046875e+01 4.319778060913085938e+01
1.764368934631347656e+02 1.696886539459228516e+02 1.531002044677734375e+01 4.372475814819335938e+01
1.770750288963317871e+02 1.702391052246093750e+02 1.517405414581298828e+01 4.226185607910156250e+01
1.774205751419067383e+02 1.700077400207519531e+02 1.534195518493652344e+01 4.297251129150390625e+01
1.770426545143127441e+02 1.702629394531250000e+02 1.515431499481201172e+01 4.226647949218750000e+01
1.772441182136535645e+02 1.705412597656250000e+02 1.549221706390380859e+01 4.197414398193359375e+01
1.778410496711730957e+02 1.702918186187744141e+02 1.499040126800537109e+01 4.172552108764648438e+01
1.780286507606506348e+02 1.696086826324462891e+02 1.573283672332763672e+01 4.366993331909179688e+01
1.780671892166137695e+02 1.696773223876953125e+02 1.623064994812011719e+01 4.373382568359375000e+01
1.788412523269653320e+02 1.695029163360595703e+02 1.640807914733886719e+01 4.315365219116210938e+01
1.792679758071899414e+02 1.703903541564941406e+02 1.577921104431152344e+01 4.264369964599609375e+01
1.799280729293823242e+02 1.680019340515136719e+02 1.631286811828613281e+01 4.474340057373046875e+01
1.802808046340942383e+02 1.706294212341308594e+02 1.623469352722167969e+01 4.336615753173828125e+01
1.805708637237548828e+02 1.690418319702148438e+02 1.690742874145507812e+01 4.429885864257812500e+01
1.810055427551269531e+02 1.690310344696044922e+02 1.655647277832031250e+01 4.350249099731445312e+01
1.824308238029479980e+02 1.701212444305419922e+02 1.540662479400634766e+01 4.291385269165039062e+01
1.830552692413330078e+02 1.690084438323974609e+02 1.539581680297851562e+01 4.401995468139648438e+01
1.841648054122924805e+02 1.686789760589599609e+02 1.480313301086425781e+01 4.345280075073242188e+01
1.845193338394165039e+02 1.700282630920410156e+02 1.513591575622558594e+01 4.333630371093750000e+01
1.848994822502136230e+02 1.704121913909912109e+02 1.482653141021728516e+01 4.295273971557617188e+01
1.856822595596313477e+02 1.699568157196044922e+02 1.603412437438964844e+01 4.366355514526367188e+01
1.869429111480712891e+02 1.691459598541259766e+02 1.663306045532226562e+01 4.437553787231445312e+01
1.878016080856323242e+02 1.692877311706542969e+02 1.750877571105957031e+01 4.395663452148437500e+01
1.881317243576049805e+02 1.699485492706298828e+02 1.821354866027832031e+01 4.267953872680664062e+01
1.886051435470581055e+02 1.700550746917724609e+02 1.888243293762207031e+01 4.323817062377929688e+01
1.885828580856323242e+02 1.692858886718750000e+02 1.821653938293457031e+01 4.394277191162109375e+01
1.889430370330810547e+02 1.689721965789794922e+02 1.947285079956054688e+01 4.456165695190429688e+01
1.896819610595703125e+02 1.701932201385498047e+02 1.922507476806640625e+01 4.313334274291992188e+01
1.915892934799194336e+02 1.701518630981445312e+02 1.797217750549316406e+01 4.233504486083984375e+01
1.921516866683959961e+02 1.696931610107421875e+02 1.721065711975097656e+01 4.326840972900390625e+01
1.948239274024963379e+02 1.697410640716552734e+02 1.567328929901123047e+01 4.244257736206054688e+01
1.960856676101684570e+02 1.704115009307861328e+02 1.447440910339355469e+01 4.212665176391601562e+01
1.973320579528808594e+02 1.697853908538818359e+02 1.483074951171875000e+01 4.296926498413085938e+01
1.979281072616577148e+02 1.687624282836914062e+02 1.506772804260253906e+01 4.378626251220703125e+01
1.985617294311523438e+02 1.701434288024902344e+02 1.573503875732421875e+01 4.244995117187500000e+01
2.002072677612304688e+02 1.707032470703125000e+02 1.661901092529296875e+01 4.200075531005859375e+01
2.007881832122802734e+02 1.702085685729980469e+02 1.766176986694335938e+01 4.240258789062500000e+01
2.015667057037353516e+02 1.702545890808105469e+02 1.993826675415039062e+01 4.190652465820312500e+01
2.025012960433959961e+02 1.701090717315673828e+02 1.939217567443847656e+01 4.237518692016601562e+01
2.034752464294433594e+02 1.702324943542480469e+02 1.946212768554687500e+01 4.276939392089843750e+01
2.033032207489013672e+02 1.700238761901855469e+02 2.036135482788085938e+01 4.243637084960937500e+01
2.051845541000366211e+02 1.669408264160156250e+02 1.856517982482910156e+01 4.517894744873046875e+01
2.066017045974731445e+02 1.693955802917480469e+02 1.757116508483886719e+01 4.280415344238281250e+01
2.087837057113647461e+02 1.691202716827392578e+02 1.601537513732910156e+01 4.260983657836914062e+01
2.098233890533447266e+02 1.690729427337646484e+02 1.519986343383789062e+01 4.218989181518554688e+01
2.106639742851257324e+02 1.685211086273193359e+02 1.485778903961181641e+01 4.224081039428710938e+01
2.121559963226318359e+02 1.680963783264160156e+02 1.582281112670898438e+01 4.407936096191406250e+01
2.118468089103698730e+02 1.685364398956298828e+02 1.585331058502197266e+01 4.278406143188476562e+01
2.136173877716064453e+02 1.694604167938232422e+02 1.772061538696289062e+01 4.285900497436523438e+01
2.144465065002441406e+02 1.689700317382812500e+02 1.937683105468750000e+01 4.273015594482421875e+01
2.156671352386474609e+02 1.685449409484863281e+02 1.928002548217773438e+01 4.388877868652343750e+01
2.168624563217163086e+02 1.693246593475341797e+02 1.925765419006347656e+01 4.326197433471679688e+01
2.173919153213500977e+02 1.687066078186035156e+02 1.936725425720214844e+01 4.346261596679687500e+01
2.182937984466552734e+02 1.698474826812744141e+02 1.925228500366210938e+01 4.257156753540039062e+01
2.197461585998535156e+02 1.675339450836181641e+02 1.808514404296875000e+01 4.421512222290039062e+01
2.208150835037231445e+02 1.670880126953125000e+02 1.746844291687011719e+01 4.394202423095703125e+01
2.227690582275390625e+02 1.689876766204833984e+02 1.640494537353515625e+01 4.209478378295898438e+01
2.248927688598632812e+02 1.696733417510986328e+02 1.508036041259765625e+01 4.158266067504882812e+01
2.264657559394836426e+02 1.694979267120361328e+02 1.540080165863037109e+01 4.149967575073242188e+01
2.267608294486999512e+02 1.686522846221923828e+02 1.562741947174072266e+01 4.257995986938476562e+01
2.285923705101013184e+02 1.703890342712402344e+02 1.533994770050048828e+01 4.159083557128906250e+01
2.297600626945495605e+02 1.686761360168457031e+02 1.548146152496337891e+01 4.233167266845703125e+01
2.305016503334045410e+02 1.698399581909179688e+02 1.564159679412841797e+01 4.106680297851562500e+01
2.311814222335815430e+02 1.680282840728759766e+02 1.664396095275878906e+01 4.383983993530273438e+01
2.313078947067260742e+02 1.683366374969482422e+02 1.769562721252441406e+01 4.291838455200195312e+01
2.321434020996093750e+02 1.677376441955566406e+02 1.912931823730468750e+01 4.326210784912109375e+01
2.323846349716186523e+02 1.698490543365478516e+02 1.888189888000488281e+01 4.256312179565429688e+01
2.348867444992065430e+02 1.687024116516113281e+02 1.770662879943847656e+01 4.395479583740234375e+01
2.366194086074829102e+02 1.682686023712158203e+02 1.638096427917480469e+01 4.000043869018554688e+01
2.392617225646972656e+02 1.689430313110351562e+02 1.506134796142578125e+01 3.802782440185546875e+01
2.398368873596191406e+02 1.669260063171386719e+02 1.608073425292968750e+01 3.869029235839843750e+01
2.413297948837280273e+02 1.673798484802246094e+02 1.665078163146972656e+01 3.773363494873046875e+01
2.414257402420043945e+02 1.680267448425292969e+02 1.579796409606933594e+01 3.879297637939453125e+01
2.425613508224487305e+02 1.680312175750732422e+02 1.759026527404785156e+01 3.866506576538085938e+01
2.437723493576049805e+02 1.671655158996582031e+02 1.719214820861816406e+01 3.928002929687500000e+01
2.457244262695312500e+02 1.671043930053710938e+02 1.775778198242187500e+01 3.915714263916015625e+01
2.460254030227661133e+02 1.656666622161865234e+02 1.757146263122558594e+01 4.104665756225585938e+01
2.478006401062011719e+02 1.673957805633544922e+02 1.755968475341796875e+01 3.982995223999023438e+01
2.493040370941162109e+02 1.681480350494384766e+02 1.650380325317382812e+01 3.848079299926757812e+01
2.509145765304565430e+02 1.680313510894775391e+02 1.679284095764160156e+01 3.876330947875976562e+01
2.522501182556152344e+02 1.679862022399902344e+02 1.643143463134765625e+01 3.908682250976562500e+01
2.529165029525756836e+02 1.659557647705078125e+02 1.651382637023925781e+01 4.071784973144531250e+01
2.538567829132080078e+02 1.665340881347656250e+02 1.732174301147460938e+01 4.043508911132812500e+01
2.555410575866699219e+02 1.673518085479736328e+02 1.612639617919921875e+01 4.010992050170898438e+01
2.571633386611938477e+02 1.680432167053222656e+02 1.517312431335449219e+01 3.920021820068359375e+01
2.573328638076782227e+02 1.665278739929199219e+02 1.667069816589355469e+01 4.073923492431640625e+01
2.596269207000732422e+02 1.679994773864746094e+02 1.676088333129882812e+01 3.898860931396484375e+01
2.600362110137939453e+02 1.691041069030761719e+02 1.745627975463867188e+01 3.914994049072265625e+01
2.614342222213745117e+02 1.686875972747802734e+02 1.715584754943847656e+01 3.904484939575195312e+01
2.624532613754272461e+02 1.679089775085449219e+02 1.770082283020019531e+01 4.057958221435546875e+01
2.630555324554443359e+02 1.650997772216796875e+02 1.896948623657226562e+01 4.488188171386718750e+01
2.642293090820312500e+02 1.661522560119628906e+02 1.826989746093750000e+01 4.081490325927734375e+01
2.660938053131103516e+02 1.683628196716308594e+02 1.645011520385742188e+01 4.003778839111328125e+01
2.667880783081054688e+02 1.669016914367675781e+02 1.688255310058593750e+01 4.075742340087890625e+01
2.685058603286743164e+02 1.668069591522216797e+02 1.675959587097167969e+01 4.184099197387695312e+01
2.706834897994995117e+02 1.641712265014648438e+02 1.584034156799316406e+01 4.518165588378906250e+01
2.715105485916137695e+02 1.658671207427978516e+02 1.588989830017089844e+01 4.320954513549804688e+01
2.730228404998779297e+02 1.683990116119384766e+02 1.574498367309570312e+01 4.163372421264648438e+01
2.731223230361938477e+02 1.667735404968261719e+02 1.778448295593261719e+01 4.243827056884765625e+01
2.745529308319091797e+02 1.669488887786865234e+02 1.983429336547851562e+01 4.183446121215820312e+01
2.748056678771972656e+02 1.680534267425537109e+02 2.049546051025390625e+01 4.131291580200195312e+01
2.757504291534423828e+02 1.662108135223388672e+02 2.073020553588867188e+01 4.380012893676757812e+01
2.763259677886962891e+02 1.651188411712646484e+02 2.164074325561523438e+01 4.486655044555664062e+01
2.783433637619018555e+02 1.644356136322021484e+02 2.033388710021972656e+01 4.513064956665039062e+01
2.789913129806518555e+02 1.664506473541259766e+02 1.911939430236816406e+01 4.281583786010742188e+01
2.797851219177246094e+02 1.669767951965332031e+02 1.932543182373046875e+01 4.216640472412109375e+01
2.823967523574829102e+02 1.671361351013183594e+02 1.704405021667480469e+01 4.136745452880859375e+01
2.853651876449584961e+02 1.673710842132568359e+02 1.538612556457519531e+01 4.176440811157226562e+01
2.859081678390502930e+02 1.664970645904541016e+02 1.478513526916503906e+01 4.172156906127929688e+01
2.868805160522460938e+02 1.653030338287353516e+02 1.767778015136718750e+01 4.357027053833007812e+01
2.888439521789550781e+02 1.660900440216064453e+02 1.589032745361328125e+01 4.239249038696289062e+01
2.888148784637451172e+02 1.669523372650146484e+02 1.728746414184570312e+01 4.257816696166992188e+01
2.905791225433349609e+02 1.692300834655761719e+02 1.840637588500976562e+01 3.972631835937500000e+01
2.911047449111938477e+02 1.671241245269775391e+02 1.916496086120605469e+01 4.168487930297851562e+01
2.915593957901000977e+02 1.640191802978515625e+02 1.960809135437011719e+01 4.490254974365234375e+01
2.921556358337402344e+02 1.661239490509033203e+02 2.056723785400390625e+01 4.286502456665039062e+01
2.933746137619018555e+02 1.672288055419921875e+02 2.194996070861816406e+01 4.172393035888671875e+01
2.957961368560791016e+02 1.664734725952148438e+02 1.914278793334960938e+01 4.270890045166015625e+01
2.964325284957885742e+02 1.674292049407958984e+02 1.991117286682128906e+01 4.166427230834960938e+01
2.986517391204833984e+02 1.668630104064941406e+02 1.796239089965820312e+01 4.187995910644531250e+01
3.007258529663085938e+02 1.668806037902832031e+02 1.647410583496093750e+01 4.128657531738281250e+01
3.024785747528076172e+02 1.671173152923583984e+02 1.761966323852539062e+01 4.135979843139648438e+01
3.031618556976318359e+02 1.671789665222167969e+02 1.665343093872070312e+01 4.141226196289062500e+01
3.041567230224609375e+02 1.674860630035400391e+02 1.686297607421875000e+01 4.137018203735351562e+01
3.051238880157470703e+02 1.674079570770263672e+02 1.628567123413085938e+01 4.122405624389648438e+01
3.063243885040283203e+02 1.680316810607910156e+02 1.656983566284179688e+01 4.086750793457031250e+01
3.071727113723754883e+02 1.686144790649414062e+02 1.708371543884277344e+01 3.983946990966796875e+01
3.081501865386962891e+02 1.690644359588623047e+02 1.772489547729492188e+01 3.941601181030273438e+01
3.080022497177124023e+02 1.685836906433105469e+02 1.840937995910644531e+01 4.054516601562500000e+01
3.097724723815917969e+02 1.684081192016601562e+02 1.818720245361328125e+01 4.102742767333984375e+01
3.128258562088012695e+02 1.680779819488525391e+02 1.675929832458496094e+01 4.108177566528320312e+01
3.136203689575195312e+02 1.670384941101074219e+02 1.609646606445312500e+01 4.029176330566406250e+01
3.137876110076904297e+02 1.675587463378906250e+02 1.649968338012695312e+01 4.060164642333984375e+01
3.156855964660644531e+02 1.669255428314208984e+02 1.593395233154296875e+01 4.070565414428710938e+01
3.161303987503051758e+02 1.672706127166748047e+02 1.570532798767089844e+01 4.093259811401367188e+01
3.183325080871582031e+02 1.668801498413085938e+02 1.665096282958984375e+01 4.074151611328125000e+01
3.182453784942626953e+02 1.668854389190673828e+02 1.733520126342773438e+01 3.987304306030273438e+01
3.187394151687622070e+02 1.671189727783203125e+02 1.794318199157714844e+01 3.981715393066406250e+01
3.196207256317138672e+02 1.675263652801513672e+02 1.727255630493164062e+01 3.936917495727539062e+01
3.199730243682861328e+02 1.678377952575683594e+02 1.906107711791992188e+01 3.892458343505859375e+01
3.212966775894165039e+02 1.680083084106445312e+02 1.944878959655761719e+01 3.888360595703125000e+01
3.235014715194702148e+02 1.677288436889648438e+02 1.832940864562988281e+01 3.984541320800781250e+01
3.239112815856933594e+02 1.670014190673828125e+02 1.911795806884765625e+01 3.953390502929687500e+01
3.264575672149658203e+02 1.663493118286132812e+02 1.826498031616210938e+01 4.023889160156250000e+01
3.276924180984497070e+02 1.673007640838623047e+02 1.613651084899902344e+01 3.941635513305664062e+01
3.300377492904663086e+02 1.662132682800292969e+02 1.501634407043457031e+01 3.971591186523437500e+01
3.308063941001892090e+02 1.659177589416503906e+02 1.502476978302001953e+01 4.013373565673828125e+01
3.315523495674133301e+02 1.666877784729003906e+02 1.529864406585693359e+01 3.970395660400390625e+01
3.333071942329406738e+02 1.656258087158203125e+02 1.471044063568115234e+01 4.012084197998046875e+01
3.337780556678771973e+02 1.655403156280517578e+02 1.471152019500732422e+01 3.986592483520507812e+01
3.353832974433898926e+02 1.671910285949707031e+02 1.433780574798583984e+01 3.892060089111328125e+01
3.360546307563781738e+02 1.667943801879882812e+02 1.495239925384521484e+01 3.901088714599609375e+01
3.375729975700378418e+02 1.666099166870117188e+02 1.464335727691650391e+01 3.899028778076171875e+01
3.388980107307434082e+02 1.658437957763671875e+02 1.481112575531005859e+01 3.970453643798828125e+01
3.410602264404296875e+02 1.656585044860839844e+02 1.724113464355468750e+01 3.877001953125000000e+01
3.421082754135131836e+02 1.645839042663574219e+02 1.831244087219238281e+01 3.895027160644531250e+01
3.452025623321533203e+02 1.613576984405517578e+02 2.199250411987304688e+01 3.827663040161132812e+01
3.466065635681152344e+02 1.625443973541259766e+02 2.150182342529296875e+01 3.566997146606445312e+01
3.482454843521118164e+02 1.611955204010009766e+02 2.464233207702636719e+01 3.766841506958007812e+01
3.508030214309692383e+02 1.618224525451660156e+02 2.361508750915527344e+01 3.514425659179687500e+01
3.565399217605590820e+02 1.632267799377441406e+02 2.093959617614746094e+01 3.514324951171875000e+01
3.584563407897949219e+02 1.630399780273437500e+02 1.889650726318359375e+01 3.475463104248046875e+01
3.560701084136962891e+02 1.624538536071777344e+02 2.123414230346679688e+01 3.530427551269531250e+01
3.570226287841796875e+02 1.633952617645263672e+02 2.040461730957031250e+01 3.275924301147460938e+01
3.550700511932373047e+02 1.622729988098144531e+02 2.243791580200195312e+01 3.594030761718750000e+01
3.551832304000854492e+02 1.629157485961914062e+02 2.196630287170410156e+01 3.285051727294921875e+01
3.519179048538208008e+02 1.624272060394287109e+02 2.387526512145996094e+01 3.447158432006835938e+01
3.516161899566650391e+02 1.613241138458251953e+02 2.342361068725585938e+01 3.750630569458007812e+01
3.514894104003906250e+02 1.608986358642578125e+02 2.300411987304687500e+01 3.668280792236328125e+01
3.564782075881958008e+02 1.647768344879150391e+02 2.002556419372558594e+01 3.378654861450195312e+01
3.541824474334716797e+02 1.623063011169433594e+02 2.249109268188476562e+01 3.626593017578125000e+01
3.553126688003540039e+02 1.614827995300292969e+02 2.114103507995605469e+01 3.593629455566406250e+01
3.544998044967651367e+02 1.629346218109130859e+02 2.219350624084472656e+01 3.411851119995117188e+01
3.551687593460083008e+02 1.622943248748779297e+02 2.233627891540527344e+01 3.659922409057617188e+01
3.566872873306274414e+02 1.628916549682617188e+02 2.157801628112792969e+01 3.442562103271484375e+01
3.614363250732421875e+02 1.638460578918457031e+02 1.785694885253906250e+01 3.524989318847656250e+01
3.638739194869995117e+02 1.651790390014648438e+02 1.712386512756347656e+01 3.548032379150390625e+01
3.647949123382568359e+02 1.654839820861816406e+02 1.596857070922851562e+01 3.536915588378906250e+01
3.652998523712158203e+02 1.657806835174560547e+02 1.629446792602539062e+01 3.469923019409179688e+01
3.654460487365722656e+02 1.656082763671875000e+02 1.545772552490234375e+01 3.493086242675781250e+01
3.676790938377380371e+02 1.664072589874267578e+02 1.487919330596923828e+01 3.441410446166992188e+01
3.692912511825561523e+02 1.663214282989501953e+02 1.493025398254394531e+01 3.373670578002929688e+01
3.702182855606079102e+02 1.664802856445312500e+02 1.502886772155761719e+01 3.408347320556640625e+01
3.715220189094543457e+02 1.666325111389160156e+02 1.427960872650146484e+01 3.322800445556640625e+01
3.732277917861938477e+02 1.665114040374755859e+02 1.500645256042480469e+01 3.300957870483398438e+01
3.740278315544128418e+02 1.670395507812500000e+02 1.387590885162353516e+01 3.311584472656250000e+01
3.751526856422424316e+02 1.668752841949462891e+02 1.459922313690185547e+01 3.247330856323242188e+01
3.759429621696472168e+02 1.660648517608642578e+02 1.454814243316650391e+01 3.311745071411132812e+01
3.770126924514770508e+02 1.659262409210205078e+02 1.557240867614746094e+01 3.320127487182617188e+01
3.779355263710021973e+02 1.654337291717529297e+02 1.466405773162841797e+01 3.384370803833007812e+01
3.784396896362304688e+02 1.658584690093994141e+02 1.617519378662109375e+01 3.435983657836914062e+01
3.787289628982543945e+02 1.654460506439208984e+02 1.551872825622558594e+01 3.455597305297851562e+01
3.801727733612060547e+02 1.657306404113769531e+02 1.499782180786132812e+01 3.417481994628906250e+01
3.804571332931518555e+02 1.661614837646484375e+02 1.477969551086425781e+01 3.367688751220703125e+01
3.813871479034423828e+02 1.666617603302001953e+02 1.457602310180664062e+01 3.259036636352539062e+01
3.827018814086914062e+02 1.674791221618652344e+02 1.430629730224609375e+01 3.275595855712890625e+01
3.838120408058166504e+02 1.673448314666748047e+02 1.421708202362060547e+01 3.265060043334960938e+01
3.846343383789062500e+02 1.672180538177490234e+02 1.381913757324218750e+01 3.204703140258789062e+01
3.850047111511230469e+02 1.671621646881103516e+02 1.403892517089843750e+01 3.291178512573242188e+01
3.867935810089111328e+02 1.674191589355468750e+02 1.452077865600585938e+01 3.227416992187500000e+01
3.877524476051330566e+02 1.668583221435546875e+02 1.392419719696044922e+01 3.270713043212890625e+01
3.893455257415771484e+02 1.675777721405029297e+02 1.400738143920898438e+01 3.225145339965820312e+01
3.898277759552001953e+02 1.683257598876953125e+02 1.426464462280273438e+01 3.203692626953125000e+01
3.911584029197692871e+02 1.677957553863525391e+02 1.534334278106689453e+01 3.391520309448242188e+01
3.922494392395019531e+02 1.679178085327148438e+02 1.390632629394531250e+01 3.334477996826171875e+01
3.925981154441833496e+02 1.674433841705322266e+02 1.449397754669189453e+01 3.332059860229492188e+01
3.926162514686584473e+02 1.673583106994628906e+02 1.523258495330810547e+01 3.808421325683593750e+01
3.934524617195129395e+02 1.676720046997070312e+02 1.583617305755615234e+01 3.627757263183593750e+01
3.949087076187133789e+02 1.680050659179687500e+02 1.746402549743652344e+01 3.666548156738281250e+01
3.963640241622924805e+02 1.681534957885742188e+02 1.658554267883300781e+01 3.555261230468750000e+01
3.971331624984741211e+02 1.687898998260498047e+02 1.717317390441894531e+01 3.627915573120117188e+01
3.987826151847839355e+02 1.695198574066162109e+02 1.578567600250244141e+01 3.476887130737304688e+01
4.001573109626770020e+02 1.681584205627441406e+02 1.485097408294677734e+01 3.320255279541015625e+01
4.010286359786987305e+02 1.682195281982421875e+02 1.502198219299316406e+01 3.387433624267578125e+01
4.029044260978698730e+02 1.679667263031005859e+02 1.463821506500244141e+01 3.391290664672851562e+01
4.042634959220886230e+02 1.684667510986328125e+02 1.447193241119384766e+01 3.425652313232421875e+01
4.057006726264953613e+02 1.675950489044189453e+02 1.426187801361083984e+01 3.575463485717773438e+01
4.066590080261230469e+02 1.679555511474609375e+02 1.371675872802734375e+01 3.499259185791015625e+01
4.067919120788574219e+02 1.680986843109130859e+02 1.451575469970703125e+01 3.504150009155273438e+01
4.076569890975952148e+02 1.676837139129638672e+02 1.460251045227050781e+01 3.588123703002929688e+01
4.090011110305786133e+02 1.675906524658203125e+02 1.510069084167480469e+01 3.636624145507812500e+01
4.096327605247497559e+02 1.674701080322265625e+02 1.492357349395751953e+01 3.639934539794921875e+01
4.104986758232116699e+02 1.678380832672119141e+02 1.521889591217041016e+01 3.590005874633789062e+01
4.109959630966186523e+02 1.681274280548095703e+02 1.652562141418457031e+01 3.556310653686523438e+01
4.126435422897338867e+02 1.678666477203369141e+02 1.731561470031738281e+01 3.532365798950195312e+01
4.131084308624267578e+02 1.677649402618408203e+02 1.809075546264648438e+01 3.523205184936523438e+01
4.134910993576049805e+02 1.675791816711425781e+02 1.801272010803222656e+01 3.592137145996093750e+01
4.152776775360107422e+02 1.671719169616699219e+02 1.743904495239257812e+01 3.604606628417968750e+01
4.157329797744750977e+02 1.679073257446289062e+02 1.724110984802246094e+01 3.576844024658203125e+01
4.169242877960205078e+02 1.678348140716552734e+02 1.669819259643554688e+01 3.566365432739257812e+01
4.175074424743652344e+02 1.672980995178222656e+02 1.762557983398437500e+01 3.703083801269531250e+01
4.200384225845336914e+02 1.662384853363037109e+02 1.618932151794433594e+01 3.703846359252929688e+01
4.195145835876464844e+02 1.656652126312255859e+02 1.781311035156250000e+01 3.665063858032226562e+01
4.212644243240356445e+02 1.658018646240234375e+02 1.648870658874511719e+01 3.722923278808593750e+01
4.212464590072631836e+02 1.662514247894287109e+02 1.710814857482910156e+01 3.671431350708007812e+01
4.225376033782958984e+02 1.652675399780273438e+02 1.646526718139648438e+01 3.735003662109375000e+01
4.231416387557983398e+02 1.655434284210205078e+02 1.699970436096191406e+01 3.644260025024414062e+01
4.244813127517700195e+02 1.662274150848388672e+02 1.628523063659667969e+01 3.699537277221679688e+01
4.252369747161865234e+02 1.663481197357177734e+02 1.613822555541992188e+01 3.749183273315429688e+01
4.256009397506713867e+02 1.658159484863281250e+02 1.610822486877441406e+01 3.729164123535156250e+01
4.262831611633300781e+02 1.664424247741699219e+02 1.737990570068359375e+01 3.714745330810546875e+01
4.272549705505371094e+02 1.670680046081542969e+02 1.710956573486328125e+01 3.636226654052734375e+01
4.289632005691528320e+02 1.672978649139404297e+02 1.600670433044433594e+01 3.596010971069335938e+01
4.293987665176391602e+02 1.680235862731933594e+02 1.605960655212402344e+01 3.577953338623046875e+01
4.308047256469726562e+02 1.678279113769531250e+02 1.553318786621093750e+01 3.553462982177734375e+01
4.313567833900451660e+02 1.674248828887939453e+02 1.562197399139404297e+01 3.527676773071289062e+01
4.328721780776977539e+02 1.684955615997314453e+02 1.607064628601074219e+01 3.457596206665039062e+01
4.349844474792480469e+02 1.673602809906005859e+02 1.726708221435546875e+01 3.521190261840820312e+01
4.354150857925415039e+02 1.665238971710205078e+02 1.608556938171386719e+01 3.580463027954101562e+01
4.362538537979125977e+02 1.667204399108886719e+02 1.618990898132324219e+01 3.687749481201171875e+01
4.370332937240600586e+02 1.657126216888427734e+02 1.626469612121582031e+01 3.662553024291992188e+01
4.367745838165283203e+02 1.660218963623046875e+02 1.612800216674804688e+01 3.754994964599609375e+01
4.379376335144042969e+02 1.662161388397216797e+02 1.570263671875000000e+01 3.678285598754882812e+01
4.388057370185852051e+02 1.669524917602539062e+02 1.547699642181396484e+01 3.684693908691406250e+01
4.386519269943237305e+02 1.673113803863525391e+02 1.602456092834472656e+01 3.635721206665039062e+01
4.396356678009033203e+02 1.665211372375488281e+02 1.652464675903320312e+01 3.734276580810546875e+01
4.405901775360107422e+02 1.661908435821533203e+02 1.672691726684570312e+01 3.855008316040039062e+01
