3.800000000000000000e+01 1.370000000000000000e+02 4.000000000000000000e+01 1.110000000000000000e+02
3.999584960937500000e+01 1.352341651916503906e+02 4.195846557617187500e+01 1.118347702026367188e+02
4.340533065795898438e+01 1.342264671325683594e+02 4.411597442626953125e+01 1.117618789672851562e+02
4.594732284545898438e+01 1.340055389404296875e+02 4.726526641845703125e+01 1.119825134277343750e+02
4.361315727233886719e+01 1.324139251708984375e+02 5.287457656860351562e+01 1.139288024902343750e+02
4.935832023620605469e+01 1.340777206420898438e+02 5.063296890258789062e+01 1.124547882080078125e+02
5.546776008605957031e+01 1.344296722412109375e+02 4.893340682983398438e+01 1.138569641113281250e+02
6.767305564880373936e+01 1.353007354736328409e+02 4.182536697387695312e+01 1.134458618164062500e+02
7.417298316955569248e+01 1.337399864196777628e+02 4.028580856323242188e+01 1.147747879028320312e+02
7.827380371093752842e+01 1.360052528381347940e+02 4.197305297851562500e+01 1.121326217651367188e+02
8.117974853515627842e+01 1.371030693054199503e+02 4.377462768554687500e+01 1.095883865356445312e+02
8.598020935058599434e+01 1.360350685119629475e+02 4.565405273437500000e+01 1.110845260620117188e+02
8.820815467834478341e+01 1.342517738342285725e+02 5.075565719604492188e+01 1.132470016479492188e+02
8.863479995727544747e+01 1.314277267456055256e+02 5.668697357177734375e+01 1.158437957763671875e+02
9.134850311279302559e+01 1.323330574035645100e+02 6.008094787597656250e+01 1.152290267944335938e+02
9.683821487426763497e+01 1.331847381591797443e+02 6.048088836669921875e+01 1.150820007324218750e+02
1.046953449249268147e+02 1.321059074401856037e+02 5.686312484741210938e+01 1.167762222290039062e+02
1.155688400268555256e+02 1.345906944274902912e+02 5.049754333496093750e+01 1.159857559204101562e+02
1.323258647918701456e+02 1.350251007080078409e+02 4.083615493774414062e+01 1.143670959472656250e+02
1.377327651977539347e+02 1.348544235229492472e+02 4.055836486816406250e+01 1.142528533935546875e+02
1.424230346679688068e+02 1.340571327209473225e+02 4.546325683593750000e+01 1.159051437377929688e+02
1.464164924621582600e+02 1.309806060791016193e+02 4.772081756591796875e+01 1.169555969238281250e+02
1.472232055664063353e+02 1.282888679504395384e+02 5.407730102539062500e+01 1.208575973510742188e+02
1.501497306823731321e+02 1.273807334899903196e+02 5.906064605712890625e+01 1.205513076782226562e+02
1.555322666168213743e+02 1.248881759643555540e+02 6.118799972534179688e+01 1.223077850341796875e+02
1.639186153411866087e+02 1.261772384643555540e+02 5.714326858520507812e+01 1.222404327392578125e+02
1.765271587371827025e+02 1.301375617980957884e+02 4.815463638305664062e+01 1.204024581909179688e+02
1.832133522033692259e+02 1.327609100341797728e+02 4.663228607177734375e+01 1.168876037597656250e+02
1.944947261810303587e+02 1.321514701843262571e+02 4.121324539184570312e+01 1.173530044555664062e+02
2.039153194427491087e+02 1.311826057434082884e+02 4.080800247192382812e+01 1.165145797729492188e+02
2.097384185791016478e+02 1.309823188781739134e+02 4.012265014648437500e+01 1.169674911499023438e+02
2.096678771972657103e+02 1.304707336425782103e+02 4.948995971679690342e+01 1.167853698730468750e+02
2.115133686065674965e+02 1.300455017089844603e+02 5.910265731811523438e+01 1.171631774902343750e+02
2.158868656158448402e+02 1.279960861206055540e+02 6.254423141479492188e+01 1.178516082763671875e+02
2.229807453155518715e+02 1.288740882873536009e+02 6.216213607788085938e+01 1.183150863647460938e+02
2.312973709106446449e+02 1.310359611511231321e+02 5.836494445800781250e+01 1.173232498168945312e+02
2.424713115692139809e+02 1.339962005615235228e+02 5.362320327758789062e+01 1.147581481933593750e+02
2.558073749542237465e+02 1.346585884094239134e+02 4.593825912475585938e+01 1.135584945678710938e+02
2.670871353149415199e+02 1.355982818603516478e+02 3.626368713378906250e+01 1.133639221191406250e+02
2.722257919311524574e+02 1.316599197387696165e+02 3.807258605957031250e+01 1.158085174560546875e+02
2.770379028320313637e+02 1.319785079956055540e+02 3.828775024414062500e+01 1.148874969482421875e+02
2.800162696838380043e+02 1.312455940246582884e+02 4.249065399169921875e+01 1.142295455932617188e+02
2.833870506286622231e+02 1.305950965881348509e+02 4.729096221923828125e+01 1.130578231811523438e+02
2.885764636993409340e+02 1.312210083007813353e+02 4.832793807983398438e+01 1.129795227050781250e+02
2.969891586303712074e+02 1.316929664611817259e+02 4.374031066894531250e+01 1.131254501342773438e+02
3.045214443206788246e+02 1.351326217651368040e+02 3.963844680786132812e+01 1.103092803955078125e+02
3.119839057922364418e+02 1.352578811645508949e+02 3.714107513427734375e+01 1.096954498291015625e+02
3.174366855621339027e+02 1.360120925903321449e+02 3.514973068237304688e+01 1.093763580322265625e+02
3.232921638488770668e+02 1.350391082763673012e+02 3.526280975341796875e+01 1.099621582031250000e+02
3.267256050109864418e+02 1.329662666320801918e+02 3.881368255615234375e+01 1.116616744995117188e+02
3.280128440856934731e+02 1.310045852661133949e+02 4.574427032470703125e+01 1.124456024169921875e+02
3.298920860290528481e+02 1.316132316589356606e+02 5.185141754150390625e+01 1.102775344848632812e+02
3.348963432312012856e+02 1.339621047973633949e+02 4.998401641845703125e+01 1.078603973388671875e+02
3.394338970184327309e+02 1.350943603515626137e+02 4.815842056274414062e+01 1.067746276855468750e+02
3.462861042022706215e+02 1.380425605773926918e+02 4.496731185913085938e+01 1.051034774780273438e+02
3.521677780151368324e+02 1.364662628173829262e+02 4.000563049316406250e+01 1.069614562988281250e+02
3.588709011077881996e+02 1.351796798706055824e+02 3.706007766723632812e+01 1.077844390869140625e+02
3.604274139404298012e+02 1.342078819274903481e+02 3.688150024414062500e+01 1.076427078247070312e+02
3.610446357727051918e+02 1.328587684631348793e+02 3.947881317138671875e+01 1.089642257690429688e+02
3.642015304565430824e+02 1.348066787719727699e+02 3.963343811035156250e+01 1.050649261474609375e+02
3.667456760406495277e+02 1.343725280761719887e+02 3.952759933471679688e+01 1.034491882324218750e+02
3.696776046752930824e+02 1.342084999084473793e+02 3.923527526855468750e+01 1.030570602416992188e+02
3.733050289154053871e+02 1.354046554565430824e+02 3.848155593872070312e+01 1.013536224365234375e+02
3.772197971343995277e+02 1.371565017700196449e+02 3.673658370971679688e+01 1.003955535888671875e+02
3.797752246856690590e+02 1.400096549987794106e+02 3.593889999389648438e+01 9.734586334228515625e+01
3.827742710113526527e+02 1.387610816955567543e+02 3.574619674682617188e+01 9.903823089599609375e+01
3.856280345916749184e+02 1.390309638977051918e+02 3.492438125610351562e+01 9.856633758544921875e+01
3.878263759613038246e+02 1.368722801208497231e+02 3.531972122192382812e+01 1.010421524047851562e+02
3.885666637420655434e+02 1.353989028930665199e+02 3.599353408813476562e+01 1.013488616943359375e+02
3.905403175354005043e+02 1.358838081359864418e+02 3.454677581787109375e+01 1.000700912475585938e+02
3.927418727874756996e+02 1.367133102416993324e+02 3.375169754028320312e+01 9.798115539550781250e+01
3.886408081054688637e+02 1.373488616943360512e+02 3.836178588867187500e+01 9.638165283203125000e+01
3.874367656707764809e+02 1.380919303894044106e+02 4.219650650024414062e+01 9.662583160400390625e+01
3.846375999450684731e+02 1.399438438415528481e+02 4.517554473876953125e+01 9.595581817626953125e+01
3.947999591827393715e+02 1.381491851806641762e+02 3.850741195678710938e+01 9.680862426757812500e+01
3.984466114044190590e+02 1.401314048767090981e+02 3.449087142944335938e+01 9.446915435791015625e+01
3.943509654998780434e+02 1.399351234436036293e+02 3.840771865844726562e+01 9.439537811279296875e+01
3.965197505950928871e+02 1.397476501464844887e+02 3.675957107543945312e+01 9.278384399414062500e+01
3.992815456390381996e+02 1.352237663269044106e+02 3.589079666137695312e+01 9.781406402587890625e+01
3.975815029144288246e+02 1.363822593688965981e+02 3.608989334106445312e+01 9.583069610595703125e+01
3.999042472839356606e+02 1.383443756103516762e+02 3.488309478759765625e+01 9.123483276367187500e+01
4.013107032775880043e+02 1.396778640747071449e+02 3.348177337646484375e+01 9.091297912597656250e+01
4.030139942169190590e+02 1.392434387207032387e+02 3.266613388061523438e+01 9.114550781250000000e+01
4.035261936187745277e+02 1.406289520263673012e+02 3.331013107299804688e+01 8.994628906250000000e+01
4.057937059402466957e+02 1.391938819885255043e+02 3.171892356872558594e+01 8.975508880615234375e+01
4.069512205123902504e+02 1.387148895263673012e+02 3.161498451232910156e+01 9.024499511718750000e+01
4.081700849533082192e+02 1.383230056762696449e+02 3.069278907775878906e+01 9.054704284667968750e+01
4.068516407012940590e+02 1.354374694824219887e+02 3.196734237670898438e+01 9.256564331054687500e+01
4.087762994766236488e+02 1.360393676757813637e+02 3.111524772644042969e+01 9.094152832031250000e+01
4.093513164520264809e+02 1.358784294128419106e+02 3.225998306274414062e+01 9.021695709228515625e+01
4.104513959884644692e+02 1.393356552124024574e+02 3.166483497619628906e+01 8.637876892089843750e+01
4.091518421173096840e+02 1.382240715026856606e+02 3.253890609741210938e+01 8.791440582275390625e+01
4.110232715606690590e+02 1.423726005554200356e+02 3.073589706420898438e+01 8.332007598876953125e+01
4.112388763427735512e+02 1.422961158752442543e+02 2.964076232910156250e+01 8.317659759521484375e+01
4.095061569213868324e+02 1.419839515686036293e+02 2.972010803222656250e+01 8.408180999755859375e+01
4.105383005142213051e+02 1.402231712341309731e+02 2.886253166198730469e+01 8.528514862060546875e+01
4.108650646209717934e+02 1.402013549804688637e+02 2.815587234497070312e+01 8.507135009765625000e+01
4.109662055969239418e+02 1.390468750000001137e+02 2.780864715576171875e+01 8.522135925292968750e+01
4.093835716247559731e+02 1.382410240173340981e+02 2.826686859130859375e+01 8.470410919189453125e+01
4.090796031951905434e+02 1.394455070495606606e+02 2.901822280883789062e+01 8.210068511962890625e+01
4.094929609298707192e+02 1.428960266113282387e+02 2.921492958068847656e+01 7.865953063964843750e+01
4.090669240951539223e+02 1.432516593933106606e+02 3.060937690734863281e+01 7.906444549560546875e+01
4.097308139801026527e+02 1.430032844543458168e+02 3.038247299194335938e+01 7.866686248779296875e+01
4.095520162582398598e+02 1.427589073181153481e+02 3.048269844055175781e+01 7.802735137939453125e+01
4.076771173477173988e+02 1.409921913146973793e+02 3.127564811706542969e+01 7.881731414794921875e+01
4.070449361801148598e+02 1.390327453613282387e+02 3.113380622863769531e+01 8.142021179199218750e+01
4.080177965164185707e+02 1.399263076782227699e+02 2.879489707946777344e+01 8.033213806152343750e+01
4.070117282867432777e+02 1.397105178833008949e+02 2.883233261108398438e+01 7.916319274902343750e+01
4.059164505004883949e+02 1.404573554992676918e+02 2.957672119140625000e+01 7.786495208740234375e+01
4.047822284698487465e+02 1.421299514770508949e+02 2.936210250854492188e+01 7.647195434570312500e+01
4.051872549057007973e+02 1.447870750427247231e+02 2.735203742980957031e+01 7.354409027099609375e+01
4.043973083496094887e+02 1.463097801208497231e+02 2.679147338867187500e+01 7.176610565185546875e+01
4.031567726135255043e+02 1.459499244689942543e+02 2.555536651611328125e+01 7.258942413330078125e+01
4.016273593902589027e+02 1.444526214599610512e+02 2.677503585815429688e+01 7.383778381347656250e+01
3.994734745025635902e+02 1.416873817443848793e+02 2.776382064819335938e+01 7.620236968994140625e+01
3.991956863403321449e+02 1.431525497436524574e+02 2.813130187988281250e+01 7.360263061523437500e+01
3.974692935943604652e+02 1.423171195983887856e+02 2.879690170288085938e+01 7.415596771240234375e+01
3.945205116271973793e+02 1.437815628051758949e+02 3.024880218505859375e+01 7.272283935546875000e+01
3.923399591445923988e+02 1.419817314147950356e+02 3.109296989440917969e+01 7.359949493408203125e+01
3.901450872421265785e+02 1.444071960449219887e+02 3.119919013977050781e+01 7.154801940917968750e+01
3.890317716598511879e+02 1.450442771911622231e+02 2.989772987365722656e+01 6.977808380126953125e+01
3.873544034957886879e+02 1.458851280212403481e+02 2.823874855041503906e+01 6.972998809814453125e+01
3.841779413223267738e+02 1.443467979431153481e+02 2.927386283874511719e+01 6.977010345458984375e+01
3.813875608444215004e+02 1.440220985412598793e+02 2.906580543518066406e+01 7.090451812744140625e+01
3.794071960449219887e+02 1.435042152404786293e+02 2.947976684570312500e+01 7.003752899169921875e+01
3.781637287139893715e+02 1.422962036132813637e+02 2.851150131225585938e+01 7.074572753906250000e+01
3.757263193130494301e+02 1.441737403869630043e+02 2.771520805358886719e+01 6.935576629638671875e+01
3.734303321838380043e+02 1.446042366027833168e+02 2.671977996826171875e+01 6.816475677490234375e+01
3.717583751678467934e+02 1.453228111267090981e+02 2.463576126098632812e+01 6.734691619873046875e+01
3.707339668273926918e+02 1.452964630126954262e+02 2.208545684814453125e+01 6.758253479003906250e+01
3.676106567382813637e+02 1.453612556457520668e+02 2.287442016601562500e+01 6.735746002197265625e+01
3.647879819869996254e+02 1.440608482360840981e+02 2.444808387756347656e+01 6.813115692138671875e+01
3.617963428497315590e+02 1.449027786254883949e+02 2.662241744995117188e+01 6.663195800781250000e+01
3.593874254226685707e+02 1.440355567932130043e+02 2.796721458435058594e+01 6.709621429443359375e+01
3.558668060302735512e+02 1.434231071472169106e+02 2.918502807617187500e+01 6.756296539306640625e+01
3.533276300430298988e+02 1.440930099487305824e+02 2.905280876159667969e+01 6.625013732910156250e+01
3.509789457321168129e+02 1.456550369262696449e+02 2.798850440979003906e+01 6.534701538085937500e+01
3.484227523803712074e+02 1.467381248474122231e+02 2.735321044921875000e+01 6.405765533447265625e+01
3.459778051376343910e+02 1.464362983703614418e+02 2.531729316711425781e+01 6.350528717041015625e+01
3.427786922454835121e+02 1.466724891662598793e+02 2.461784744262695312e+01 6.337358856201171875e+01
3.395783700942994301e+02 1.472890357971192543e+02 2.504011344909667969e+01 6.246962738037109375e+01
3.372251224517823402e+02 1.446399345397950356e+02 2.523438644409179688e+01 6.436151885986328125e+01
3.332592458724976723e+02 1.443653221130372231e+02 2.750728034973144531e+01 6.475061798095703125e+01
3.310358867645264809e+02 1.438531723022462074e+02 2.678747940063476562e+01 6.410812377929687500e+01
3.284743089675904457e+02 1.445292472839356606e+02 2.650749778747558594e+01 6.405315399169921875e+01
3.266892461776734535e+02 1.454243526458741371e+02 2.396164131164550781e+01 6.305614089965820312e+01
3.236963510513306801e+02 1.466909484863282387e+02 2.253558158874511719e+01 6.177105712890625000e+01
3.205200290679932777e+02 1.481849250793458168e+02 2.149018478393554688e+01 5.922953033447265625e+01
3.171355533599854652e+02 1.462318210601807777e+02 2.281524276733398438e+01 6.190264511108398438e+01
3.128413944244385902e+02 1.449120254516602699e+02 2.531968307495117188e+01 6.303538513183593750e+01
3.085395584106446449e+02 1.441105651855469887e+02 2.751705932617187500e+01 6.340507507324218750e+01
3.058273096084595863e+02 1.435108566284180824e+02 2.860581779479980469e+01 6.310408020019531250e+01
3.006970806121827309e+02 1.429317054748536293e+02 3.045732498168945312e+01 6.215494537353515625e+01
2.986173610687256996e+02 1.436740608215333168e+02 3.061912918090820312e+01 6.238753509521484375e+01
2.962294378280640785e+02 1.444527072906495277e+02 2.850010871887207031e+01 6.195580673217773438e+01
2.943222169876099770e+02 1.458205928802491371e+02 2.585832786560058594e+01 6.073913955688476562e+01
2.911830434799195473e+02 1.468384838104249184e+02 2.375839424133300781e+01 5.947394180297851562e+01
2.876631278991700356e+02 1.469700908660889809e+02 2.366446685791015625e+01 5.864955520629882812e+01
2.859402933120728676e+02 1.473392391204835121e+02 2.289883232116699219e+01 5.887927627563476562e+01
2.822362203598023598e+02 1.447301425933839027e+02 2.490945625305175781e+01 6.029922103881835938e+01
2.783605098724366371e+02 1.428045825958253090e+02 2.569914627075195312e+01 6.289208602905273438e+01
2.752109537124634926e+02 1.452931251525880043e+02 2.638961601257324219e+01 5.950839996337890625e+01
2.716410341262818520e+02 1.442444229125977699e+02 2.717180442810058594e+01 5.992752075195312500e+01
2.695998659133912270e+02 1.458272933959962074e+02 2.516803550720214844e+01 5.954270935058593750e+01
2.665453300476075356e+02 1.465333290100098793e+02 2.278731536865234375e+01 5.772998809814453125e+01
2.630528545379639809e+02 1.483914680480958168e+02 2.090857315063476562e+01 5.707489776611328125e+01
2.588055944442750160e+02 1.464380111694337074e+02 2.205124092102050781e+01 5.931565856933593750e+01
2.554318580627442543e+02 1.456139755249024574e+02 2.308983612060546875e+01 5.843563842773437500e+01
2.514838676452637856e+02 1.441090831756592934e+02 2.556089019775390625e+01 6.020573806762695312e+01
2.460726928710938637e+02 1.441040439605714027e+02 2.906813049316406250e+01 5.965043258666992188e+01
2.419851531982423012e+02 1.442014236450196449e+02 3.084753417968750000e+01 5.998060607910156250e+01
2.377458572387696449e+02 1.426512565612794106e+02 3.226092529296875000e+01 6.169330596923828125e+01
2.346870546340943520e+02 1.434336185455323402e+02 3.196072959899902344e+01 6.222132492065429688e+01
2.305849533081055824e+02 1.427758712768555824e+02 2.746282958984375000e+01 6.187886047363281250e+01
2.278300304412842934e+02 1.448698768615723793e+02 2.688057327270507812e+01 6.074916839599609375e+01
2.249852609634400551e+02 1.454018611907960121e+02 2.300417900085449219e+01 5.912964248657226562e+01
2.237095155715943520e+02 1.464950370788575356e+02 2.257367515563964844e+01 5.852457427978515625e+01
2.192925243377686684e+02 1.419837303161622231e+02 2.576356887817382812e+01 6.155211639404296875e+01
1.516699638366700356e+02 1.297015991210938637e+02 5.324242401123046875e+01 1.217252655029296875e+02
1.599318580627442543e+02 1.318383293151856606e+02 4.835962677001953125e+01 1.186184310913085938e+02
1.679488296508790199e+02 1.288233871459962074e+02 4.505410766601562500e+01 1.203745422363281250e+02
1.725961933135987749e+02 1.280523376464845171e+02 4.433051681518554688e+01 1.214797210693359375e+02
1.766193084716798012e+02 1.265292854309083168e+02 4.533030700683593750e+01 1.235620803833007812e+02
1.763321170806885902e+02 1.233784523010255043e+02 5.476891708374023438e+01 1.259010086059570312e+02
1.787349910736085121e+02 1.229871635437012856e+02 5.943310928344726562e+01 1.260837326049804688e+02
1.825685005187989418e+02 1.205335006713868324e+02 5.960730743408203125e+01 1.285328979492187500e+02
1.867071666717530434e+02 1.261862220764161293e+02 5.656499099731445312e+01 1.235613174438476562e+02
1.937724761962891762e+02 1.282323799133301918e+02 5.578578186035156250e+01 1.219861221313476562e+02
1.994807987213135902e+02 1.294972572326661293e+02 5.438460922241210938e+01 1.196373062133789062e+02
2.054717597961426918e+02 1.270545196533204262e+02 5.347309112548828125e+01 1.219270172119140625e+02
2.127920188903809731e+02 1.286931457519532387e+02 4.859963226318359375e+01 1.200680999755859375e+02
2.169519176483155434e+02 1.270215835571290199e+02 4.805968093872070312e+01 1.204195556640625000e+02
2.184430828094483559e+02 1.241521835327149574e+02 5.480797195434570312e+01 1.239287109375000000e+02
2.192898769378663246e+02 1.266151123046876137e+02 5.610010147094726562e+01 1.201757049560546875e+02
2.200075607299805824e+02 1.282500610351563637e+02 5.489019775390625000e+01 1.195225982666015625e+02
2.230742740631104652e+02 1.279277381896973793e+02 6.001986312866210938e+01 1.194167861938476562e+02
2.301306667327881996e+02 1.282091751098633949e+02 6.080450820922851562e+01 1.205817260742187500e+02
2.349549999237061684e+02 1.311350135803223793e+02 5.797005081176757812e+01 1.180553665161132812e+02
2.452311191558839027e+02 1.326494827270508949e+02 4.864898300170898438e+01 1.161223144531250000e+02
2.470963840484620277e+02 1.291205787658692259e+02 5.716598129272460938e+01 1.185956497192382812e+02
2.535756797790528481e+02 1.315493164062500853e+02 4.851656341552734375e+01 1.153505706787109375e+02
2.578859329223633949e+02 1.324454803466797728e+02 5.035824584960937500e+01 1.140997467041015625e+02
2.610024547576905434e+02 1.320893058776856321e+02 5.077446365356445312e+01 1.153568649291992188e+02
2.634347667694092934e+02 1.323536643981934162e+02 5.132890701293945312e+01 1.132488632202148438e+02
2.684591274261475746e+02 1.347865295410156818e+02 4.832327651977539062e+01 1.108978729248046875e+02
2.753138713836671059e+02 1.361662521362304972e+02 4.262620925903320312e+01 1.092970275878906250e+02
2.787506084442139809e+02 1.349425773620605753e+02 4.795137405395507812e+01 1.101496810913085938e+02
2.822253837585450356e+02 1.340446243286133097e+02 4.919972991943359375e+01 1.114902038574218750e+02
2.896901969909669106e+02 1.309115676879883097e+02 4.530370330810546875e+01 1.136959838867187500e+02
2.932643909454346840e+02 1.298070487976074503e+02 4.407682418823242188e+01 1.152403793334960938e+02
2.934061908721924965e+02 1.271113243103027628e+02 4.982209396362304688e+01 1.171127243041992188e+02
2.957199249267579262e+02 1.269961853027344034e+02 5.017338562011718750e+01 1.158429412841796875e+02
2.976295738220215981e+02 1.299203834533691690e+02 5.032216644287109375e+01 1.130466995239257812e+02
3.004908943176270668e+02 1.324560356140137003e+02 5.130896759033203125e+01 1.108203353881835938e+02
3.064891185760499184e+02 1.348457374572754190e+02 4.643672561645507812e+01 1.074054641723632812e+02
3.110711002349854652e+02 1.357693367004394815e+02 4.515026473999023438e+01 1.069161758422851562e+02
3.161605339050294106e+02 1.364808845520019815e+02 4.363649749755859375e+01 1.062861099243164062e+02
3.199360561370850746e+02 1.348599891662598225e+02 4.617096328735351562e+01 1.077987747192382812e+02
3.217694702148438637e+02 1.316633644104004759e+02 4.598338317871093750e+01 1.112940750122070312e+02
3.246132164001465981e+02 1.344304924011231321e+02 4.241573333740234375e+01 1.079778976440429688e+02
3.296675243377686684e+02 1.317883872985840696e+02 4.374446487426757812e+01 1.089226303100585938e+02
3.315128936767579262e+02 1.330060501098633381e+02 4.431278991699218750e+01 1.068811340332031250e+02
3.363230571746827309e+02 1.342877655029297443e+02 4.193721389770507812e+01 1.058107452392578125e+02
3.394536571502686684e+02 1.356035614013672443e+02 3.995488357543945312e+01 1.041912078857421875e+02
3.407069110870362465e+02 1.376756515502930256e+02 3.860975265502929688e+01 1.018949584960937500e+02
3.459578418731690590e+02 1.328007354736328693e+02 4.149430465698242188e+01 1.071168670654296875e+02
3.478672733306885902e+02 1.336262779235840412e+02 3.816378402709960938e+01 1.061515426635742188e+02
3.530660839080811684e+02 1.355341224670410725e+02 3.616930007934570312e+01 1.035250015258789062e+02
3.548104095458985512e+02 1.326881484985352131e+02 3.768476867675781250e+01 1.064702758789062500e+02
3.561681041717530434e+02 1.289231147766113850e+02 3.991667556762695312e+01 1.098227615356445312e+02
3.580011806488038246e+02 1.300518875122070881e+02 4.121948623657226562e+01 1.072071228027343750e+02
3.594220237731934731e+02 1.284270515441895100e+02 4.158998870849609375e+01 1.090989761352539062e+02
3.617888126373292152e+02 1.333297386169434162e+02 4.009728622436523438e+01 1.041434860229492188e+02
3.646399631500245277e+02 1.298947448730469318e+02 4.115377426147460938e+01 1.087418365478515625e+02
3.661281127929688637e+02 1.307984848022461506e+02 4.187437438964843750e+01 1.072765502929687500e+02
3.692240867614747231e+02 1.358113746643066975e+02 3.944487762451171875e+01 1.030457229614257812e+02
3.704956607818604652e+02 1.327739143371582600e+02 4.109026718139648438e+01 1.044572219848632812e+02
3.733948860168458168e+02 1.286353378295899006e+02 4.011685943603515625e+01 1.086937255859375000e+02
3.752019462585450356e+02 1.331618690490723509e+02 3.720256805419921875e+01 1.034269180297851562e+02
3.748368930816651527e+02 1.310675506591797728e+02 3.996886825561523438e+01 1.043397979736328125e+02
3.780185565948487465e+02 1.299027671813965696e+02 3.828950119018554688e+01 1.054334945678710938e+02
3.798256359100342934e+02 1.304616127014161009e+02 3.747230911254882812e+01 1.040256118774414062e+02
3.802206611633301918e+02 1.352797775268555540e+02 3.868546295166015625e+01 9.830596923828125000e+01
3.829539260864258949e+02 1.282262687683106321e+02 3.868984985351562500e+01 1.061457443237304688e+02
3.835087871551514809e+02 1.321885681152344603e+02 3.818037796020507812e+01 1.008776702880859375e+02
3.876307868957520668e+02 1.316625785827637571e+02 3.433396148681640625e+01 1.020349960327148438e+02
3.894919662475587074e+02 1.291370277404786009e+02 3.556167602539062500e+01 1.039654312133789062e+02
3.903964023590089027e+02 1.328641204833985228e+02 3.436797714233398438e+01 9.899214172363281250e+01
3.923456192016602699e+02 1.284877929687500853e+02 3.527523803710937500e+01 1.040181732177734375e+02
3.926032371520997231e+02 1.302506370544434446e+02 3.480767059326171875e+01 1.017564926147460938e+02
3.931567840576173012e+02 1.308940811157227415e+02 3.487086486816406250e+01 1.009185791015625000e+02
3.932481079101563637e+02 1.365184516906739134e+02 3.497080993652343750e+01 9.407489776611328125e+01
3.939314441680909340e+02 1.315170593261719603e+02 3.744529342651367188e+01 9.993272399902343750e+01
3.951629333496094887e+02 1.353552818298340696e+02 3.433656311035156250e+01 9.646532440185546875e+01
3.958880157470704262e+02 1.345236129760743040e+02 3.590647888183593750e+01 9.634149169921875000e+01
3.954823722839356606e+02 1.365135002136231321e+02 3.574327850341796875e+01 9.401406097412109375e+01
3.960572586059571449e+02 1.322383537292481321e+02 3.713549804687500000e+01 9.701973724365234375e+01
3.969759330749512856e+02 1.328081054687500853e+02 3.408525848388671875e+01 9.677168273925781250e+01
3.979162158966065590e+02 1.343720550537110228e+02 3.463419723510742188e+01 9.497483825683593750e+01
3.983635101318360512e+02 1.322775039672852415e+02 3.427894592285156250e+01 9.714254760742187500e+01
4.003918514251710121e+02 1.347534523010254759e+02 3.299252700805664062e+01 9.319718170166015625e+01
3.991315727233887856e+02 1.350901069641114134e+02 3.302782440185546875e+01 9.272376251220703125e+01
4.006836986541749184e+02 1.325871238708496946e+02 3.302132034301757812e+01 9.602983856201171875e+01
4.026880722045899574e+02 1.297820854187012571e+02 3.301470947265625000e+01 9.779943084716796875e+01
4.011418313980103676e+02 1.340623817443848509e+02 3.092817497253417969e+01 9.265033721923828125e+01
4.016567401885987465e+02 1.315392913818360228e+02 3.322330856323242188e+01 9.607579040527343750e+01
4.023905792236329262e+02 1.311652183532715696e+02 3.218531799316406250e+01 9.595339202880859375e+01
4.028374767303467934e+02 1.316946754455567259e+02 3.161125564575195312e+01 9.499958038330078125e+01
4.036536245346070473e+02 1.345625877380371946e+02 3.018116950988769531e+01 9.036675262451171875e+01
4.024460945129395668e+02 1.340650711059571165e+02 3.200119781494140625e+01 9.110873413085937500e+01
4.040011281967164223e+02 1.383980331420899290e+02 2.918678474426269531e+01 8.504931640625000000e+01
4.036500301361085121e+02 1.354938316345215696e+02 3.055191421508789062e+01 8.918688201904296875e+01
4.039751176834107582e+02 1.346929397583008665e+02 3.035101890563964844e+01 8.975152587890625000e+01
4.017417736053467934e+02 1.371976814270020384e+02 3.010927200317382812e+01 8.631888580322265625e+01
4.022754631042481606e+02 1.354113121032715696e+02 2.891419219970703125e+01 8.842372894287109375e+01
4.023677234649659340e+02 1.344255599975586506e+02 2.920504379272460938e+01 8.899694824218750000e+01
4.024036359786988442e+02 1.359716148376465412e+02 2.860155677795410156e+01 8.769792938232421875e+01
4.015102138519288246e+02 1.345791015625000568e+02 2.950934219360351562e+01 8.872029113769531250e+01
4.001685075759888832e+02 1.389918670654297443e+02 2.930954551696777344e+01 8.264524841308593750e+01
4.003049278259278481e+02 1.399375572204590412e+02 2.787625885009765625e+01 8.181935882568359375e+01
3.982064247131348793e+02 1.384218864440918537e+02 2.901284027099609375e+01 8.369597625732421875e+01
3.996177806854249184e+02 1.369933624267578693e+02 2.730708694458007812e+01 8.462660217285156250e+01
3.988543148040772621e+02 1.345781631469727131e+02 2.710976028442382812e+01 8.599043273925781250e+01
3.985022773742676918e+02 1.331653137207031818e+02 2.744962310791015625e+01 8.716163635253906250e+01
3.975744113922120277e+02 1.358400077819824787e+02 2.558526229858398438e+01 8.496102142333984375e+01
3.966129007339478676e+02 1.363306121826172443e+02 2.689285087585449219e+01 8.417892456054687500e+01
3.957339439392090981e+02 1.367341995239258381e+02 2.658609771728515625e+01 8.413829040527343750e+01
3.932385330200196449e+02 1.370605888366699787e+02 2.714660644531250000e+01 8.379723358154296875e+01
3.929265642166138832e+02 1.399762496948242756e+02 2.571249961853027344e+01 7.866081237792968750e+01
3.931542024612427895e+02 1.435084419250488850e+02 2.412199974060058594e+01 7.459497833251953125e+01
3.905624666213990395e+02 1.407479286193848225e+02 2.506639671325683594e+01 7.796346282958984375e+01
3.904970293045045082e+02 1.400290908813477131e+02 2.495987510681152344e+01 7.765980529785156250e+01
3.903168354034424965e+02 1.389674530029297443e+02 2.473144149780273438e+01 7.927442932128906250e+01
3.887163200378419106e+02 1.367244262695313068e+02 2.571707916259765625e+01 8.039015197753906250e+01
3.868857364654542152e+02 1.372765808105469318e+02 2.608605575561523438e+01 8.046920776367187500e+01
3.855580844879151527e+02 1.373180198669434162e+02 2.704113388061523438e+01 7.972010040283203125e+01
3.834408159255982582e+02 1.371223335266113850e+02 2.721176719665527344e+01 8.022257232666015625e+01
3.831136426925660317e+02 1.379390335083008381e+02 2.640400123596191406e+01 7.896542358398437500e+01
3.810235719680787270e+02 1.402175445556641193e+02 2.552498435974121094e+01 7.611442565917968750e+01
3.802997817993165199e+02 1.422272148132324787e+02 2.473915100097656250e+01 7.356313323974609375e+01
3.798437929153443520e+02 1.381122817993164631e+02 2.389520835876464844e+01 7.800572204589843750e+01
3.782658157348633949e+02 1.372771072387695881e+02 2.420652770996093750e+01 7.895115661621093750e+01
3.760720233917237465e+02 1.364899330139160725e+02 2.467982101440429688e+01 7.978130340576171875e+01
3.749061546325684731e+02 1.371160888671875568e+02 2.501692962646484375e+01 7.951727294921875000e+01
3.734012937545777504e+02 1.356535034179688068e+02 2.514191627502441406e+01 7.940422058105468750e+01
3.721467828750611488e+02 1.373916320800781818e+02 2.296632194519042969e+01 7.863273620605468750e+01
3.703986816406251137e+02 1.397381706237793537e+02 2.345965576171875000e+01 7.565779876708984375e+01
3.680030879974366371e+02 1.405161933898926350e+02 2.322874832153320312e+01 7.421353912353515625e+01
3.674885158538819496e+02 1.391244544982910725e+02 2.270305252075195312e+01 7.486275482177734375e+01
3.670485630035401527e+02 1.410552940368652912e+02 2.306567001342773438e+01 7.314861297607421875e+01
3.641734886169434731e+02 1.375431404113770100e+02 2.426226043701171875e+01 7.632878875732421875e+01
3.618740377426148598e+02 1.354803352355957600e+02 2.665466499328613281e+01 7.884439849853515625e+01
3.599082040786744301e+02 1.353138351440430256e+02 2.781706047058105469e+01 7.906950378417968750e+01
3.586060667037965004e+02 1.362587928771973225e+02 2.850663185119628906e+01 7.851912689208984375e+01
3.559803247451783363e+02 1.360458793640137287e+02 2.978674125671386719e+01 7.852764129638671875e+01
3.545535087585450356e+02 1.380170745849609943e+02 2.871405792236328125e+01 7.597760009765625000e+01
3.531150140762330238e+02 1.388478126525879475e+02 2.690353202819824219e+01 7.443744659423828125e+01
3.510261650085450356e+02 1.391049766540527912e+02 2.556241607666015625e+01 7.331525421142578125e+01
3.502172555923463051e+02 1.411325225830078693e+02 2.371217155456542969e+01 7.156059265136718750e+01
3.485648565292359535e+02 1.390806503295899006e+02 2.273727607727050781e+01 7.327006530761718750e+01
3.461186227798463051e+02 1.383971633911133381e+02 2.391570854187011719e+01 7.403779602050781250e+01
3.432842025756837074e+02 1.371584320068359943e+02 2.474615478515625000e+01 7.519461059570312500e+01
3.420366239547730629e+02 1.377126541137695881e+02 2.468496131896972656e+01 7.389077758789062500e+01
3.401185092926026527e+02 1.385409584045410725e+02 2.587272262573242188e+01 7.307506561279296875e+01
3.379756641387940590e+02 1.392727165222168537e+02 2.504069137573242188e+01 7.261882781982421875e+01
3.373589620590211098e+02 1.411976280212402912e+02 2.342488288879394531e+01 6.980214691162109375e+01
3.351142406463624184e+02 1.416780548095703693e+02 2.196568679809570312e+01 6.927716064453125000e+01
3.336371726989747231e+02 1.414886245727539631e+02 2.193447113037109375e+01 7.009538269042968750e+01
3.320407581329346840e+02 1.402016525268555256e+02 2.264384078979492188e+01 7.077194213867187500e+01
3.287621288299561684e+02 1.392563247680664631e+02 2.503886795043945312e+01 7.181756591796875000e+01
3.267751092910767738e+02 1.379387130737305256e+02 2.594930839538574219e+01 7.265025329589843750e+01
3.245792121887208168e+02 1.392605094909668537e+02 2.717049407958984375e+01 7.134696197509765625e+01
3.230723352432252113e+02 1.388911018371582600e+02 2.791081047058105469e+01 7.184574127197265625e+01
3.213670215606690590e+02 1.393735084533691975e+02 2.819392013549804688e+01 7.080437469482421875e+01
3.196080093383790199e+02 1.401194381713867756e+02 2.791578674316406250e+01 6.978562927246093750e+01
3.168887434005738442e+02 1.408540382385254475e+02 2.682990455627441406e+01 6.824840545654296875e+01
3.156822462081910317e+02 1.406564025878906818e+02 2.408757972717285156e+01 6.905226135253906250e+01
3.132318849563599770e+02 1.417534561157227131e+02 2.187143516540527344e+01 6.807254028320312500e+01
3.098265924453736488e+02 1.413185081481934162e+02 2.336057853698730469e+01 6.814478302001953125e+01
3.066272373199464027e+02 1.410646743774414631e+02 2.573759078979492188e+01 6.817454528808593750e+01
3.046743488311768715e+02 1.399246749877930256e+02 2.699390792846679688e+01 6.937455749511718750e+01
3.024331855773926918e+02 1.409981803894043537e+02 2.720627593994140625e+01 6.795104217529296875e+01
3.004781093597413246e+02 1.413548049926758381e+02 2.726918411254882812e+01 6.774490356445312500e+01
2.992349243164063637e+02 1.422115097045899006e+02 2.502162170410156250e+01 6.632965087890625000e+01
2.973173913955689613e+02 1.436253852844238850e+02 2.292162895202636719e+01 6.534473419189453125e+01
2.952074718475342934e+02 1.431121711730957600e+02 2.290752029418945312e+01 6.593048858642578125e+01
2.943300533294678871e+02 1.424591026306152912e+02 2.209425735473632812e+01 6.548336029052734375e+01
2.913947124481202309e+02 1.432470893859863850e+02 2.377730178833007812e+01 6.428084564208984375e+01
2.886816568374634926e+02 1.419771537780762287e+02 2.589535331726074219e+01 6.598587799072265625e+01
2.862234144210816567e+02 1.403600044250488850e+02 2.726243019104003906e+01 6.770932769775390625e+01
2.843240814208985512e+02 1.389522895812988850e+02 2.781721496582031250e+01 6.842620086669921875e+01
2.818333320617676918e+02 1.387024192810059162e+02 2.824230194091796875e+01 6.878183746337890625e+01
2.801105060577393715e+02 1.376617927551270100e+02 2.861860275268554688e+01 6.983692169189453125e+01
2.781791477203370277e+02 1.396127662658691975e+02 2.694596481323242188e+01 6.785009002685546875e+01
2.756113357543946449e+02 1.398984451293945881e+02 2.411059570312500000e+01 6.713249206542968750e+01
2.722938060760499184e+02 1.426299209594727131e+02 2.365681838989257812e+01 6.496147155761718750e+01
2.715791635513306801e+02 1.401377754211426350e+02 2.218819999694824219e+01 6.624362945556640625e+01
2.694139862060548012e+02 1.423032569885254475e+02 2.293804931640625000e+01 6.407221221923828125e+01
2.673959941864014809e+02 1.397315597534180256e+02 2.297403335571289062e+01 6.689482116699218750e+01
2.659954319000245277e+02 1.403516464233399006e+02 2.440714645385742188e+01 6.576071166992187500e+01
2.634323644638062660e+02 1.392128868103027912e+02 2.443828010559082031e+01 6.725109100341796875e+01
2.613557214736939613e+02 1.377592353820801350e+02 2.426849174499511719e+01 6.945914459228515625e+01
2.597862472534180824e+02 1.403518180847168537e+02 2.181178283691406250e+01 6.647699737548828125e+01
2.582500448226929848e+02 1.404675216674805256e+02 2.002508735656738281e+01 6.560897827148437500e+01
2.544816675186158363e+02 1.409523200988770100e+02 2.147988700866699219e+01 6.583602142333984375e+01
2.493384237289429848e+02 1.433507461547852131e+02 2.746855354309082031e+01 6.358412170410156250e+01
2.453907995224000160e+02 1.420328826904297443e+02 3.071545600891113281e+01 6.378302001953125000e+01
1.630333213806153481e+02 1.347649230957031818e+02 4.237287139892578125e+01 1.144217529296875000e+02
1.663829860687256996e+02 1.333680839538574787e+02 4.778032302856445312e+01 1.149930496215820312e+02
1.668760147094727699e+02 1.317021560668945881e+02 5.563148498535156250e+01 1.157069244384765625e+02
1.689038162231446449e+02 1.274399566650391193e+02 6.159596252441406250e+01 1.182791137695312500e+02
1.767244129180909340e+02 1.275260429382324787e+02 6.123556137084960938e+01 1.185798416137695312e+02
1.831669101715089027e+02 1.292587203979492756e+02 6.042103195190429688e+01 1.183688201904296875e+02
1.962100219726563637e+02 1.280102806091309162e+02 5.496197509765625000e+01 1.206514663696289062e+02
2.108435554504395668e+02 1.291300086975098225e+02 4.200060272216796875e+01 1.202144088745117188e+02
2.201227989196778481e+02 1.355239028930664631e+02 3.677069854736328125e+01 1.131295928955078125e+02
2.258968944549561684e+02 1.337410774230957600e+02 3.786056900024414062e+01 1.140104598999023438e+02
2.294148216247559731e+02 1.314011650085449787e+02 4.251105499267578125e+01 1.157713394165039062e+02
2.310798816680909624e+02 1.312944984436036009e+02 4.895522689819333095e+01 1.143296432495117188e+02
2.355481777191163246e+02 1.307333374023438353e+02 5.146568679809570312e+01 1.132012634277343750e+02
2.422541713714600746e+02 1.321236076354981321e+02 5.314726638793945312e+01 1.116297683715820312e+02
2.501813068389893715e+02 1.329144783020020384e+02 4.908410263061523438e+01 1.118412704467773438e+02
2.617774982452393715e+02 1.349393081665039915e+02 4.224349594116210938e+01 1.117388153076171875e+02
2.725023479461671059e+02 1.362560729980469603e+02 3.842163467407226562e+01 1.099643859863281250e+02
2.803605537414551918e+02 1.364799919128418821e+02 3.655492401123046875e+01 1.091879348754882812e+02
2.863737239837647621e+02 1.368506736755371946e+02 3.694050979614257812e+01 1.087028884887695312e+02
2.877083282470704262e+02 1.359893112182618040e+02 4.366073608398437500e+01 1.081851348876953125e+02
2.883992900848389809e+02 1.347526931762696165e+02 5.220990371704101562e+01 1.077721405029296875e+02
2.917067279815674965e+02 1.312668495178223225e+02 5.701943588256835938e+01 1.093104171752929688e+02
2.961544799804688637e+02 1.343363380432129475e+02 5.928042602539062500e+01 1.078271102905273438e+02
3.051180210113526527e+02 1.354467506408691975e+02 5.530878829956054688e+01 1.074345016479492188e+02
3.173688983917237465e+02 1.365103607177734943e+02 4.366823959350585938e+01 1.073362731933593750e+02
3.243286094665528481e+02 1.378473167419434162e+02 4.082379913330078125e+01 1.055038528442382812e+02
3.326165084838868324e+02 1.392624702453613850e+02 3.776573181152343750e+01 1.029738693237304688e+02
3.357822341918946449e+02 1.377009658813477131e+02 3.987229919433593750e+01 1.038932342529296875e+02
3.391819210052491371e+02 1.370285720825195881e+02 4.032130813598632812e+01 1.020820770263671875e+02
3.431052093505860512e+02 1.357175216674805256e+02 4.145489501953125000e+01 9.951658630371093750e+01
3.464952945709229652e+02 1.372690544128418537e+02 4.356086349487304688e+01 9.939057159423828125e+01
3.523160686492921059e+02 1.362267417907715412e+02 4.205475234985351562e+01 1.013227920532226562e+02
3.583127536773682777e+02 1.368966026306152912e+02 3.932191085815429688e+01 1.019244461059570312e+02
3.649806995391846840e+02 1.390894050598145100e+02 3.685189437866210938e+01 9.933715057373046875e+01
3.705781192779542152e+02 1.386299781799316975e+02 3.349637985229492188e+01 9.963130950927734375e+01
3.745973472595215981e+02 1.389778099060059162e+02 3.351557159423828125e+01 9.862876129150390625e+01
3.795333213806153481e+02 1.382584381103516193e+02 3.548523712158203125e+01 9.905563354492187500e+01
3.824144554138184731e+02 1.381720199584961506e+02 3.622342681884765625e+01 9.781391906738281250e+01
3.848129005432130043e+02 1.377947731018066975e+02 3.752812957763671875e+01 9.523967742919921875e+01
3.881840400695801918e+02 1.391935844421387287e+02 3.775798797607421875e+01 9.349027252197265625e+01
3.916755542755128090e+02 1.407468338012695881e+02 3.563625717163085938e+01 9.248094177246093750e+01
3.947261962890626137e+02 1.429084548950195881e+02 3.459576416015625000e+01 9.050856018066406250e+01
3.968146915435792152e+02 1.420918197631836506e+02 3.307322311401367188e+01 9.177922058105468750e+01
3.972572994232178871e+02 1.425619316101074787e+02 3.376945877075195312e+01 9.047580718994140625e+01
3.968184700012208168e+02 1.402108573913574787e+02 3.426543426513671875e+01 9.250754547119140625e+01
3.987038516998292152e+02 1.374255828857422443e+02 3.342142868041992188e+01 9.503555297851562500e+01
4.008838596343995277e+02 1.355664405822754475e+02 3.294050216674804688e+01 9.506276702880859375e+01
4.015685234069825356e+02 1.371432304382324787e+02 3.426190948486328125e+01 9.094382476806640625e+01
4.015941390991212074e+02 1.410636901855469318e+02 3.505586242675781250e+01 8.642813110351562500e+01
4.028459815979005043e+02 1.417432670593262287e+02 3.554918670654296875e+01 8.663642120361328125e+01
4.041491317749024574e+02 1.427597999572754475e+02 3.558915710449218750e+01 8.550591278076171875e+01
4.066876087188721840e+02 1.430575256347656818e+02 3.464525985717773438e+01 8.351605224609375000e+01
4.066578273773194496e+02 1.408265190124512287e+02 3.545180130004882812e+01 8.681790924072265625e+01
4.091338253021241371e+02 1.373113059997559162e+02 3.440971755981445312e+01 8.999539947509765625e+01
4.083749351501465981e+02 1.385935440063477131e+02 3.345786285400390625e+01 8.656111145019531250e+01
4.095440292358399574e+02 1.387029342651367756e+02 3.300825500488281250e+01 8.555354309082031250e+01
4.086008605957032387e+02 1.389412994384766193e+02 3.293630981445312500e+01 8.512139892578125000e+01
4.091112461090089027e+02 1.397524414062500568e+02 3.187372970581054688e+01 8.368325805664062500e+01
4.111106586456299965e+02 1.431542701721191975e+02 3.020183944702148438e+01 8.041237640380859375e+01
4.101477680206299965e+02 1.447846336364746662e+02 3.046192550659179688e+01 7.858699798583984375e+01
4.091844854354859535e+02 1.443293495178223225e+02 3.133807563781738281e+01 7.916271209716796875e+01
4.087578611373902504e+02 1.433350791931152912e+02 3.081998634338378906e+01 7.958358001708984375e+01
4.082098064422608559e+02 1.431039772033691975e+02 3.052125930786132812e+01 7.990772247314453125e+01
4.075492630004883949e+02 1.405228195190430256e+02 3.037689208984375000e+01 7.984191894531250000e+01
4.045109481811524574e+02 1.400411911010742756e+02 3.234718322753906250e+01 7.856724548339843750e+01
4.007845611572266762e+02 1.417623863220215412e+02 3.563449096679687500e+01 7.684096527099609375e+01
3.999861984252930824e+02 1.420246810913086506e+02 3.521134948730468750e+01 7.807415771484375000e+01
3.997900714874268715e+02 1.437678337097168537e+02 3.276879501342773438e+01 7.537386322021484375e+01
3.979548339843751137e+02 1.460389213562012287e+02 3.195245361328125000e+01 7.348815155029296875e+01
3.968936376571656410e+02 1.463254852294922443e+02 3.096270942687988281e+01 7.266864013671875000e+01
3.927879962921143715e+02 1.449336204528809162e+02 3.440307235717773438e+01 7.285477447509765625e+01
3.896064548492432777e+02 1.426727409362793537e+02 3.543740463256835938e+01 7.461305999755859375e+01
3.878514785766602699e+02 1.422710304260254475e+02 3.434236145019531250e+01 7.337271881103515625e+01
3.850512599945069496e+02 1.434419555664063068e+02 3.316388320922851562e+01 7.142773437500000000e+01
3.835349140167237465e+02 1.436713447570801350e+02 3.129606246948242188e+01 7.192072296142578125e+01
3.828340520858765785e+02 1.449419250488281818e+02 2.889319038391113281e+01 7.015116882324218750e+01
3.813842592239381020e+02 1.462969703674316975e+02 2.583096885681152344e+01 6.927777862548828125e+01
3.788718242645264809e+02 1.467096023559570881e+02 2.526945877075195312e+01 6.855982971191406250e+01
3.754834384918214027e+02 1.471280899047852131e+02 2.714063644409179688e+01 6.881825256347656250e+01
3.711571817398072426e+02 1.448021430969238850e+02 3.030029106140136719e+01 7.025519561767578125e+01
3.677255802154542152e+02 1.440548019409180256e+02 3.201992416381835938e+01 6.992121887207031250e+01
3.651110591888428871e+02 1.431976127624512287e+02 3.262744522094726562e+01 6.854773712158203125e+01
3.619252738952637856e+02 1.434582557678223225e+02 3.215555572509765625e+01 6.830275726318359375e+01
3.579541187286378090e+02 1.430723571777344318e+02 3.197648239135742188e+01 6.969114685058593750e+01
3.558630495071412270e+02 1.458475952148438068e+02 3.138069725036621094e+01 6.744705200195312500e+01
3.520438060760499184e+02 1.468967552185059162e+02 2.766490554809570312e+01 6.558257293701171875e+01
3.497673759460450356e+02 1.482614402770996662e+02 2.571115875244140625e+01 6.419408416748046875e+01
3.436601524353028481e+02 1.469109992980957600e+02 2.895040130615234375e+01 6.453589630126953125e+01
3.391335153579713051e+02 1.453890113830566975e+02 3.155352592468261719e+01 6.522364044189453125e+01
3.366664180755616371e+02 1.443178710937500568e+02 3.208041763305664062e+01 6.402175903320312500e+01
3.332294559478760902e+02 1.444474334716797443e+02 3.179589462280273438e+01 6.399537658691406250e+01
3.307911291122437660e+02 1.453091621398926350e+02 3.193628120422363281e+01 6.453391265869140625e+01
3.284808807373048012e+02 1.464594726562500568e+02 2.501618957519531250e+01 6.295515441894531250e+01
3.255987176895142738e+02 1.477348728179932209e+02 2.236651420593261719e+01 6.171642684936523438e+01
3.206305036544800942e+02 1.491227359771729084e+02 2.160952186584472656e+01 5.885471725463867188e+01
3.175311536788941567e+02 1.465376491546631428e+02 2.427370643615722656e+01 6.227219009399414062e+01
3.124785699844361488e+02 1.464199123382568928e+02 2.789285087585449219e+01 6.219347000122070312e+01
3.073394708633423988e+02 1.454459037780762287e+02 3.145188713073730469e+01 6.201894378662109375e+01
3.015456256866456215e+02 1.444323558807373615e+02 3.426246261596679688e+01 6.202901077270507812e+01
2.992095451354981606e+02 1.443721733093262287e+02 3.485964202880859375e+01 6.157678985595703125e+01
2.954739322662354652e+02 1.447522335052490803e+02 3.434298324584960938e+01 6.217078018188476562e+01
2.913286819458008949e+02 1.446779212951660725e+02 3.346163940429687500e+01 6.203075408935546875e+01
2.908758811950684731e+02 1.466153888702393147e+02 2.054438018798828125e+01 5.986300277709960938e+01
2.866975831985474770e+02 1.480432052612305256e+02 2.008254051208496094e+01 5.748672485351562500e+01
2.818781518936158363e+02 1.472413635253906818e+02 2.270658683776855469e+01 5.860076904296875000e+01
2.777684421539307777e+02 1.465689830780029865e+02 2.412809371948242188e+01 5.985138320922851562e+01
2.735001831054688637e+02 1.453167037963867756e+02 2.794645690917968750e+01 6.008137512207031250e+01
2.676670932769776527e+02 1.440809459686279865e+02 2.996041488647460938e+01 6.050389480590820312e+01
2.649787807464600746e+02 1.440602226257324787e+02 2.976391983032226562e+01 5.936386871337890625e+01
2.600643939971924965e+02 1.445632514953613850e+02 3.104191207885742188e+01 5.950333404541015625e+01
2.571030206680298988e+02 1.453091907501221272e+02 2.975160026550292969e+01 5.950757980346679688e+01
2.552383890151978676e+02 1.462135601043701740e+02 2.283257865905761719e+01 5.819148635864257812e+01
2.502362976074219887e+02 1.467300090789795490e+02 2.295748901367187500e+01 5.804927444458007812e+01
2.456252708435059731e+02 1.476267490386963459e+02 2.165988922119140625e+01 5.756821823120117188e+01
2.405837926864625160e+02 1.451190185546875568e+02 2.391258430480957031e+01 5.890953063964843750e+01
2.354924659729005043e+02 1.429517650604248615e+02 2.704708099365234375e+01 5.980080032348632812e+01
2.253855075836182777e+02 1.407039718627930256e+02 3.437804794311523438e+01 6.400151062011718750e+01
2.244305324554444496e+02 1.427147388458252522e+02 3.223765945434570312e+01 6.142043685913085938e+01
2.193258914947510902e+02 1.418040618896484943e+02 3.427866744995117188e+01 6.150736999511718750e+01
1.456549854278565590e+02 1.369754104614258381e+02 4.400615310668945312e+01 9.121055603027343750e+01
1.672842550277711098e+02 1.364853096008301350e+02 2.730379676818847656e+01 9.164488983154296875e+01
1.700833616256715004e+02 1.383226394653320881e+02 3.076140022277832031e+01 8.950779724121093750e+01
1.722230968475342934e+02 1.399240989685059162e+02 3.384984970092773438e+01 8.704514312744140625e+01
1.761410369873048012e+02 1.372626342773438068e+02 3.532674407958984375e+01 9.047616577148437500e+01
1.771788463592530434e+02 1.364401168823242756e+02 4.080999374389648438e+01 9.038465881347656250e+01
1.792690963745118324e+02 1.336589088439941975e+02 4.569226837158203125e+01 9.345247650146484375e+01
1.836338195800782387e+02 1.305094566345215412e+02 4.725496673583984375e+01 9.684867095947265625e+01
1.904127063751221840e+02 1.291124038696289631e+02 4.602937698364257812e+01 1.006128997802734375e+02
2.055137939453126421e+02 1.307106018066407103e+02 3.120189666748046875e+01 9.886056518554687500e+01
2.133054819107057085e+02 1.325996589660645384e+02 2.983409690856933594e+01 9.738939666748046875e+01
2.178683872222901812e+02 1.309513969421387571e+02 3.229382705688476562e+01 9.969321441650390625e+01
2.212958049774171343e+02 1.318322067260743040e+02 3.361257553100585938e+01 9.710954284667968750e+01
2.206358890533448687e+02 1.314562263488770384e+02 3.914822769165036220e+01 9.811251068115234375e+01
2.235994091033936684e+02 1.250712814331055540e+02 4.531170272827148438e+01 1.028282623291015625e+02
1.626289987564088051e+02 1.431815757751465696e+02 2.382184410095214844e+01 5.957178497314453125e+01
1.586736965179444496e+02 1.450349597930909056e+02 2.402766036987304688e+01 5.778547286987304688e+01
1.546101922988892738e+02 1.453690299987794106e+02 2.570479393005371094e+01 5.710454559326171875e+01
1.504964885711671059e+02 1.446092052459717934e+02 2.714356613159179688e+01 5.654726028442382812e+01
1.466167945861817543e+02 1.448273715972901527e+02 2.730273437500000000e+01 5.656954574584960938e+01
1.440683345794678871e+02 1.443224964141846840e+02 2.526256942749023438e+01 5.810422897338867188e+01
1.424553079605103676e+02 1.449851341247559731e+02 2.352506065368652344e+01 5.848448944091796875e+01
1.418171558380128090e+02 1.444322471618653481e+02 2.133018875122070312e+01 5.983469390869140625e+01
1.390459270477296059e+02 1.442267551422120277e+02 2.009849166870117188e+01 5.897401046752929688e+01
1.346544237136841957e+02 1.435462684631348793e+02 2.132452201843261719e+01 5.957025909423828125e+01
1.309541730880738442e+02 1.423653583526612465e+02 2.239816474914550781e+01 6.029973983764648438e+01
1.267386798858643715e+02 1.418394718170167152e+02 2.467578506469726562e+01 5.944157028198242188e+01
1.238898181915284340e+02 1.407694931030274574e+02 2.589212417602539062e+01 6.087760925292968750e+01
1.225140085220338051e+02 1.425513286590577309e+02 2.566461753845214844e+01 6.037253189086914062e+01
1.212592658996583168e+02 1.429401111602784340e+02 2.443658447265625000e+01 6.163003158569335938e+01
1.212066516876221840e+02 1.447759895324708168e+02 2.184910964965820312e+01 5.990651702880859375e+01
1.194037628173829262e+02 1.468640594482423012e+02 2.137676239013671875e+01 5.736766052246093750e+01
1.181745977401734535e+02 1.435033054351807777e+02 2.167115211486816406e+01 6.049680709838867188e+01
1.157672061920167152e+02 1.443509731292725746e+02 2.288614273071289062e+01 5.918301773071289062e+01
1.139723577499390785e+02 1.441468906402589027e+02 2.242838478088378906e+01 6.040069198608398438e+01
1.121301517486573402e+02 1.422681159973145668e+02 2.198210525512695312e+01 6.138181304931640625e+01
1.104057216644288246e+02 1.429922637939454262e+02 2.227459335327148438e+01 6.065573120117187500e+01
1.079275341033936684e+02 1.432351093292237465e+02 2.234780502319335938e+01 6.198313522338867188e+01
1.063504838943482724e+02 1.427830810546876137e+02 2.206147575378416548e+01 6.321360778808593750e+01
1.044069976806641904e+02 1.437975540161133949e+02 2.260285186767578125e+01 6.261608886718750000e+01
1.031966075897218076e+02 1.435689983367921059e+02 2.183413314819335938e+01 6.279942703247070312e+01
1.011242475509644834e+02 1.437755298614503090e+02 2.155963325500488281e+01 6.249657821655273438e+01
9.973557186126721774e+01 1.432852344512940590e+02 2.115184974670410156e+01 6.315020370483398438e+01
9.610372447967542087e+01 1.421169471740723793e+02 2.272459602355957031e+01 6.425540924072265625e+01
9.458000659942639743e+01 1.417791824340821449e+02 2.362490653991699219e+01 6.514315795898437500e+01
9.183211135864270602e+01 1.411577568054200356e+02 2.451173400878906250e+01 6.589551544189453125e+01
9.076594924926770602e+01 1.419794578552247231e+02 2.313391113281250000e+01 6.530405426025390625e+01
8.855850982666028415e+01 1.430812950134278481e+02 2.371567535400390625e+01 6.523326873779296875e+01
8.866803359985364352e+01 1.442213325500489418e+02 2.259970092773437500e+01 6.427875518798828125e+01
8.634860610961926852e+01 1.427851104736329262e+02 2.370101928710937500e+01 6.506532287597656250e+01
8.354787349700940524e+01 1.413714332580567543e+02 2.484516334533691406e+01 6.647786712646484375e+01
8.299390888214124118e+01 1.397461357116700356e+02 2.424429130554199219e+01 6.782085418701171875e+01
8.113534450531018649e+01 1.397546653747559731e+02 2.398552894592285156e+01 6.812447357177734375e+01
7.965690422058118259e+01 1.391568069458008949e+02 2.381849288940429688e+01 6.902841186523437500e+01
7.871490669250501071e+01 1.389873504638673012e+02 2.370466995239257812e+01 7.017219543457031250e+01
7.776514625549329196e+01 1.398071708679200356e+02 2.292595291137695312e+01 7.084253692626953125e+01
7.819794845581067477e+01 1.399947471618653481e+02 2.206838989257812500e+01 7.172399139404296875e+01
7.577738666534436618e+01 1.404931983947755043e+02 2.160241508483886719e+01 7.160320281982421875e+01
7.884469699859631930e+01 1.532557220458985512e+02 1.780536460876464844e+01 5.796527099609375000e+01
7.339155387878430759e+01 1.408377990722657387e+02 2.028733444213867188e+01 7.053617858886718750e+01
6.864073085784924899e+01 1.420443572998048012e+02 2.261521339416503906e+01 6.997650146484375000e+01
6.880753993988049899e+01 1.451163024902344887e+02 2.129660987854003906e+01 6.819851684570312500e+01
6.522238159179700290e+01 1.391779403686524574e+02 2.361608123779296875e+01 7.464627075195312500e+01
6.311250209808362399e+01 1.399753723144532387e+02 2.356521034240722656e+01 7.394807434082031250e+01
6.215165996551526462e+01 1.408473548889161293e+02 2.272343635559082031e+01 7.391913604736328125e+01
5.989015388488782321e+01 1.407303771972657387e+02 2.275281143188476562e+01 7.423768615722656250e+01
5.846191692352307712e+01 1.396100006103516762e+02 2.253308296203613281e+01 7.462089538574218750e+01
5.693563079833997165e+01 1.378886489868165199e+02 2.294353485107421875e+01 7.526324462890625000e+01
5.710892868042004977e+01 1.367943496704102699e+02 2.320077514648437500e+01 7.678501892089843750e+01
5.567954254150403415e+01 1.366630020141602699e+02 2.253281402587890625e+01 7.618347167968750000e+01
5.345093154907239352e+01 1.364707183837891762e+02 2.332078552246093750e+01 7.619541931152343750e+01
5.179967975616467868e+01 1.372221107482911293e+02 2.467268180847167969e+01 7.657489776611328125e+01
5.051079559326184665e+01 1.379508323669434731e+02 2.579615020751953125e+01 7.706095123291015625e+01
4.814050960540784274e+01 1.405891189575196449e+02 2.670331764221191406e+01 7.577932739257812500e+01
4.727547645568861867e+01 1.405743942260743324e+02 2.692473220825195312e+01 7.667636108398437500e+01
4.640268993377699758e+01 1.408589630126954262e+02 2.671255683898925781e+01 7.598292541503906250e+01
4.549314212799086476e+01 1.398323326110840981e+02 2.742822837829589844e+01 7.742575836181640625e+01
4.389196872711197273e+01 1.390789527893067543e+02 2.866565513610839844e+01 7.829982757568359375e+01
4.318697452545181648e+01 1.382286834716798012e+02 2.917114830017089844e+01 7.897676086425781250e+01
4.256078720092789069e+01 1.382462539672852699e+02 2.919944763183593750e+01 7.964111328125000000e+01
4.235665130615250007e+01 1.388587265014649574e+02 2.930811309814453125e+01 8.014575195312500000e+01
4.105576610565201179e+01 1.401089019775391762e+02 2.968472480773925781e+01 8.001705932617187500e+01
4.138331985473648444e+01 1.397191581726075356e+02 2.861187744140625000e+01 8.028444671630859375e+01
4.065440654754654304e+01 1.392161407470704262e+02 2.961929512023925781e+01 8.126019287109375000e+01
4.185912799835220710e+01 1.394019966125489418e+02 2.888996696472167969e+01 8.095694732666015625e+01
4.192332267761246101e+01 1.380955429077149574e+02 2.837884140014648438e+01 8.302514648437500000e+01
4.143954658508316413e+01 1.363722572326661293e+02 2.930202102661132812e+01 8.454669952392578125e+01
4.152482318878189460e+01 1.347199554443360512e+02 2.936128044128417969e+01 8.682521057128906250e+01
4.217272186279311086e+01 1.341796188354493324e+02 2.936623382568359375e+01 8.711795043945312500e+01
4.278004264831555759e+01 1.352373809814454262e+02 3.143494796752929688e+01 8.603329467773437500e+01
4.255673980712903415e+01 1.352731018066407387e+02 3.200164031982421875e+01 8.664624023437500000e+01
4.288221359252942477e+01 1.369218254089356606e+02 3.296202087402343750e+01 8.605695343017578125e+01
4.351704978942883884e+01 1.395386390686036293e+02 3.387588119506835938e+01 8.463210296630859375e+01
4.513854026794446384e+01 1.406014137268067543e+02 3.447414779663085938e+01 8.333611297607421875e+01
4.576526641845715915e+01 1.408916435241700356e+02 3.507054901123046875e+01 8.249567413330078125e+01
4.719131278991712009e+01 1.392050819396973793e+02 3.621903610229492188e+01 8.291820526123046875e+01
5.000043678283704196e+01 1.390137405395508949e+02 3.525325393676757812e+01 8.429228210449218750e+01
5.234901618957532321e+01 1.372497520446778481e+02 3.669183731079101562e+01 8.617975616455078125e+01
5.459753799438489352e+01 1.376844100952149574e+02 3.581991577148437500e+01 8.684654235839843750e+01
5.875953292846692477e+01 1.377201538085938637e+02 3.422569274902343750e+01 8.642440795898437500e+01
6.400992393493665134e+01 1.401689796447755043e+02 3.103472518920898438e+01 8.674935150146484375e+01
6.729668521881116305e+01 1.405993804931641762e+02 2.953658103942871094e+01 8.589367675781250000e+01
7.048150539398206149e+01 1.414072113037110512e+02 3.065397071838378906e+01 8.623094177246093750e+01
7.017857742309583102e+01 1.399127235412598793e+02 3.577328491210937500e+01 8.655564117431640625e+01
7.277550125122083102e+01 1.406056671142579262e+02 3.778414916992187500e+01 8.500871276855468750e+01
7.291163063049329196e+01 1.399635200500489418e+02 4.264873123168945312e+01 8.635855865478515625e+01
7.506341171264661227e+01 1.380068778991700356e+02 4.564421081542968750e+01 8.728942108154296875e+01
7.721217536926282321e+01 1.360946502685548012e+02 4.772931289672851562e+01 8.910737609863281250e+01
8.238311958313001071e+01 1.369506568908692543e+02 4.635754776000975141e+01 8.937509918212890625e+01
8.718520736694347306e+01 1.357383270263673012e+02 4.587904357910156250e+01 9.101753234863281250e+01
9.753587532043468400e+01 1.368305664062501137e+02 4.057785415649414062e+01 9.074024963378906250e+01
1.048230247497559731e+02 1.370292091369630043e+02 3.676460266113281250e+01 9.135440826416015625e+01
1.112028198242188637e+02 1.394938011169434731e+02 3.618720245361328125e+01 8.895421600341796875e+01
1.164486179351807777e+02 1.389941215515137856e+02 3.527870559692382812e+01 8.727162933349609375e+01
1.169789905548096840e+02 1.388731460571290199e+02 4.022409439086914062e+01 8.729357910156250000e+01
1.182566184997559731e+02 1.364961967468262856e+02 4.487132263183593750e+01 8.956844329833984375e+01
1.212814006805421059e+02 1.343469352722169106e+02 4.980292892456054688e+01 9.123345184326171875e+01
1.264334068298340981e+02 1.349699821472169106e+02 5.122611999511718750e+01 9.142183685302734375e+01
1.381351604461671059e+02 1.375427360534669106e+02 4.400175094604492188e+01 9.047249603271484375e+01
1.494199161529542152e+02 1.376720542907715981e+02 3.605510330200195312e+01 9.034035491943359375e+01
1.601814718246461098e+02 1.370132904052735512e+02 3.052747535705566406e+01 9.197721862792968750e+01
1.655281496047974770e+02 1.381899147033692543e+02 2.866297721862792969e+01 8.931024932861328125e+01
1.678489418029786293e+02 1.388595695495606606e+02 3.527593994140625000e+01 8.972800445556640625e+01
1.713801078796387856e+02 1.368566780090333168e+02 3.753752136230468750e+01 8.891020965576171875e+01
1.734020290374756996e+02 1.352355461120606606e+02 4.103615951538085938e+01 9.015729522705078125e+01
1.778394145965577309e+02 1.343098144531251137e+02 4.583710861206054688e+01 9.007003784179687500e+01
1.833345050811768715e+02 1.355123367309571449e+02 4.558761978149414062e+01 9.033430480957031250e+01
1.892896003723145668e+02 1.365938415527344887e+02 4.322921752929687500e+01 9.042044067382812500e+01
2.015396156311036293e+02 1.379850349426270668e+02 3.446484375000000000e+01 8.972399139404296875e+01
2.107304306030274574e+02 1.376949310302735512e+02 3.042790985107421875e+01 9.113647460937500000e+01
2.167991371154786293e+02 1.378146057128907387e+02 3.057864379882812500e+01 9.010409545898437500e+01
2.214868497848511879e+02 1.378786468505860512e+02 2.973190498352050781e+01 8.727340698242187500e+01
2.230485153198243324e+02 1.355714302062989418e+02 3.574684906005859375e+01 9.077829742431640625e+01
2.254123535156251137e+02 1.351659927368165199e+02 4.181812286376953125e+01 8.978518676757812500e+01
2.289031219482423012e+02 1.352416915893555824e+02 4.562332916259765625e+01 8.865817260742187500e+01
2.332715015411378090e+02 1.350648612976075356e+02 4.707056045532226562e+01 8.935771942138671875e+01
2.407586898803712074e+02 1.369429130554200640e+02 4.514089202880859375e+01 8.900466156005859375e+01
2.487228183746339027e+02 1.381977653503419390e+02 4.063710403442382812e+01 8.881185150146484375e+01
2.580824203491212074e+02 1.390615692138673296e+02 3.389559173583984375e+01 8.855879211425781250e+01
2.686347427368165199e+02 1.401415138244630327e+02 2.959316253662109375e+01 8.665988922119140625e+01
2.737622947692872231e+02 1.399037437438966265e+02 3.095411682128906250e+01 8.780410003662109375e+01
2.760272941589356606e+02 1.396936302185060015e+02 3.213679504394531250e+01 8.648027801513671875e+01
2.778456935882569496e+02 1.363573951721192827e+02 3.764773178100585938e+01 8.891098785400390625e+01
2.817880096435548012e+02 1.361019783020020952e+02 4.041938018798828125e+01 8.791858673095703125e+01
2.856803264617921059e+02 1.376053733825685015e+02 4.391709518432617188e+01 8.664052581787109375e+01
2.914230918884278481e+02 1.383492317199708452e+02 4.241978454589843750e+01 8.756220245361328125e+01
2.994616584777833168e+02 1.392505683898927202e+02 3.817410278320312500e+01 8.716196441650390625e+01
3.106264944076539223e+02 1.403283958435060015e+02 3.098978614807128906e+01 8.699904632568359375e+01
3.174301624298096840e+02 1.390425949096681109e+02 2.815051651000976562e+01 8.712591552734375000e+01
3.222150068283082192e+02 1.387754325866700640e+02 2.839860725402832031e+01 8.629047393798828125e+01
3.253398895263673012e+02 1.381515579223634234e+02 3.143375396728515625e+01 8.693678283691406250e+01
3.267760028839112465e+02 1.385951957702638140e+02 3.726181411743164062e+01 8.561432647705078125e+01
3.284419288635255043e+02 1.390901031494142046e+02 4.518133544921875000e+01 8.544335937500000000e+01
3.302226543426514809e+02 1.374189949035645952e+02 4.816984176635742188e+01 8.727361297607421875e+01
3.357140579223633949e+02 1.373927536010743893e+02 4.828746795654296875e+01 8.818232727050781250e+01
3.441776790618897621e+02 1.388914642333986080e+02 4.402309799194335938e+01 8.721313476562500000e+01
3.500570220947266762e+02 1.422699966430665768e+02 3.851578521728515625e+01 8.529643249511718750e+01
3.578644733428956215e+02 1.433507919311525143e+02 3.276797866821289062e+01 8.397004699707031250e+01
3.652890672683716957e+02 1.415960044860841549e+02 2.689227104187011719e+01 8.505442047119140625e+01
3.690673971176148598e+02 1.417786636352540768e+02 2.737702369689941406e+01 8.433966064453125000e+01
3.724684925079346840e+02 1.411654434204103268e+02 2.829414749145507812e+01 8.431449890136718750e+01
3.734664192199708168e+02 1.401415481567384518e+02 3.173945617675781250e+01 8.369544982910156250e+01
3.762188549041749184e+02 1.407334060668947018e+02 3.518062973022460938e+01 8.258973693847656250e+01
3.778680324554444496e+02 1.424989433288575924e+02 3.759070968627929688e+01 8.108133697509765625e+01
3.828695278167725746e+02 1.420810813903810299e+02 3.589350509643554688e+01 8.250714874267578125e+01
3.866991634368897621e+02 1.433705406188966549e+02 3.390497970581054688e+01 8.182654571533203125e+01
3.904348134994507973e+02 1.445512657165529049e+02 3.197326087951660156e+01 8.116422271728515625e+01
3.938923225402833168e+02 1.445796852111818112e+02 3.006004333496093750e+01 7.989112091064453125e+01
3.956440715789796059e+02 1.434206237792970455e+02 3.061222457885742188e+01 8.002822875976562500e+01
3.986612319946290199e+02 1.428824882507325924e+02 3.280065155029296875e+01 8.124298858642578125e+01
3.999861621856690590e+02 1.414267463684083737e+02 3.407248306274414062e+01 8.189757537841796875e+01
4.017889366149903481e+02 1.434609184265138424e+02 3.442750549316406250e+01 7.910147857666015625e+01
4.031670780181885902e+02 1.432044181823732174e+02 3.523302078247070312e+01 7.881293487548828125e+01
4.054141082763673012e+02 1.443968200683595455e+02 3.445981597900390625e+01 7.913748168945312500e+01
4.062294387817383949e+02 1.452341003417970455e+02 3.424645233154296875e+01 7.863656616210937500e+01
4.088810214996339027e+02 1.455630493164064205e+02 3.262025833129882812e+01 7.771441650390625000e+01
4.081730785369874184e+02 1.461886444091798580e+02 3.311088180541992188e+01 7.782592773437500000e+01
4.068141841888428871e+02 1.465529327392579830e+02 3.332661056518554688e+01 7.659167480468750000e+01
4.072129211425782387e+02 1.445872230529786862e+02 3.311165618896484375e+01 7.759035491943359375e+01
4.069585914611817543e+02 1.418522567749025143e+02 3.247560119628906250e+01 7.988452148437500000e+01
4.051476993560792152e+02 1.415779533386232174e+02 3.394881057739257812e+01 7.975954437255859375e+01
4.048227062225342934e+02 1.413715248107911862e+02 3.372611618041992188e+01 7.956409454345703125e+01
4.049798641204835121e+02 1.434811248779298580e+02 3.436541366577148438e+01 7.746931457519531250e+01
4.055630645751954262e+02 1.453360748291017330e+02 3.396735382080078125e+01 7.557826232910156250e+01
4.040027542114258949e+02 1.469945869445802487e+02 3.324550628662109375e+01 7.368459320068359375e+01
4.024605350494385902e+02 1.477185783386232174e+02 3.256381607055664062e+01 7.219838714599609375e+01
4.006842174530030434e+02 1.473761672973634518e+02 3.341645431518554688e+01 7.231466674804687500e+01
3.996948966979981606e+02 1.437542648315431393e+02 3.273062133789062500e+01 7.461190795898437500e+01
3.970741119384766762e+02 1.435564880371095455e+02 3.304151153564453125e+01 7.586297607421875000e+01
3.963873901367188637e+02 1.425571784973146237e+02 3.265644073486328125e+01 7.553073883056640625e+01
3.939767665863038246e+02 1.424012222290040768e+02 3.345602035522460938e+01 7.495753479003906250e+01
3.948144798278809731e+02 1.440034446716310299e+02 3.073971557617187500e+01 7.429911041259765625e+01
3.939194278717042152e+02 1.449527397155763424e+02 2.879588699340820312e+01 7.228408050537109375e+01
3.925251140594483559e+02 1.460778121948243893e+02 2.671563339233398438e+01 7.102243041992187500e+01
3.909318428039551918e+02 1.462480773925782955e+02 2.567567443847656250e+01 7.068840026855468750e+01
3.898942756652833168e+02 1.451822738647462643e+02 2.588563537597656250e+01 7.186595153808593750e+01
3.868322410583497231e+02 1.447325592041017330e+02 2.831517028808593750e+01 7.241357421875000000e+01
3.854244098663331215e+02 1.441571311950685299e+02 2.999834060668945312e+01 7.329422760009765625e+01
3.824414558410645668e+02 1.446930809020997799e+02 3.107661437988281250e+01 7.200330352783203125e+01
3.798795337677003090e+02 1.443464698791505612e+02 3.186790847778320312e+01 7.095066070556640625e+01
3.768925266265870277e+02 1.448175811767579830e+02 3.211398696899414062e+01 7.036933898925781250e+01
3.755218343734742348e+02 1.460483245849611080e+02 3.114612770080566406e+01 6.922845458984375000e+01
3.730668592453004067e+02 1.471502799987794674e+02 2.876104927062988281e+01 6.836598968505859375e+01
3.717315216064454262e+02 1.461614952087404049e+02 2.663799285888671875e+01 6.910549163818359375e+01
3.693170070648194496e+02 1.455992660522462643e+02 2.530570602416992188e+01 6.935052490234375000e+01
3.682728576660157387e+02 1.431436462402345455e+02 2.503763580322265625e+01 7.197996520996093750e+01
3.655834846496583168e+02 1.413717079162599362e+02 2.563043212890625000e+01 7.258956146240234375e+01
3.634364891052247231e+02 1.425180053710939205e+02 2.648858642578125000e+01 7.053720092773437500e+01
3.615033693313599770e+02 1.431213912963868893e+02 2.628362846374511719e+01 6.950468444824218750e+01
3.595009126663209145e+02 1.445026512145997799e+02 2.575800895690917969e+01 6.781858062744140625e+01
3.572495021820069496e+02 1.445072288513185299e+02 2.442925643920898438e+01 6.835239410400390625e+01
3.557698431015015785e+02 1.472764549255372799e+02 2.352823829650878906e+01 6.527556610107421875e+01
3.536168470382691567e+02 1.480653533935548580e+02 2.218080329895019531e+01 6.403315734863281250e+01
3.516911258697510902e+02 1.451051063537599362e+02 2.287132644653320312e+01 6.704711151123046875e+01
3.493592958450318520e+02 1.438395195007325924e+02 2.488453483581542969e+01 6.787924957275390625e+01
3.460286998748780434e+02 1.442037658691407955e+02 2.707381820678710938e+01 6.750378417968750000e+01
3.429855947494507973e+02 1.443896217346193112e+02 2.806984901428222656e+01 6.689510345458984375e+01
3.401506080627442543e+02 1.462093658447267330e+02 2.937026977539062500e+01 6.480342102050781250e+01
3.371694545745850746e+02 1.448097419738771237e+02 3.116616439819335938e+01 6.600841522216796875e+01
3.348707056045533363e+02 1.461275634765626705e+02 3.052394676208496094e+01 6.485081481933593750e+01
3.322987203598023598e+02 1.472034568786622799e+02 2.893973731994628906e+01 6.247757720947265625e+01
3.311331768035889809e+02 1.475567111968995846e+02 2.629404830932617188e+01 6.195193099975585938e+01
3.289439086914063637e+02 1.465115566253663815e+02 2.512979888916015625e+01 6.230943679809570312e+01
3.243720550537110512e+02 1.444229240417482174e+02 2.651821136474609375e+01 6.437265777587890625e+01
3.232163448333741371e+02 1.458593616485597408e+02 2.658936691284179688e+01 6.334421920776367188e+01
3.195180854797364418e+02 1.437470016479493893e+02 2.752877807617187500e+01 6.462040710449218750e+01
3.174835214614869301e+02 1.451266193389894283e+02 2.716115379333496094e+01 6.277195358276367188e+01
3.147402172088624184e+02 1.462400970458986080e+02 2.545893478393554688e+01 6.206059265136718750e+01
3.117778024673463051e+02 1.476723175048829830e+02 2.667023277282714844e+01 6.031892395019531250e+01
3.074186429977418129e+02 1.482188072204591549e+02 2.472400093078613281e+01 5.989189910888671875e+01
3.041059427261353676e+02 1.470300579071046627e+02 2.606285667419433594e+01 6.032881546020507812e+01
3.015213804244996254e+02 1.462552394866945065e+02 2.578106880187988281e+01 6.023207473754882812e+01
3.001556615829468910e+02 1.453261222839357174e+02 2.701107215881347656e+01 6.197977447509765625e+01
2.978939790725709145e+02 1.436586055755616940e+02 2.757426261901855469e+01 6.265057754516601562e+01
2.937195272445679848e+02 1.421079978942872799e+02 2.897023963928222656e+01 6.381633758544921875e+01
2.908166790008546059e+02 1.435422496795656002e+02 3.019691085815429688e+01 6.202690505981445312e+01
2.885528993606568520e+02 1.423855056762697018e+02 3.082980155944824219e+01 6.381629943847656250e+01
2.864113645553590004e+02 1.450553646087648190e+02 2.843826484680175781e+01 6.172011184692382812e+01
2.842921648025513832e+02 1.455251293182374752e+02 2.233120536804199219e+01 6.136087417602539062e+01
2.828869609832764809e+02 1.465630970001222408e+02 2.303402328491210938e+01 6.011669540405273438e+01
2.788879241943360512e+02 1.448329238891603268e+02 2.203263092041015625e+01 6.202259826660156250e+01
2.762209463119507973e+02 1.451746082305909908e+02 2.270510292053222656e+01 6.080422592163085938e+01
2.723934192657471840e+02 1.432745418548585690e+02 2.385762405395507812e+01 6.169664382934570312e+01
2.705298042297364418e+02 1.448294868469239987e+02 2.478996276855468750e+01 6.109719085693359375e+01
2.666717996597291176e+02 1.440762920379640377e+02 2.629204368591308594e+01 6.045941543579101562e+01
2.637783536911011879e+02 1.459066219329835690e+02 2.452336311340332031e+01 5.974901199340820312e+01
2.618889589309693520e+02 1.469787292480470455e+02 2.254531669616699219e+01 5.806616210937500000e+01
2.582636718750001137e+02 1.449895648956300533e+02 2.188698577880859375e+01 6.043740463256835938e+01
2.559417953491212074e+02 1.469035167694093502e+02 2.018395233154296875e+01 5.864601516723632812e+01
2.524109048843384926e+02 1.454220542907716549e+02 2.123502159118652344e+01 5.978067779541015625e+01
2.475983161926270668e+02 1.442359638214113033e+02 2.421752929687500000e+01 6.020615768432617188e+01
2.440592708587647621e+02 1.437730312347413815e+02 2.771928024291992188e+01 6.000395584106445312e+01
2.401795406341553871e+02 1.423422412872316158e+02 2.947187423706054688e+01 6.118465805053710938e+01
2.372991485595704262e+02 1.415837898254396237e+02 3.059003448486328125e+01 6.248802947998046875e+01
2.350912761688233559e+02 1.441156616210939205e+02 2.989663314819335938e+01 6.058932495117187500e+01
2.325208082199097817e+02 1.430247821807863033e+02 2.781410408020019531e+01 6.136884689331054688e+01
2.299375200271607582e+02 1.425219745635988033e+02 2.574378776550292969e+01 6.251182174682617188e+01
2.277975511550904457e+02 1.444231986999513424e+02 2.307508659362792969e+01 6.000926971435546875e+01
2.243515644073487465e+02 1.450772399902345455e+02 2.184404373168945312e+01 5.895698547363281250e+01
2.219710817337037270e+02 1.426820373535157955e+02 2.173397636413574219e+01 6.111730957031250000e+01
2.199203948974610512e+02 1.442132854461671627e+02 2.314885711669921875e+01 5.857258987426757812e+01
2.159139947891236488e+02 1.431734523773195065e+02 2.447556114196777344e+01 5.955429458618164062e+01
2.120313358306885902e+02 1.451631088256837643e+02 2.446103286743164062e+01 5.760087585449218750e+01
2.088751182556153481e+02 1.445256061553956783e+02 2.657038879394531250e+01 5.781644821166992188e+01
2.060319375991822426e+02 1.459001064300538815e+02 2.571777915954589844e+01 5.716594314575195312e+01
2.036673507690430824e+02 1.466469917297364987e+02 2.234415435791015625e+01 5.648909759521484375e+01
2.007912368774415199e+02 1.471641235351564205e+02 2.108832550048828125e+01 5.519409179687500000e+01
1.979480552673340981e+02 1.470500545501710690e+02 2.030509948730468750e+01 5.624206924438476562e+01
1.944960269927979652e+02 1.443124237060548580e+02 2.083264541625976562e+01 5.891085815429687500e+01
1.914459276199341957e+02 1.451303615570070065e+02 2.304586601257324219e+01 5.722708511352539062e+01
1.877966632843018715e+02 1.450655918121339596e+02 2.543613052368164062e+01 5.691170883178710938e+01
1.828345928192139809e+02 1.437700290679933346e+02 2.876737594604492188e+01 5.897245407104492188e+01
1.785236463546754067e+02 1.435177154541017330e+02 3.066345405578613281e+01 5.966366577148437500e+01
1.683474369049073402e+02 1.445408153533937252e+02 4.433240127563476562e+01 5.751079177856445312e+01
7.289622116088877135e+01 1.366029357910157955e+02 3.963153839111328125e+01 1.112613067626953125e+02
7.299921417236338073e+01 1.373926429748536862e+02 4.105851745605468750e+01 1.117227859497070312e+02
7.432272529602060729e+01 1.386290855407716549e+02 3.997268295288085938e+01 1.096792221069335938e+02
7.391845703125009948e+01 1.385926971435548580e+02 4.088372802734375000e+01 1.109016571044921875e+02
7.438891983032236510e+01 1.336327705383302487e+02 4.004210662841796875e+01 1.157193679809570312e+02
7.478851509094251071e+01 1.341803016662599646e+02 3.846834945678710938e+01 1.148026809692382812e+02
7.501062393188489352e+01 1.335891456604005896e+02 3.812511444091796875e+01 1.169823989868164062e+02
7.614725112915051852e+01 1.347194633483888708e+02 3.866381072998046875e+01 1.163568038940429688e+02
7.804640579223645602e+01 1.356451110839845740e+02 3.815657806396484375e+01 1.159512176513671875e+02
7.685688400268567477e+01 1.369857368469240271e+02 3.983054351806640625e+01 1.161148757934570312e+02
8.045425224304214851e+01 1.350186424255373367e+02 3.775839614868164062e+01 1.177373275756835938e+02
8.193109321594253913e+01 1.313784980773928055e+02 3.894674301147460938e+01 1.211400222778320312e+02
8.237898254394546882e+01 1.257324066162111649e+02 3.894461059570312500e+01 1.267622833251953125e+02
8.370651626586929694e+01 1.161394958496096024e+02 4.084337615966796875e+01 1.356643524169921875e+02
8.757602310180679694e+01 1.028506317138674149e+02 3.701457977294921875e+01 1.464532012939453125e+02
8.827062988281268474e+01 1.095868759155275995e+02 3.942922973632812500e+01 1.341062316894531250e+02
8.923826026916522380e+01 1.043352279663088495e+02 4.099088668823240766e+01 1.376043395996093750e+02
9.162496566772475148e+01 1.099849472045900711e+02 3.761750030517578125e+01 1.316413269042968750e+02
9.190296936035170461e+01 1.147229537963869461e+02 3.837469482421875000e+01 1.278302917480468750e+02
9.057954597473161584e+01 1.187517127990725214e+02 4.029836654663085938e+01 1.275105361938476562e+02
9.520330810546892053e+01 1.213879699707033808e+02 3.888458251953125000e+01 1.275663909912109375e+02
9.386233139038105833e+01 1.160078811645510655e+02 4.253818511962890625e+01 1.362580871582031250e+02
9.121468734741230833e+01 1.210117568969729405e+02 4.793177032470703125e+01 1.332524414062500000e+02
9.175745773315449583e+01 1.323538284301760655e+02 4.909970855712890625e+01 1.213261718750000000e+02
9.336299896240254270e+01 1.359846458435061436e+02 4.526683044433593750e+01 1.174933090209960938e+02
9.577379035949724084e+01 1.349537620544436152e+02 4.401980209350585938e+01 1.192792892456054688e+02
1.015215873718263424e+02 1.331010818481447870e+02 3.921643829345703125e+01 1.210177612304687500e+02
1.009466819763185299e+02 1.326081619262697870e+02 3.902185821533203125e+01 1.211227416992187500e+02
1.025338554382325924e+02 1.322990493774416620e+02 3.861200714111328125e+01 1.209671630859375000e+02
1.034910755157472408e+02 1.325816154479983027e+02 3.911666488647460938e+01 1.202908248901367188e+02
1.032917823791505612e+02 1.340665321350100214e+02 4.045970916748046875e+01 1.194929580688476562e+02
1.031012439727784908e+02 1.327759246826174433e+02 4.138152694702148438e+01 1.205809478759765625e+02
1.046212005615236080e+02 1.334739685058596308e+02 4.195538330078125000e+01 1.203178558349609375e+02
1.051281814575197018e+02 1.329941520690920527e+02 4.134617614746093750e+01 1.205115585327148438e+02
1.034871768951418005e+02 1.342320518493655186e+02 4.276288986206054688e+01 1.182134933471679688e+02
9.899422073364277708e+01 1.355733413696291905e+02 5.034423065185546875e+01 1.172802429199218750e+02
9.532612991333027708e+01 1.362680854797366123e+02 5.270043182373046875e+01 1.168169021606445312e+02
1.004390792846681677e+02 1.360617446899416905e+02 4.767433166503906250e+01 1.164656677246093750e+02
9.763852119445820676e+01 1.317691459655764561e+02 5.180730819702148438e+01 1.221865158081054688e+02
9.534077644348164426e+01 1.317686729431155186e+02 5.260403060913085938e+01 1.224685592651367188e+02
