2.760000000000000000e+02 1.370000000000000000e+02 2.300000000000000000e+01 6.900000000000000000e+01
2.757690486907958984e+02 1.348512992858886719e+02 2.179938125610351562e+01 7.292627716064453125e+01
2.754302845001220703e+02 1.347736625671386719e+02 2.244532394409179688e+01 7.383496856689453125e+01
2.758270502090454102e+02 1.335867309570312500e+02 2.189919853210449219e+01 7.405143737792968750e+01
2.766443033218383789e+02 1.332107658386230469e+02 2.125222587585449219e+01 7.436386871337890625e+01
2.766021890640258789e+02 1.337749481201171875e+02 2.140998649597167969e+01 7.357971191406250000e+01
2.766442193984985352e+02 1.349703445434570312e+02 2.193501091003417969e+01 7.261045837402343750e+01
2.761346931457519531e+02 1.357887229919433594e+02 2.258138275146484375e+01 7.185581207275390625e+01
2.771058235168457031e+02 1.356125755310058594e+02 2.307021331787109375e+01 7.083008575439453125e+01
2.774065599441528320e+02 1.349264183044433594e+02 2.248680686950683594e+01 7.146617889404296875e+01
2.781752605438232422e+02 1.352730636596679688e+02 2.216188430786132812e+01 7.204306030273437500e+01
2.788853654861450195e+02 1.344636154174804688e+02 2.194939231872558594e+01 7.275509643554687500e+01
2.789890727996826172e+02 1.335783233642578125e+02 2.197854995727539062e+01 7.292846679687500000e+01
2.800627946853637695e+02 1.328437385559082031e+02 2.210956382751464844e+01 7.305728912353515625e+01
2.798269329071044922e+02 1.331097717285156250e+02 2.185501480102539062e+01 7.304067993164062500e+01
2.806090774536132812e+02 1.338189430236816406e+02 2.192242431640625000e+01 7.208031463623046875e+01
2.817765569686889648e+02 1.354320716857910156e+02 2.158429145812988281e+01 7.090050506591796875e+01
2.818808774948120117e+02 1.354960632324218750e+02 2.133422279357910156e+01 7.049259948730468750e+01
2.829643650054931641e+02 1.357247352600097656e+02 2.066964340209960938e+01 6.991548919677734375e+01
2.837794723510742188e+02 1.358365631103515625e+02 2.056510925292968750e+01 7.005638122558593750e+01
2.836165990829467773e+02 1.347449073791503906e+02 2.124275398254394531e+01 7.067096710205078125e+01
2.840439424514770508e+02 1.345594215393066406e+02 2.176618003845214844e+01 7.110211944580078125e+01
2.848610210418701172e+02 1.337741394042968750e+02 2.124876785278320312e+01 7.107006835937500000e+01
2.845075445175170898e+02 1.338461914062500000e+02 2.137808418273925781e+01 7.070046997070312500e+01
2.845267705917358398e+02 1.343592071533203125e+02 2.171084785461425781e+01 6.988351440429687500e+01
2.845646009445190430e+02 1.350855216979980469e+02 2.222036170959472656e+01 6.948038482666015625e+01
2.853595771789550781e+02 1.368378334045410156e+02 2.205738067626953125e+01 6.759021759033203125e+01
2.856607770919799805e+02 1.364971542358398438e+02 2.245353126525878906e+01 6.705831909179687500e+01
2.863372755050659180e+02 1.361798362731933594e+02 2.211837196350097656e+01 6.756824493408203125e+01
2.862003765106201172e+02 1.365424575805664062e+02 2.243359756469726562e+01 6.744979858398437500e+01
2.855921087265014648e+02 1.355493316650390625e+02 2.209506416320800781e+01 6.767582702636718750e+01
2.849816246032714844e+02 1.356172523498535156e+02 2.262268829345703125e+01 6.820690155029296875e+01
2.849848356246948242e+02 1.353822937011718750e+02 2.225687599182128906e+01 6.829380798339843750e+01
2.846692485809326172e+02 1.352194862365722656e+02 2.212277603149414062e+01 6.833094024658203125e+01
2.858548326492309570e+02 1.359386062622070312e+02 2.141652488708496094e+01 6.737672424316406250e+01
2.836315479278564453e+02 1.367071380615234375e+02 2.191382980346679688e+01 6.618385314941406250e+01
2.846824731826782227e+02 1.380606346130371094e+02 2.179606437683105469e+01 6.558740997314453125e+01
2.836455297470092773e+02 1.378968849182128906e+02 2.167474555969238281e+01 6.509320831298828125e+01
2.839796457290649414e+02 1.385307350158691406e+02 2.234635734558105469e+01 6.480144500732421875e+01
2.804361629486083984e+02 1.376851196289062500e+02 2.434076309204101562e+01 6.562080383300781250e+01
2.795473499298095703e+02 1.376349411010742188e+02 2.548243331909179688e+01 6.560873413085937500e+01
2.779047708511352539e+02 1.362713508605957031e+02 2.667904472351074219e+01 6.594846343994140625e+01
2.767567710876464844e+02 1.366113815307617188e+02 2.805362701416015625e+01 6.630235290527343750e+01
2.746650419235229492e+02 1.360514450073242188e+02 2.930312538146972656e+01 6.646015930175781250e+01
2.736152925491333008e+02 1.366944732666015625e+02 2.987386131286621094e+01 6.555384826660156250e+01
2.706425266265869141e+02 1.381540107727050781e+02 3.075878524780273438e+01 6.401082611083984375e+01
2.706148433685302734e+02 1.384344768524169922e+02 2.989874649047851562e+01 6.308835220336914062e+01
2.692090101242065430e+02 1.380689945220947266e+02 2.744256019592285156e+01 6.365693283081054688e+01
2.686921167373657227e+02 1.374997825622558594e+02 2.615597343444824219e+01 6.462012481689453125e+01
2.655006504058837891e+02 1.374840831756591797e+02 2.542309188842773438e+01 6.370601272583007812e+01
2.635235996246337891e+02 1.371103076934814453e+02 2.665559005737304688e+01 6.382929611206054688e+01
2.621654596328735352e+02 1.365544128417968750e+02 2.721943473815917969e+01 6.363499450683593750e+01
2.613765563964843750e+02 1.363773574829101562e+02 2.633090209960937500e+01 6.485363769531250000e+01
2.591367492675781250e+02 1.372444763183593750e+02 2.804412841796875000e+01 6.406716918945312500e+01
2.570014801025390625e+02 1.378383407592773438e+02 2.842936706542968750e+01 6.335700988769531250e+01
2.548626165390014648e+02 1.368813438415527344e+02 2.714996528625488281e+01 6.430716705322265625e+01
2.526305160522460938e+02 1.373089942932128906e+02 2.618048095703125000e+01 6.305007171630859375e+01
2.501541061401367188e+02 1.369270782470703125e+02 2.531387329101562500e+01 6.374847412109375000e+01
2.492192840576171875e+02 1.375140724182128906e+02 2.410795593261718750e+01 6.300147247314453125e+01
2.462495241165161133e+02 1.335480461120605469e+02 2.530473899841308594e+01 6.658023834228515625e+01
2.441721572875976562e+02 1.323239097595214844e+02 2.687300109863281250e+01 6.807286834716796875e+01
2.417519073486328125e+02 1.345284080505371094e+02 2.801083374023437500e+01 6.609464263916015625e+01
2.378611259460449219e+02 1.291159172058105469e+02 3.113130950927734375e+01 7.093204498291015625e+01
2.357416934967041016e+02 1.299988136291503906e+02 3.209226608276367188e+01 7.100159454345703125e+01
2.357576589584350586e+02 1.346544151306152344e+02 2.912448310852050781e+01 6.604988861083984375e+01
2.340139570236206055e+02 1.334091720581054688e+02 2.597904396057128906e+01 6.680740356445312500e+01
2.312053413391113281e+02 1.330187606811523438e+02 2.335430145263671875e+01 6.717436218261718750e+01
2.319632129669189453e+02 1.346006469726562500e+02 1.924177169799804688e+01 6.558219909667968750e+01
2.278267030715942383e+02 1.357579994201660156e+02 2.177417564392089844e+01 6.487172698974609375e+01
2.255697698593139648e+02 1.357109508514404297e+02 2.306775093078613281e+01 6.397301101684570312e+01
2.216864719390869141e+02 1.330858612060546875e+02 2.691881942749023438e+01 6.687390136718750000e+01
2.188446283340454102e+02 1.328204307556152344e+02 2.902204704284667969e+01 6.693100738525390625e+01
2.177585849761962891e+02 1.353450126647949219e+02 2.817583847045898438e+01 6.424387359619140625e+01
2.172589397430419922e+02 1.357052879333496094e+02 2.605403518676757812e+01 6.451624298095703125e+01
2.160269451141357422e+02 1.379844341278076172e+02 2.280197525024414062e+01 6.216212844848632812e+01
2.151788749694824219e+02 1.373512916564941406e+02 2.052645111083984375e+01 6.073532867431640625e+01
2.123294115066528320e+02 1.375492210388183594e+02 2.050223350524902344e+01 6.187870025634765625e+01
2.093842363357543945e+02 1.370949630737304688e+02 2.167044639587402344e+01 6.189532470703125000e+01
2.082216787338256836e+02 1.363352775573730469e+02 2.150341987609863281e+01 6.314731597900390625e+01
2.057437944412231445e+02 1.363485736846923828e+02 2.311525535583496094e+01 6.381394577026367188e+01
2.022888975143432617e+02 1.354224929809570312e+02 2.503722572326660156e+01 6.428561401367187500e+01
2.014872150421142578e+02 1.366631469726562500e+02 2.508707809448242188e+01 6.329707336425781250e+01
2.005232143402099609e+02 1.375102806091308594e+02 2.312460708618164062e+01 6.252808380126953125e+01
1.995911178588867188e+02 1.377110900878906250e+02 2.094328308105468750e+01 6.230375671386718750e+01
1.981444139480590820e+02 1.381505470275878906e+02 1.979820823669433594e+01 6.237436676025390625e+01
1.966632518768310547e+02 1.379004859924316406e+02 1.997195816040039062e+01 6.265857696533203125e+01
1.954908361434936523e+02 1.370147991180419922e+02 2.022218513488769531e+01 6.240468215942382812e+01
1.928208560943603516e+02 1.367722377777099609e+02 2.078539657592773438e+01 6.334819412231445312e+01
1.908313531875610352e+02 1.364168872833251953e+02 2.237388420104980469e+01 6.392867660522460938e+01
1.872544260025024414e+02 1.357519721984863281e+02 2.434492301940917969e+01 6.457678985595703125e+01
1.854668645858764648e+02 1.345570373535156250e+02 2.533622932434082031e+01 6.522206115722656250e+01
1.849429016113281250e+02 1.363508052825927734e+02 2.481419372558593750e+01 6.377690505981445312e+01
1.835858669281005859e+02 1.366996669769287109e+02 2.446588516235351562e+01 6.315472793579101562e+01
1.842748727798461914e+02 1.379524765014648438e+02 2.305525016784667969e+01 6.205004882812500000e+01
1.828010177612304688e+02 1.379272270202636719e+02 2.254908752441406250e+01 6.199965667724609375e+01
1.820411033630371094e+02 1.386533641815185547e+02 2.224851226806640625e+01 6.231262588500976562e+01
1.822367877960205078e+02 1.376816101074218750e+02 2.163088607788085938e+01 6.328900146484375000e+01
1.812714128494262695e+02 1.368757610321044922e+02 2.184047508239746094e+01 6.374240493774414062e+01
1.815265703201293945e+02 1.363553581237792969e+02 2.178149986267089844e+01 6.458289337158203125e+01
1.818200817108154297e+02 1.356719131469726562e+02 2.219005203247070312e+01 6.468325805664062500e+01
1.808314981460571289e+02 1.357508468627929688e+02 2.178642082214355469e+01 6.539944458007812500e+01
1.815566873550415039e+02 1.362066917419433594e+02 2.118507194519042969e+01 6.534868621826171875e+01
1.802968645095825195e+02 1.370983276367187500e+02 2.163377952575683594e+01 6.515289306640625000e+01
1.810076236724853516e+02 1.367970581054687500e+02 2.162681198120117188e+01 6.428366088867187500e+01
1.807005128860473633e+02 1.376775169372558594e+02 2.229141807556152344e+01 6.454331207275390625e+01
1.797502279281616211e+02 1.363559608459472656e+02 2.397963142395019531e+01 6.538559722900390625e+01
1.803140420913696289e+02 1.364312705993652344e+02 2.329728507995605469e+01 6.542884063720703125e+01
1.813902091979980469e+02 1.358111724853515625e+02 2.402387237548828125e+01 6.607040405273437500e+01
1.820526847839355469e+02 1.350198249816894531e+02 2.403517913818359375e+01 6.665636444091796875e+01
1.813031358718872070e+02 1.345705718994140625e+02 2.284808921813964844e+01 6.748637390136718750e+01
1.831495494842529297e+02 1.348260040283203125e+02 2.305788040161132812e+01 6.697377014160156250e+01
1.825962457656860352e+02 1.358285293579101562e+02 2.392086601257324219e+01 6.665592956542968750e+01
1.820145044326782227e+02 1.366446380615234375e+02 2.485055351257324219e+01 6.609370422363281250e+01
1.821131038665771484e+02 1.370208129882812500e+02 2.620245742797851562e+01 6.631915283203125000e+01
1.831174573898315430e+02 1.364198837280273438e+02 2.691767311096191406e+01 6.602742004394531250e+01
1.858404998779296875e+02 1.371864051818847656e+02 2.606466674804687500e+01 6.525601959228515625e+01
1.881818723678588867e+02 1.366318702697753906e+02 2.500800514221191406e+01 6.637479400634765625e+01
1.888246974945068359e+02 1.351125221252441406e+02 2.510527420043945312e+01 6.823107147216796875e+01
1.891419639587402344e+02 1.342988815307617188e+02 2.519527435302734375e+01 6.868814086914062500e+01
1.899778747558593750e+02 1.349625778198242188e+02 2.546755981445312500e+01 6.829129028320312500e+01
1.899799594879150391e+02 1.338839035034179688e+02 2.819538497924804688e+01 6.906056213378906250e+01
1.902229928970336914e+02 1.350281791687011719e+02 3.019274711608886719e+01 6.859709930419921875e+01
1.935659418106079102e+02 1.360755958557128906e+02 2.803928947448730469e+01 6.821268463134765625e+01
1.946893682479858398e+02 1.358024864196777344e+02 2.789299201965332031e+01 6.787154388427734375e+01
1.967671394348144531e+02 1.365988578796386719e+02 2.703615570068359375e+01 6.722689056396484375e+01
1.998337078094482422e+02 1.368932037353515625e+02 2.689026260375976562e+01 6.739796447753906250e+01
2.007568025588989258e+02 1.369553031921386719e+02 2.352982139587402344e+01 6.712146759033203125e+01
2.028345594406127930e+02 1.353030204772949219e+02 2.407535743713378906e+01 6.893149566650390625e+01
2.042232227325439453e+02 1.340985870361328125e+02 2.441257858276367188e+01 7.010812377929687500e+01
2.056324329376220703e+02 1.336273880004882812e+02 2.728513717651367188e+01 7.010803222656250000e+01
2.074849405288696289e+02 1.344067344665527344e+02 2.834211540222167969e+01 6.957561492919921875e+01
2.088158969879150391e+02 1.340955276489257812e+02 2.791903305053710938e+01 7.021086120605468750e+01
2.113616065979003906e+02 1.356422615051269531e+02 2.554120635986328125e+01 6.932003021240234375e+01
2.136532554626464844e+02 1.357537574768066406e+02 2.426947784423828125e+01 6.896671295166015625e+01
2.170212087631225586e+02 1.365280799865722656e+02 2.185302925109863281e+01 6.808542633056640625e+01
2.196887340545654297e+02 1.361841583251953125e+02 2.100639724731445312e+01 6.930906677246093750e+01
2.201496210098266602e+02 1.351353378295898438e+02 2.207800102233886719e+01 7.013081359863281250e+01
2.212458934783935547e+02 1.334958190917968750e+02 2.236957168579101562e+01 7.121246337890625000e+01
2.227998142242431641e+02 1.332908630371093750e+02 2.378683090209960938e+01 7.162309265136718750e+01
2.228024768829345703e+02 1.323682708740234375e+02 2.728519821166992188e+01 7.214549255371093750e+01
2.245420083999633789e+02 1.338669357299804688e+02 2.802981376647949219e+01 7.116729736328125000e+01
2.263087024688720703e+02 1.333879852294921875e+02 2.653736495971679688e+01 7.235937500000000000e+01
2.278313179016113281e+02 1.331117782592773438e+02 2.773702239990234375e+01 7.220812988281250000e+01
2.317030124664306641e+02 1.358306083679199219e+02 2.657192611694335938e+01 7.022022247314453125e+01
2.355769996643066406e+02 1.351129608154296875e+02 2.396952056884765625e+01 7.053674316406250000e+01
2.379565515518188477e+02 1.349564552307128906e+02 2.366689872741699219e+01 7.102277374267578125e+01
2.421672019958496094e+02 1.345671958923339844e+02 2.287273406982421875e+01 7.085666656494140625e+01
2.427723493576049805e+02 1.336342887878417969e+02 2.306290626525878906e+01 7.226222991943359375e+01
2.441422996520996094e+02 1.334197654724121094e+02 2.434558868408203125e+01 7.240428924560546875e+01
2.456470146179199219e+02 1.323296127319335938e+02 2.572310638427734375e+01 7.287417602539062500e+01
2.456265268325805664e+02 1.335450820922851562e+02 2.799606132507324219e+01 7.247821044921875000e+01
2.484308929443359375e+02 1.336732101440429688e+02 2.646362304687500000e+01 7.288487243652343750e+01
2.515375461578369141e+02 1.348747482299804688e+02 2.507943344116210938e+01 7.164471435546875000e+01
2.564930801391601562e+02 1.349522018432617188e+02 2.290005493164062500e+01 7.081900024414062500e+01
2.590047922134399414e+02 1.354268379211425781e+02 2.114803886413574219e+01 7.103093719482421875e+01
2.610249423980712891e+02 1.344573211669921875e+02 2.375472640991210938e+01 7.117793273925781250e+01
2.627475690841674805e+02 1.333665924072265625e+02 2.253214454650878906e+01 7.298725891113281250e+01
2.633898792266845703e+02 1.330171356201171875e+02 2.451110458374023438e+01 7.358030700683593750e+01
2.646786441802978516e+02 1.318524055480957031e+02 2.712009811401367188e+01 7.502420806884765625e+01
2.654668569564819336e+02 1.321122207641601562e+02 2.936036872863769531e+01 7.431721496582031250e+01
2.680776681900024414e+02 1.333627624511718750e+02 2.781274223327636719e+01 7.339738464355468750e+01
2.694225168228149414e+02 1.337957229614257812e+02 2.768502616882324219e+01 7.283116149902343750e+01
2.726710414886474609e+02 1.337851753234863281e+02 2.721382522583007812e+01 7.292977142333984375e+01
2.780892753601074219e+02 1.346236763000488281e+02 2.178092193603515625e+01 7.200189971923828125e+01
2.815061483383178711e+02 1.353763694763183594e+02 2.111818122863769531e+01 7.120919036865234375e+01
2.832740287780761719e+02 1.346431961059570312e+02 2.153017425537109375e+01 7.199539184570312500e+01
2.841378211975097656e+02 1.344651794433593750e+02 2.270059967041015625e+01 7.249250793457031250e+01
2.858424148559570312e+02 1.340943946838378906e+02 2.490490722656250000e+01 7.297411346435546875e+01
2.871339054107666016e+02 1.328611259460449219e+02 2.751409530639648438e+01 7.325118255615234375e+01
2.889561891555786133e+02 1.335429573059082031e+02 2.822699546813964844e+01 7.292584991455078125e+01
2.903429460525512695e+02 1.337537307739257812e+02 2.870479393005371094e+01 7.280004882812500000e+01
2.940811948776245117e+02 1.348894195556640625e+02 2.806684303283691406e+01 7.206544494628906250e+01
2.972159461975097656e+02 1.360408477783203125e+02 2.868747711181640625e+01 7.178532409667968750e+01
3.013441305160522461e+02 1.359410591125488281e+02 2.542544746398925781e+01 7.188217926025390625e+01
3.039749498367309570e+02 1.349935989379882812e+02 2.405313682556152344e+01 7.246998596191406250e+01
3.045087604522705078e+02 1.345466117858886719e+02 2.358311080932617188e+01 7.261315155029296875e+01
3.064207820892333984e+02 1.342824401855468750e+02 2.410454177856445312e+01 7.406182861328125000e+01
3.081620607376098633e+02 1.335977096557617188e+02 2.625327110290527344e+01 7.428233337402343750e+01
3.092696266174316406e+02 1.332336235046386719e+02 2.700165557861328125e+01 7.486136627197265625e+01
3.108395071029663086e+02 1.335434532165527344e+02 2.803416633605957031e+01 7.483940887451171875e+01
3.124627828598022461e+02 1.341619796752929688e+02 2.727975654602050781e+01 7.386877441406250000e+01
3.137854995727539062e+02 1.347404823303222656e+02 2.738493347167968750e+01 7.284058380126953125e+01
3.173669939041137695e+02 1.362573699951171875e+02 2.645122337341308594e+01 7.177452087402343750e+01
3.178380289077758789e+02 1.359947471618652344e+02 2.733788871765136719e+01 7.260657501220703125e+01
3.206819829940795898e+02 1.347923164367675781e+02 2.649815559387207031e+01 7.358287811279296875e+01
3.231020212173461914e+02 1.344713325500488281e+02 2.557705497741699219e+01 7.409299468994140625e+01
3.227374467849731445e+02 1.335953407287597656e+02 2.620593833923339844e+01 7.469039154052734375e+01
3.245767745971679688e+02 1.331977195739746094e+02 2.571063232421875000e+01 7.588397979736328125e+01
3.258452224731445312e+02 1.332688560485839844e+02 2.584951782226562500e+01 7.575031280517578125e+01
3.258339996337890625e+02 1.346468467712402344e+02 2.690795898437500000e+01 7.590769195556640625e+01
3.265665893554687500e+02 1.350159721374511719e+02 2.780783081054687500e+01 7.484928131103515625e+01
3.271606788635253906e+02 1.355303382873535156e+02 2.805896759033203125e+01 7.486777496337890625e+01
3.292278881072998047e+02 1.353804740905761719e+02 2.765304946899414062e+01 7.498752593994140625e+01
3.314176225662231445e+02 1.348762283325195312e+02 2.647977256774902344e+01 7.575453186035156250e+01
3.317237462997436523e+02 1.339299964904785156e+02 2.762216377258300781e+01 7.651052093505859375e+01
3.337930765151977539e+02 1.337323303222656250e+02 2.727871513366699219e+01 7.731309509277343750e+01
3.350380897521972656e+02 1.333138084411621094e+02 2.836476898193359375e+01 7.833046722412109375e+01
3.363293571472167969e+02 1.336685104370117188e+02 2.772676849365234375e+01 7.818446350097656250e+01
3.376245841979980469e+02 1.339824752807617188e+02 2.699523162841796875e+01 7.859234619140625000e+01
3.368629474639892578e+02 1.346130409240722656e+02 2.843749618530273438e+01 7.770748138427734375e+01
3.397004718780517578e+02 1.359229965209960938e+02 2.739081954956054688e+01 7.710424804687500000e+01
3.409883251190185547e+02 1.358299255371093750e+02 2.702592849731445312e+01 7.726863098144531250e+01
3.415822210311889648e+02 1.347863883972167969e+02 2.634884834289550781e+01 7.799671173095703125e+01
3.405654697418212891e+02 1.339949340820312500e+02 2.738001632690429688e+01 7.898736572265625000e+01
3.382549409866333008e+02 1.324796829223632812e+02 2.839369773864746094e+01 8.064660644531250000e+01
3.404190130233764648e+02 1.317254104614257812e+02 2.710115242004394531e+01 8.117582702636718750e+01
3.405935506820678711e+02 1.321165657043457031e+02 2.721376228332519531e+01 8.147374725341796875e+01
3.415726833343505859e+02 1.326918601989746094e+02 2.641786575317382812e+01 8.184748077392578125e+01
3.397751302719116211e+02 1.341649894714355469e+02 2.834939765930175781e+01 8.082192230224609375e+01
3.357776393890380859e+02 1.345418472290039062e+02 3.294968032836914062e+01 7.991854858398437500e+01
3.374074430465698242e+02 1.350444908142089844e+02 3.168708229064941406e+01 7.986495208740234375e+01
3.348445987701416016e+02 1.349697341918945312e+02 3.377010726928710938e+01 8.034750366210937500e+01
3.344009780883789062e+02 1.323577957153320312e+02 3.282885742187500000e+01 8.237908935546875000e+01
3.338271684646606445e+02 1.329972724914550781e+02 3.135529136657714844e+01 8.239356231689453125e+01
3.311867351531982422e+02 1.319314727783203125e+02 3.212521743774414062e+01 8.350369262695312500e+01
3.326886682510375977e+02 1.324002265930175781e+02 2.955702018737792969e+01 8.408086395263671875e+01
3.313073606491088867e+02 1.330487442016601562e+02 3.099398231506347656e+01 8.457794189453125000e+01
3.328741550445556641e+02 1.335620803833007812e+02 2.763851547241210938e+01 8.312472534179687500e+01
3.299993362426757812e+02 1.332680206298828125e+02 2.937463378906250000e+01 8.385400390625000000e+01
3.308630886077880859e+02 1.336167411804199219e+02 2.757675552368164062e+01 8.298206329345703125e+01
3.277025794982910156e+02 1.330692901611328125e+02 2.877251434326171875e+01 8.462884521484375000e+01
3.263533029556274414e+02 1.324156723022460938e+02 2.841834831237792969e+01 8.450457763671875000e+01
3.248331584930419922e+02 1.310435066223144531e+02 2.950116348266601562e+01 8.536685943603515625e+01
3.227971115112304688e+02 1.314256591796875000e+02 3.106140136718750000e+01 8.640011596679687500e+01
3.211315746307373047e+02 1.300921325683593750e+02 3.306407546997070312e+01 8.718341064453125000e+01
3.180465984344482422e+02 1.315602416992187500e+02 3.527925491333007812e+01 8.675045776367187500e+01
3.160545120239257812e+02 1.327690811157226562e+02 3.479434204101562500e+01 8.677461242675781250e+01
3.134363880157470703e+02 1.329505348205566406e+02 3.536555099487304688e+01 8.575063323974609375e+01
3.108340148925781250e+02 1.338130989074707031e+02 3.351905822753906250e+01 8.556261444091796875e+01
3.051611251831054688e+02 1.334398498535156250e+02 3.427856445312500000e+01 8.511169433593750000e+01
3.027071857452392578e+02 1.338377799987792969e+02 3.372825241088867188e+01 8.567472076416015625e+01
3.014276323318481445e+02 1.324326477050781250e+02 3.125760459899902344e+01 8.596304321289062500e+01
3.005977897644042969e+02 1.318644218444824219e+02 3.077342987060546875e+01 8.693589019775390625e+01
2.994916439056396484e+02 1.299598617553710938e+02 3.163666152954101562e+01 8.845158386230468750e+01
2.949525794982910156e+02 1.303228721618652344e+02 3.452283477783203125e+01 8.862506866455078125e+01
2.924167060852050781e+02 1.312781677246093750e+02 3.477622222900390625e+01 8.901025390625000000e+01
2.906043262481689453e+02 1.324041366577148438e+02 3.418006515502929688e+01 8.837504577636718750e+01
2.884633064270019531e+02 1.332809715270996094e+02 3.184195709228515625e+01 8.730164337158203125e+01
2.865834016799926758e+02 1.332590942382812500e+02 2.979793357849121094e+01 8.689083862304687500e+01
2.833862619400024414e+02 1.330049972534179688e+02 2.800974845886230469e+01 8.704925537109375000e+01
2.813167295455932617e+02 1.326161880493164062e+02 2.647344398498535156e+01 8.715344238281250000e+01
2.788276185989379883e+02 1.313596191406250000e+02 2.856665611267089844e+01 8.762747192382812500e+01
2.749781894683837891e+02 1.299352378845214844e+02 3.117710494995117188e+01 8.902503204345703125e+01
2.702382202148437500e+02 1.306534652709960938e+02 3.496359252929687500e+01 8.936811828613281250e+01
2.656162948608398438e+02 1.303404159545898438e+02 3.861640930175781250e+01 8.995310974121093750e+01
2.644794254302978516e+02 1.300775413513183594e+02 3.693143844604492188e+01 9.022980499267578125e+01
2.637145404815673828e+02 1.319513969421386719e+02 3.457107162475585938e+01 8.805124664306640625e+01
2.618486499786376953e+02 1.325530014038085938e+02 3.194753646850585938e+01 8.756221008300781250e+01
2.607815294265747070e+02 1.320144653320312500e+02 2.846416282653808594e+01 8.798168945312500000e+01
2.579057703018188477e+02 1.314890403747558594e+02 2.592313957214355469e+01 8.651226043701171875e+01
2.565343198776245117e+02 1.317827949523925781e+02 2.361231422424316406e+01 8.664553070068359375e+01
2.524134330749511719e+02 1.300358161926269531e+02 2.545415496826171875e+01 8.916922760009765625e+01
2.481265249252319336e+02 1.302779197692871094e+02 2.853219795227050781e+01 8.885276031494140625e+01
2.459037570953369141e+02 1.293052902221679688e+02 3.074222946166992188e+01 8.956640625000000000e+01
2.429072093963623047e+02 1.297828636169433594e+02 3.218323135375976562e+01 8.900441741943359375e+01
2.421042938232421875e+02 1.320049057006835938e+02 3.144415283203125000e+01 8.766079711914062500e+01
2.409802770614624023e+02 1.325322418212890625e+02 3.039778327941894531e+01 8.708570861816406250e+01
2.384782695770263672e+02 1.328634986877441406e+02 2.977644729614257812e+01 8.652021026611328125e+01
2.367292337417602539e+02 1.331663932800292969e+02 2.911068534851074219e+01 8.567472076416015625e+01
2.361925783157348633e+02 1.328944396972656250e+02 2.739247703552246094e+01 8.577301025390625000e+01
2.354026947021484375e+02 1.324546813964843750e+02 2.766571044921875000e+01 8.640586853027343750e+01
2.344024953842163086e+02 1.318978767395019531e+02 2.738737678527832031e+01 8.632082366943359375e+01
2.339706277847290039e+02 1.309529418945312500e+02 2.749201774597167969e+01 8.667422485351562500e+01
2.328054437637329102e+02 1.304447822570800781e+02 2.760133171081542969e+01 8.683553314208984375e+01
2.319773569107055664e+02 1.317588500976562500e+02 2.751257133483886719e+01 8.580603027343750000e+01
2.308738298416137695e+02 1.318762321472167969e+02 2.782948875427246094e+01 8.585704803466796875e+01
2.297356481552124023e+02 1.330099716186523438e+02 2.757757759094238281e+01 8.438403320312500000e+01
2.280223951339721680e+02 1.336110229492187500e+02 2.764151954650878906e+01 8.358816528320312500e+01
2.284023580551147461e+02 1.328832588195800781e+02 2.695669746398925781e+01 8.373815155029296875e+01
2.279639625549316406e+02 1.322346000671386719e+02 2.587831878662109375e+01 8.387465667724609375e+01
2.281462020874023438e+02 1.319565849304199219e+02 2.552621459960937500e+01 8.342403411865234375e+01
2.278183212280273438e+02 1.319760017395019531e+02 2.467817687988281250e+01 8.391849517822265625e+01
2.269482593536376953e+02 1.307635955810546875e+02 2.498632431030273438e+01 8.504547119140625000e+01
2.261446104049682617e+02 1.309365692138671875e+02 2.596145057678222656e+01 8.493212890625000000e+01
2.251883573532104492e+02 1.316037063598632812e+02 2.660677528381347656e+01 8.438368225097656250e+01
2.255792684555053711e+02 1.328742179870605469e+02 2.716374397277832031e+01 8.374639129638671875e+01
2.252886533737182617e+02 1.334088211059570312e+02 2.727001380920410156e+01 8.265789794921875000e+01
2.256804609298706055e+02 1.335945053100585938e+02 2.687975502014160156e+01 8.142457580566406250e+01
2.257154378890991211e+02 1.341239318847656250e+02 2.667019844055175781e+01 8.094627380371093750e+01
2.254079713821411133e+02 1.330196952819824219e+02 2.634311485290527344e+01 8.119686126708984375e+01
2.264643878936767578e+02 1.317570381164550781e+02 2.706274032592773438e+01 8.215323638916015625e+01
2.272253036499023438e+02 1.308948860168457031e+02 2.802018737792968750e+01 8.305306243896484375e+01
2.278918790817260742e+02 1.309428062438964844e+02 2.908683204650878906e+01 8.382682037353515625e+01
2.276838521957397461e+02 1.309501609802246094e+02 2.877108955383300781e+01 8.346858978271484375e+01
2.293249177932739258e+02 1.310031547546386719e+02 2.897685813903808594e+01 8.211199188232421875e+01
2.305567712783813477e+02 1.327602424621582031e+02 2.740255546569824219e+01 8.111621856689453125e+01
2.321096200942993164e+02 1.339289970397949219e+02 2.862699699401855469e+01 7.978325653076171875e+01
2.330667285919189453e+02 1.340435867309570312e+02 2.755334091186523438e+01 7.997137451171875000e+01
2.349612579345703125e+02 1.328605346679687500e+02 2.647453308105468750e+01 7.998817443847656250e+01
2.356327524185180664e+02 1.333037338256835938e+02 2.572219657897949219e+01 8.081082153320312500e+01
2.378605451583862305e+02 1.314198532104492188e+02 2.602697181701660156e+01 8.116310119628906250e+01
2.377273340225219727e+02 1.317145690917968750e+02 2.658369255065917969e+01 8.122741699218750000e+01
2.382517337799072266e+02 1.311268310546875000e+02 2.646036911010742188e+01 8.137196350097656250e+01
2.397281618118286133e+02 1.319338417053222656e+02 2.536992454528808594e+01 8.107649993896484375e+01
2.409732294082641602e+02 1.318924636840820312e+02 2.614785575866699219e+01 8.017175292968750000e+01
2.412006578445434570e+02 1.333212509155273438e+02 2.655229759216308594e+01 7.964196777343750000e+01
2.428162918090820312e+02 1.337972412109375000e+02 3.077223205566406250e+01 7.810485839843750000e+01
2.421120500564575195e+02 1.339859466552734375e+02 2.915155601501464844e+01 7.779606628417968750e+01
2.437923383712768555e+02 1.342884140014648438e+02 3.057375526428222656e+01 7.686672973632812500e+01
2.452762823104858398e+02 1.339590415954589844e+02 2.796974372863769531e+01 7.732901763916015625e+01
2.466328964233398438e+02 1.330083274841308594e+02 3.050939941406250000e+01 7.767082977294921875e+01
2.480483684539794922e+02 1.326674613952636719e+02 2.909335708618164062e+01 7.850356292724609375e+01
2.492929983139038086e+02 1.328916320800781250e+02 2.852237129211425781e+01 7.817202758789062500e+01
2.498060283660888672e+02 1.330813484191894531e+02 2.885130691528320312e+01 7.822798919677734375e+01
2.504561090469360352e+02 1.333707466125488281e+02 2.943009757995605469e+01 7.738719940185546875e+01
2.505684738159179688e+02 1.335215225219726562e+02 3.120672607421875000e+01 7.697836303710937500e+01
2.522459001541137695e+02 1.343910369873046875e+02 3.067947959899902344e+01 7.654232788085937500e+01
2.543148813247680664e+02 1.352122077941894531e+02 2.970788383483886719e+01 7.547884368896484375e+01
2.574127521514892578e+02 1.360952110290527344e+02 2.739541244506835938e+01 7.494495391845703125e+01
2.599881830215454102e+02 1.352807502746582031e+02 2.625898551940917969e+01 7.551467132568359375e+01
2.629737205505371094e+02 1.346279067993164062e+02 2.554290008544921875e+01 7.537141418457031250e+01
2.649787273406982422e+02 1.351811943054199219e+02 2.512968826293945312e+01 7.543621063232421875e+01
2.661197156906127930e+02 1.349185752868652344e+02 2.600974464416503906e+01 7.476088714599609375e+01
2.665012769699096680e+02 1.344788017272949219e+02 3.002173805236816406e+01 7.509700775146484375e+01
2.676455249786376953e+02 1.345266189575195312e+02 3.229861068725585938e+01 7.603558349609375000e+01
2.706341810226440430e+02 1.340157737731933594e+02 3.152515602111816406e+01 7.695388031005859375e+01
2.732647037506103516e+02 1.348685111999511719e+02 2.952480697631835938e+01 7.602672576904296875e+01
2.729042539596557617e+02 1.347512474060058594e+02 3.074904823303222656e+01 7.680794525146484375e+01
2.744441728591918945e+02 1.338860588073730469e+02 3.028859519958496094e+01 7.765044403076171875e+01
2.771769638061523438e+02 1.337485694885253906e+02 2.814476013183593750e+01 7.802791595458984375e+01
2.787650966644287109e+02 1.334211997985839844e+02 2.642888259887695312e+01 7.746486663818359375e+01
2.836116933822631836e+02 1.322433166503906250e+02 2.372871589660644531e+01 7.827659606933593750e+01
2.853044652938842773e+02 1.341513938903808594e+02 2.317495918273925781e+01 7.748143768310546875e+01
2.864949674606323242e+02 1.337923469543457031e+02 2.203919410705566406e+01 7.710239410400390625e+01
2.870565843582153320e+02 1.336699333190917969e+02 2.377658653259277344e+01 7.704749298095703125e+01
2.874355878829956055e+02 1.332350845336914062e+02 2.611162757873535156e+01 7.738772583007812500e+01
2.884636783599853516e+02 1.337043991088867188e+02 2.657780075073242188e+01 7.779325866699218750e+01
2.893561992645263672e+02 1.335554542541503906e+02 2.732007217407226562e+01 7.670519256591796875e+01
2.912031202316284180e+02 1.346445617675781250e+02 2.513253211975097656e+01 7.632374572753906250e+01
2.943940744400024414e+02 1.346313591003417969e+02 2.454313468933105469e+01 7.669815826416015625e+01
2.946667671203613281e+02 1.353379440307617188e+02 2.481920623779296875e+01 7.571731567382812500e+01
2.915499792098999023e+02 1.346126060485839844e+02 2.727688789367675781e+01 7.533184051513671875e+01
2.941540403366088867e+02 1.346217994689941406e+02 2.662058448791503906e+01 7.555460357666015625e+01
2.964450922012329102e+02 1.344433898925781250e+02 2.548361015319824219e+01 7.552296447753906250e+01
2.988642683029174805e+02 1.345014762878417969e+02 2.456847572326660156e+01 7.575176239013671875e+01
3.015585994720458984e+02 1.342161903381347656e+02 2.249141311645507812e+01 7.558152008056640625e+01
3.016916427612304688e+02 1.328299293518066406e+02 2.294721984863281250e+01 7.669283294677734375e+01
3.025923957824707031e+02 1.332353591918945312e+02 2.313901519775390625e+01 7.642147827148437500e+01
3.024423704147338867e+02 1.332115783691406250e+02 2.331748390197753906e+01 7.643559265136718750e+01
3.041222772598266602e+02 1.336109848022460938e+02 2.313323783874511719e+01 7.648211669921875000e+01
3.044958543777465820e+02 1.335434951782226562e+02 2.444020652770996094e+01 7.656156921386718750e+01
3.054982976913452148e+02 1.336116638183593750e+02 2.471458625793457031e+01 7.665003967285156250e+01
3.056824102401733398e+02 1.333517646789550781e+02 2.490181159973144531e+01 7.649973297119140625e+01
3.060988130569458008e+02 1.334444618225097656e+02 2.457286643981933594e+01 7.640676116943359375e+01
3.067794904708862305e+02 1.336905555725097656e+02 2.439953041076660156e+01 7.599311065673828125e+01
3.071941251754760742e+02 1.337980422973632812e+02 2.480584144592285156e+01 7.537370300292968750e+01
3.080063266754150391e+02 1.341999053955078125e+02 2.407659530639648438e+01 7.505558776855468750e+01
3.074023838043212891e+02 1.349378433227539062e+02 2.434243392944335938e+01 7.483601379394531250e+01
3.077477464675903320e+02 1.356415252685546875e+02 2.404372215270996094e+01 7.402438354492187500e+01
3.097973165512084961e+02 1.360353698730468750e+02 2.276280403137207031e+01 7.342007446289062500e+01
3.098455505371093750e+02 1.368457565307617188e+02 2.254132080078125000e+01 7.313278198242187500e+01
3.109934806823730469e+02 1.372954673767089844e+02 2.188567352294921875e+01 7.250241851806640625e+01
3.106645679473876953e+02 1.368676338195800781e+02 2.178199386596679688e+01 7.179842376708984375e+01
3.099352855682373047e+02 1.366039047241210938e+02 2.150886917114257812e+01 7.220310974121093750e+01
3.092456750869750977e+02 1.336355247497558594e+02 2.252572441101074219e+01 7.545493316650390625e+01
3.083929023742675781e+02 1.331557807922363281e+02 2.376514434814453125e+01 7.590079498291015625e+01
3.077987251281738281e+02 1.272859764099121094e+02 2.403012847900390625e+01 8.199893951416015625e+01
3.061947259902954102e+02 1.220245475769042969e+02 2.597869682312011719e+01 8.844255828857421875e+01
3.064659099578857422e+02 1.244456634521484375e+02 2.586983108520507812e+01 8.475183105468750000e+01
3.047134609222412109e+02 1.245765647888183594e+02 2.673927688598632812e+01 8.439875030517578125e+01
3.052064342498779297e+02 1.245516853332519531e+02 2.676073074340820312e+01 8.335363006591796875e+01
3.043103504180908203e+02 1.243442077636718750e+02 2.708958053588867188e+01 8.339463806152343750e+01
3.030050125122070312e+02 1.247356224060058594e+02 2.729240417480468750e+01 8.346909332275390625e+01
3.032272272109985352e+02 1.249002113342285156e+02 2.780070304870605469e+01 8.388973236083984375e+01
3.030854539871215820e+02 1.256854019165039062e+02 2.786052513122558594e+01 8.301101684570312500e+01
3.044048032760620117e+02 1.292374305725097656e+02 2.563150978088378906e+01 7.948021697998046875e+01
3.047812156677246094e+02 1.299687042236328125e+02 2.589380645751953125e+01 7.888835144042968750e+01
3.043940649032592773e+02 1.315198860168457031e+02 2.555046272277832031e+01 7.817763519287109375e+01
3.034033126831054688e+02 1.314119567871093750e+02 2.702198791503906250e+01 7.695079040527343750e+01
3.070947589874267578e+02 1.334632644653320312e+02 2.409074020385742188e+01 7.571943664550781250e+01
3.028308601379394531e+02 1.319238548278808594e+02 2.702951812744140625e+01 7.706333160400390625e+01
3.057971220016479492e+02 1.315159072875976562e+02 2.457636451721191406e+01 7.692694091796875000e+01
3.035215234756469727e+02 1.316606597900390625e+02 2.621615409851074219e+01 7.691944885253906250e+01
3.071677217483520508e+02 1.321201324462890625e+02 2.336073875427246094e+01 7.612490844726562500e+01
3.078795957565307617e+02 1.326072654724121094e+02 2.241495704650878906e+01 7.531153106689453125e+01
3.079358091354370117e+02 1.329945907592773438e+02 2.217174720764160156e+01 7.579670715332031250e+01
3.058686485290527344e+02 1.326728248596191406e+02 2.349726104736328125e+01 7.613568878173828125e+01
3.069839153289794922e+02 1.319941635131835938e+02 2.293318557739257812e+01 7.603979492187500000e+01
3.080608797073364258e+02 1.318138732910156250e+02 2.219695091247558594e+01 7.583016967773437500e+01
3.065974655151367188e+02 1.322075500488281250e+02 2.401799011230468750e+01 7.620536804199218750e+01
3.069410524368286133e+02 1.328484039306640625e+02 2.360426902770996094e+01 7.603706359863281250e+01
3.055425405502319336e+02 1.326393318176269531e+02 2.632272529602050781e+01 7.539870452880859375e+01
3.068919324874877930e+02 1.328018188476562500e+02 2.685985755920410156e+01 7.597471618652343750e+01
3.062579917907714844e+02 1.324999961853027344e+02 2.645456695556640625e+01 7.613410186767578125e+01
3.048503007888793945e+02 1.323791732788085938e+02 2.685671043395996094e+01 7.633598327636718750e+01
3.043924245834350586e+02 1.321552276611328125e+02 2.701460456848144531e+01 7.620794677734375000e+01
3.036649026870727539e+02 1.319215049743652344e+02 2.764980888366699219e+01 7.595874786376953125e+01
3.039477005004882812e+02 1.324446716308593750e+02 2.626951599121093750e+01 7.577099609375000000e+01
3.033163690567016602e+02 1.336744499206542969e+02 2.607436943054199219e+01 7.508417510986328125e+01
3.042230176925659180e+02 1.348207740783691406e+02 2.457586097717285156e+01 7.388860321044921875e+01
3.033577728271484375e+02 1.353778800964355469e+02 2.407913208007812500e+01 7.293300628662109375e+01
3.040353183746337891e+02 1.356552200317382812e+02 2.360644149780273438e+01 7.200396728515625000e+01
3.043698329925537109e+02 1.356407775878906250e+02 2.313655471801757812e+01 7.204324340820312500e+01
3.037004098892211914e+02 1.354576721191406250e+02 2.338400077819824219e+01 7.197416687011718750e+01
3.033978824615478516e+02 1.350924110412597656e+02 2.344309616088867188e+01 7.235114288330078125e+01
3.031913938522338867e+02 1.346081008911132812e+02 2.331583595275878906e+01 7.268928527832031250e+01
3.020667028427124023e+02 1.343938636779785156e+02 2.420915412902832031e+01 7.233353424072265625e+01
3.020368785858154297e+02 1.338744506835937500e+02 2.445441055297851562e+01 7.243957519531250000e+01
3.022205333709716797e+02 1.339308776855468750e+02 2.357503128051757812e+01 7.236677551269531250e+01
3.021379556655883789e+02 1.342678565979003906e+02 2.382595634460449219e+01 7.226436614990234375e+01
3.026696529388427734e+02 1.352187385559082031e+02 2.362857437133789062e+01 7.205014801025390625e+01
3.020108108520507812e+02 1.353970909118652344e+02 2.488195800781250000e+01 7.161069488525390625e+01
3.006704587936401367e+02 1.373476638793945312e+02 2.741318702697753906e+01 6.988957214355468750e+01
2.993610200881958008e+02 1.386848144531250000e+02 2.866907310485839844e+01 6.823651123046875000e+01
2.971959896087646484e+02 1.389658050537109375e+02 2.982614517211914062e+01 6.808793640136718750e+01
2.966840372085571289e+02 1.366805076599121094e+02 3.078887748718261719e+01 7.022733306884765625e+01
2.950542659759521484e+02 1.385705299377441406e+02 3.199242019653320312e+01 6.880127716064453125e+01
2.942572708129882812e+02 1.374625549316406250e+02 3.208343505859375000e+01 7.012324523925781250e+01
2.947014122009277344e+02 1.363072776794433594e+02 3.192449188232421875e+01 7.103284454345703125e+01
2.928453054428100586e+02 1.353082618713378906e+02 3.188745307922363281e+01 7.309894561767578125e+01
2.900719127655029297e+02 1.358074913024902344e+02 3.258392715454101562e+01 7.217266082763671875e+01
2.872800407409667969e+02 1.370480651855468750e+02 3.290688323974609375e+01 7.130508422851562500e+01
2.838462562561035156e+02 1.364908409118652344e+02 3.240294647216796875e+01 7.132744598388671875e+01
2.829999542236328125e+02 1.362203369140625000e+02 2.893722534179687500e+01 7.075410461425781250e+01
2.797110433578491211e+02 1.364641876220703125e+02 3.071682929992675781e+01 7.128729248046875000e+01
2.821293039321899414e+02 1.359501571655273438e+02 2.705819511413574219e+01 7.255316162109375000e+01
2.793991889953613281e+02 1.348535652160644531e+02 2.808032989501953125e+01 7.395371246337890625e+01
2.767533807754516602e+02 1.340233345031738281e+02 2.947169303894042969e+01 7.430849456787109375e+01
2.750352458953857422e+02 1.350306358337402344e+02 2.876910781860351562e+01 7.379268646240234375e+01
2.711673583984375000e+02 1.355145263671875000e+02 2.751884460449218750e+01 7.343740844726562500e+01
2.690899887084960938e+02 1.363397560119628906e+02 2.456256103515625000e+01 7.233187103271484375e+01
2.665952444076538086e+02 1.369414634704589844e+02 2.290364265441894531e+01 7.213143157958984375e+01
2.635523157119750977e+02 1.363791236877441406e+02 2.280859184265136719e+01 7.280332183837890625e+01
2.609722099304199219e+02 1.347788734436035156e+02 2.508095550537109375e+01 7.387485504150390625e+01
2.565190238952636719e+02 1.330093994140625000e+02 2.827407073974609375e+01 7.576579284667968750e+01
2.529034948348999023e+02 1.324799537658691406e+02 3.175061225891113281e+01 7.699420928955078125e+01
2.490558242797851562e+02 1.322318000793457031e+02 3.362799072265625000e+01 7.746445465087890625e+01
2.462566413879394531e+02 1.324994659423828125e+02 3.365035247802734375e+01 7.706077575683593750e+01
2.440520858764648438e+02 1.327361221313476562e+02 3.160510253906250000e+01 7.779995727539062500e+01
2.417847366333007812e+02 1.341542282104492188e+02 2.860626220703125000e+01 7.705065917968750000e+01
2.382524337768554688e+02 1.350470542907714844e+02 2.769281005859375000e+01 7.574356842041015625e+01
2.342539148330688477e+02 1.332924118041992188e+02 2.826756095886230469e+01 7.826004028320312500e+01
2.316503915786743164e+02 1.334987640380859375e+02 2.792193412780761719e+01 7.692028808593750000e+01
2.288276128768920898e+02 1.326845855712890625e+02 2.729632759094238281e+01 7.780693054199218750e+01
2.246543560028076172e+02 1.312422180175781250e+02 3.055760574340820312e+01 8.013908386230468750e+01
2.200682048797607422e+02 1.316397895812988281e+02 3.296036148071289062e+01 7.959896087646484375e+01
2.177910976409912109e+02 1.326953773498535156e+02 3.179164505004882812e+01 7.910338592529296875e+01
2.159351549148559570e+02 1.335354347229003906e+02 2.904787254333496094e+01 7.890288543701171875e+01
2.130760107040405273e+02 1.346139068603515625e+02 2.553151130676269531e+01 7.746343994140625000e+01
2.106831607818603516e+02 1.347951698303222656e+02 2.363193893432617188e+01 7.790157318115234375e+01
2.065535821914672852e+02 1.353711280822753906e+02 2.385392570495605469e+01 7.783144378662109375e+01
2.044460668563842773e+02 1.341150360107421875e+02 2.503485298156738281e+01 7.817489624023437500e+01
1.985823354721069336e+02 1.319187164306640625e+02 2.925218391418457031e+01 8.079444885253906250e+01
1.931911506652832031e+02 1.306736335754394531e+02 3.422649383544921875e+01 8.253725433349609375e+01
1.865187492370605469e+02 1.296331939697265625e+02 3.935926055908203125e+01 8.360131835937500000e+01
1.812177238464355469e+02 1.306810531616210938e+02 4.121732330322265625e+01 8.237483215332031250e+01
1.792156181335449219e+02 1.312579231262207031e+02 3.998731231689453125e+01 8.291225433349609375e+01
1.778524055480957031e+02 1.321742668151855469e+02 3.750090789794921875e+01 8.208597564697265625e+01
1.737021808624267578e+02 1.330203475952148438e+02 3.464947128295898438e+01 8.130851745605468750e+01
1.722894783020019531e+02 1.343268394470214844e+02 3.017675018310546875e+01 8.063724517822265625e+01
1.714667472839355469e+02 1.311781234741210938e+02 2.619065093994140625e+01 8.373382568359375000e+01
1.691056785583496094e+02 1.330088005065917969e+02 2.647292327880859375e+01 8.106137847900390625e+01
1.653588886260986328e+02 1.334561958312988281e+02 2.818636703491210938e+01 8.082199859619140625e+01
1.598173351287841797e+02 1.338102798461914062e+02 3.039911270141601562e+01 8.128366088867187500e+01
1.516430339813232422e+02 1.333018989562988281e+02 3.760959243774414062e+01 8.205091094970703125e+01
1.481087150573730469e+02 1.339754943847656250e+02 4.208899688720703125e+01 8.248536682128906250e+01
1.437283802032470703e+02 1.307486572265625000e+02 4.094445419311523438e+01 8.712501525878906250e+01
1.442577266693115234e+02 1.305311813354492188e+02 3.864159011840820312e+01 8.695968627929687500e+01
1.434866371154785156e+02 1.330569076538085938e+02 3.429781341552734375e+01 8.471798706054687500e+01
1.397963047027587891e+02 1.359254035949707031e+02 3.375541305541992188e+01 8.202610015869140625e+01
1.390145311355590820e+02 1.329961547851562500e+02 2.952300071716308594e+01 8.460456848144531250e+01
1.380650558471679688e+02 1.324992713928222656e+02 2.935777282714843750e+01 8.558097076416015625e+01
1.348138837814331055e+02 1.338718376159667969e+02 3.179961585998535156e+01 8.303925323486328125e+01
1.342728729248046875e+02 1.339378242492675781e+02 3.126693725585937500e+01 8.301815032958984375e+01
1.306851291656494141e+02 1.355242233276367188e+02 3.333720016479492188e+01 8.185420227050781250e+01
1.319437742233276367e+02 1.352411499023437500e+02 3.063717079162597656e+01 8.272686767578125000e+01
1.304621591567993164e+02 1.348943595886230469e+02 2.993923759460449219e+01 8.218810272216796875e+01
1.299397993087768555e+02 1.380340538024902344e+02 2.926073646545410156e+01 7.999626922607421875e+01
1.289499816894531250e+02 1.388620071411132812e+02 2.998817443847656250e+01 7.827726745605468750e+01
1.294048385620117188e+02 1.391645011901855469e+02 2.899870300292968750e+01 7.783090972900390625e+01
1.285502271652221680e+02 1.396215934753417969e+02 2.949691200256347656e+01 7.769692230224609375e+01
1.291104030609130859e+02 1.398954010009765625e+02 2.969658279418945312e+01 7.805447387695312500e+01
1.289871797561645508e+02 1.386904335021972656e+02 3.066403770446777344e+01 7.925189971923828125e+01
1.289192657470703125e+02 1.379095611572265625e+02 3.077209472656250000e+01 7.991906738281250000e+01
1.300462541580200195e+02 1.370395126342773438e+02 3.087592124938964844e+01 8.056665039062500000e+01
1.301699123382568359e+02 1.367843132019042969e+02 3.252507400512695312e+01 8.133174896240234375e+01
1.308584060668945312e+02 1.357386550903320312e+02 3.292442321777343750e+01 8.283099365234375000e+01
1.311535320281982422e+02 1.342929801940917969e+02 3.424878311157226562e+01 8.436537933349609375e+01
1.329127368927001953e+02 1.337142944335937500e+02 3.353371810913085938e+01 8.474049377441406250e+01
1.319621829986572266e+02 1.337817993164062500e+02 3.697159957885742188e+01 8.464979553222656250e+01
1.334998893737792969e+02 1.340676383972167969e+02 3.766489410400390625e+01 8.473622894287109375e+01
1.354508399963378906e+02 1.344078636169433594e+02 3.715935516357421875e+01 8.378157806396484375e+01
1.404929904937744141e+02 1.346359214782714844e+02 3.340040206909179688e+01 8.385472869873046875e+01
1.447675037384033203e+02 1.348298721313476562e+02 3.212121200561523438e+01 8.397412109375000000e+01
1.468356895446777344e+02 1.334840660095214844e+02 3.326523590087890625e+01 8.565682220458984375e+01
1.506172771453857422e+02 1.321181030273437500e+02 3.293274307250976562e+01 8.727217102050781250e+01
1.534164562225341797e+02 1.321532669067382812e+02 3.051443862915039062e+01 8.801031494140625000e+01
1.528773555755615234e+02 1.311525497436523438e+02 3.542262649536132812e+01 8.880596923828125000e+01
1.537381763458251953e+02 1.307531814575195312e+02 3.814876937866210938e+01 8.864959716796875000e+01
1.556926498413085938e+02 1.300744590759277344e+02 4.112245178222656250e+01 8.965987396240234375e+01
1.592133560180664062e+02 1.303244895935058594e+02 3.597196960449218750e+01 9.008138275146484375e+01
1.628112163543701172e+02 1.316948356628417969e+02 3.588348770141601562e+01 8.904524993896484375e+01
1.699376020431518555e+02 1.325960960388183594e+02 3.137027931213378906e+01 8.755702972412109375e+01
1.731984748840332031e+02 1.325237579345703125e+02 2.877272796630859375e+01 8.770677185058593750e+01
1.764254379272460938e+02 1.317461128234863281e+02 3.094871520996093750e+01 8.871938323974609375e+01
1.783003845214843750e+02 1.308928833007812500e+02 3.045346069335937500e+01 8.941995239257812500e+01
1.797859020233154297e+02 1.294108161926269531e+02 3.217200088500976562e+01 9.102028656005859375e+01
1.801227302551269531e+02 1.295770187377929688e+02 3.500643157958984375e+01 9.131642150878906250e+01
1.797470111846923828e+02 1.286840553283691406e+02 3.839666366577148438e+01 9.180797576904296875e+01
1.816018695831298828e+02 1.292930870056152344e+02 4.046105575561523438e+01 9.224546051025390625e+01
1.842589168548583984e+02 1.300770378112792969e+02 4.111891555786132812e+01 9.228516387939453125e+01
1.906382961273193359e+02 1.294546508789062500e+02 3.796153640747070312e+01 9.204028320312500000e+01
1.982915592193603516e+02 1.329358100891113281e+02 3.344758224487304688e+01 8.888866424560546875e+01
2.014251480102539062e+02 1.318658294677734375e+02 3.291786193847656250e+01 8.908044433593750000e+01
2.062520065307617188e+02 1.306491546630859375e+02 2.893147277832031250e+01 8.975900268554687500e+01
2.098213167190551758e+02 1.300556755065917969e+02 2.784946250915527344e+01 9.001909637451171875e+01
2.100645036697387695e+02 1.292040367126464844e+02 3.159428977966308594e+01 9.058693695068359375e+01
2.089126701354980469e+02 1.293180618286132812e+02 3.601325225830078125e+01 9.150946044921875000e+01
2.093105659484863281e+02 1.282020645141601562e+02 4.079344940185546875e+01 9.278268432617187500e+01
2.122915592193603516e+02 1.282522354125976562e+02 4.063953781127929688e+01 9.232083129882812500e+01
2.163287563323974609e+02 1.299629516601562500e+02 4.062233352661132812e+01 9.101393127441406250e+01
2.211581325531005859e+02 1.306953392028808594e+02 3.938493728637695312e+01 9.078902435302734375e+01
2.296355743408203125e+02 1.313655700683593750e+02 3.534796142578125000e+01 8.975889587402343750e+01
2.374551038742065430e+02 1.313515243530273438e+02 2.634980201721191406e+01 9.056402587890625000e+01
2.402505092620849609e+02 1.318631210327148438e+02 2.589169692993164062e+01 8.884622192382812500e+01
2.418496208190917969e+02 1.312969589233398438e+02 2.757787322998046875e+01 9.021818542480468750e+01
2.436582183837890625e+02 1.309974517822265625e+02 2.906666564941406250e+01 8.946755981445312500e+01
2.447165184020996094e+02 1.298625068664550781e+02 3.298821258544921875e+01 9.131902313232421875e+01
2.441136131286621094e+02 1.302864112854003906e+02 3.645742034912109375e+01 9.022737884521484375e+01
2.511977100372314453e+02 1.312070159912109375e+02 3.085807418823242188e+01 8.932135009765625000e+01
2.552363338470458984e+02 1.319767570495605469e+02 3.079678726196289062e+01 8.838251495361328125e+01
2.619206628799438477e+02 1.312494468688964844e+02 2.633566093444824219e+01 8.886032867431640625e+01
2.655696506500244141e+02 1.309013061523437500e+02 2.626513290405273438e+01 8.882962036132812500e+01
2.663381061553955078e+02 1.304963035583496094e+02 2.831495285034179688e+01 9.022205352783203125e+01
2.681653432846069336e+02 1.299321327209472656e+02 2.934437751770019531e+01 9.034358978271484375e+01
2.689143857955932617e+02 1.287893104553222656e+02 3.197538185119628906e+01 9.175420379638671875e+01
2.727526969909667969e+02 1.290768890380859375e+02 3.346636199951171875e+01 9.100921630859375000e+01
2.765908613204956055e+02 1.292665939331054688e+02 3.112383460998535156e+01 9.150663757324218750e+01
2.812131185531616211e+02 1.305909385681152344e+02 2.775859260559082031e+01 9.093869781494140625e+01
2.876672153472900391e+02 1.330158424377441406e+02 2.386455917358398438e+01 8.951371002197265625e+01
2.895242328643798828e+02 1.324316635131835938e+02 2.344787216186523438e+01 8.976091003417968750e+01
2.915221376419067383e+02 1.326703262329101562e+02 2.622488975524902344e+01 8.919126892089843750e+01
2.928223142623901367e+02 1.323300971984863281e+02 3.022307777404785156e+01 8.942960357666015625e+01
2.940588073730468750e+02 1.304737129211425781e+02 3.325317382812500000e+01 9.054737091064453125e+01
2.956191520690917969e+02 1.307895927429199219e+02 3.587607574462890625e+01 8.986052703857421875e+01
2.978760776519775391e+02 1.306525077819824219e+02 3.444977951049804688e+01 8.922151947021484375e+01
3.015697479248046875e+02 1.322327308654785156e+02 3.338549804687500000e+01 8.803827667236328125e+01
3.051524658203125000e+02 1.330318145751953125e+02 2.998095703125000000e+01 8.705143737792968750e+01
3.075266590118408203e+02 1.343453674316406250e+02 2.828304672241210938e+01 8.517555236816406250e+01
3.092287406921386719e+02 1.352464790344238281e+02 2.749207305908203125e+01 8.410980987548828125e+01
3.105570001602172852e+02 1.354012374877929688e+02 2.878826713562011719e+01 8.431179809570312500e+01
3.123963775634765625e+02 1.348707427978515625e+02 2.907417297363281250e+01 8.392381286621093750e+01
3.143938007354736328e+02 1.337705764770507812e+02 2.911471176147460938e+01 8.615769958496093750e+01
3.150450744628906250e+02 1.322104606628417969e+02 3.062095642089843750e+01 8.737276458740234375e+01
3.154094963073730469e+02 1.316997947692871094e+02 3.142510223388671875e+01 8.775872039794921875e+01
3.170797119140625000e+02 1.314166755676269531e+02 3.013526916503906250e+01 8.712036895751953125e+01
3.180003767013549805e+02 1.322281188964843750e+02 2.970043373107910156e+01 8.621128845214843750e+01
3.192321043014526367e+02 1.334096717834472656e+02 2.912027931213378906e+01 8.419632720947265625e+01
3.205923023223876953e+02 1.343763389587402344e+02 2.841479110717773438e+01 8.240059661865234375e+01
3.213958435058593750e+02 1.353622055053710938e+02 2.778906250000000000e+01 8.164083862304687500e+01
3.218243856430053711e+02 1.351908912658691406e+02 2.735255622863769531e+01 8.160150909423828125e+01
3.228117666244506836e+02 1.355166282653808594e+02 2.698796272277832031e+01 8.181674957275390625e+01
3.230894298553466797e+02 1.342451705932617188e+02 2.646547317504882812e+01 8.208340454101562500e+01
3.241447992324829102e+02 1.344578285217285156e+02 2.563529777526855469e+01 8.183170318603515625e+01
3.216481475830078125e+02 1.337001113891601562e+02 2.784071350097656250e+01 8.219128417968750000e+01
3.202250318527221680e+02 1.328098831176757812e+02 2.948467445373535156e+01 8.268128967285156250e+01
3.214887571334838867e+02 1.336886253356933594e+02 2.939722633361816406e+01 8.162548065185546875e+01
3.196084632873535156e+02 1.347850265502929688e+02 3.089891815185546875e+01 8.072639465332031250e+01
3.194659881591796875e+02 1.360496253967285156e+02 3.136996459960937500e+01 7.930020904541015625e+01
3.176279258728027344e+02 1.359525604248046875e+02 3.268126678466796875e+01 7.855096435546875000e+01
3.158409805297851562e+02 1.367738227844238281e+02 3.322187805175781250e+01 7.737545013427734375e+01
3.162745494842529297e+02 1.364657173156738281e+02 3.270021438598632812e+01 7.811779022216796875e+01
3.124993152618408203e+02 1.345382919311523438e+02 3.461095809936523438e+01 7.932672119140625000e+01
3.130622186660766602e+02 1.340484504699707031e+02 3.160603141784667969e+01 7.960245513916015625e+01
3.144550199508666992e+02 1.334487380981445312e+02 2.998555946350097656e+01 8.021987915039062500e+01
3.161303262710571289e+02 1.322734489440917969e+02 2.729554557800292969e+01 8.023325347900390625e+01
3.147891225814819336e+02 1.336118125915527344e+02 2.780409431457519531e+01 7.923714447021484375e+01
3.144993734359741211e+02 1.331808052062988281e+02 2.768179512023925781e+01 7.921611785888671875e+01
3.142672233581542969e+02 1.336677818298339844e+02 2.655796051025390625e+01 7.906269073486328125e+01
3.152768287658691406e+02 1.331014251708984375e+02 2.448065948486328125e+01 7.880503845214843750e+01
3.168000030517578125e+02 1.320219573974609375e+02 2.169023132324218750e+01 7.777723693847656250e+01
3.158560571670532227e+02 1.322264862060546875e+02 2.194303703308105469e+01 7.837107849121093750e+01
3.121815090179443359e+02 1.320594444274902344e+02 2.497806167602539062e+01 7.845726776123046875e+01
3.110738611221313477e+02 1.327235870361328125e+02 2.683534049987792969e+01 7.743081665039062500e+01
3.096013355255126953e+02 1.335302085876464844e+02 2.953582382202148438e+01 7.773917388916015625e+01
3.068567676544189453e+02 1.348736267089843750e+02 3.089971542358398438e+01 7.649777221679687500e+01
3.080668497085571289e+02 1.366337928771972656e+02 2.885923576354980469e+01 7.486878204345703125e+01
3.072744588851928711e+02 1.375962333679199219e+02 2.889515876770019531e+01 7.274538421630859375e+01
3.083327369689941406e+02 1.380881004333496094e+02 2.793575286865234375e+01 7.259355926513671875e+01
3.079541387557983398e+02 1.384299583435058594e+02 3.092930793762207031e+01 7.248326873779296875e+01
3.086042098999023438e+02 1.378242530822753906e+02 3.217927551269531250e+01 7.265221405029296875e+01
3.122270164489746094e+02 1.371783828735351562e+02 2.958936309814453125e+01 7.244450378417968750e+01
3.163899927139282227e+02 1.364073944091796875e+02 2.608376884460449219e+01 7.317485046386718750e+01
3.194659652709960938e+02 1.359292030334472656e+02 2.353085327148437500e+01 7.381766510009765625e+01
3.187574930191040039e+02 1.352685470581054688e+02 2.468597221374511719e+01 7.380259704589843750e+01
3.214110870361328125e+02 1.352346878051757812e+02 2.329455566406250000e+01 7.349224853515625000e+01
3.196480827331542969e+02 1.351766319274902344e+02 2.600508880615234375e+01 7.427635955810546875e+01
3.232845668792724609e+02 1.359075775146484375e+02 2.633290481567382812e+01 7.322003173828125000e+01
3.256439819335937500e+02 1.370246124267578125e+02 2.846301269531250000e+01 7.142118835449218750e+01
3.259042406082153320e+02 1.396655197143554688e+02 2.899011802673339844e+01 6.928173828125000000e+01
3.244904842376708984e+02 1.415454406738281250e+02 3.150642776489257812e+01 6.794589233398437500e+01
3.279015512466430664e+02 1.431840171813964844e+02 2.920158195495605469e+01 6.554128265380859375e+01
3.277714509963989258e+02 1.444714393615722656e+02 2.833745384216308594e+01 6.534299468994140625e+01
3.297793426513671875e+02 1.452539939880371094e+02 2.640786743164062500e+01 6.411702728271484375e+01
3.305932397842407227e+02 1.453271293640136719e+02 2.559379386901855469e+01 6.395346832275390625e+01
3.291422824859619141e+02 1.429292030334472656e+02 2.713456344604492188e+01 6.602680206298828125e+01
3.295999355316162109e+02 1.416448364257812500e+02 2.642448806762695312e+01 6.735377502441406250e+01
3.305759267807006836e+02 1.391288948059082031e+02 2.566452217102050781e+01 7.006658172607421875e+01
3.302633600234985352e+02 1.370992088317871094e+02 2.490612602233886719e+01 7.142540740966796875e+01
3.315596256256103516e+02 1.362239112854003906e+02 2.362791061401367188e+01 7.238683319091796875e+01
3.317087478637695312e+02 1.344899139404296875e+02 2.270906066894531250e+01 7.283557128906250000e+01
3.309849367141723633e+02 1.331875991821289062e+02 2.329955101013183594e+01 7.381077575683593750e+01
3.307488956451416016e+02 1.337161178588867188e+02 2.288453292846679688e+01 7.319361877441406250e+01
3.303937578201293945e+02 1.339006385803222656e+02 2.302750205993652344e+01 7.301422882080078125e+01
3.304682359695434570e+02 1.358229560852050781e+02 2.293034934997558594e+01 7.224565887451171875e+01
3.315754909515380859e+02 1.372184066772460938e+02 2.177458572387695312e+01 7.057113647460937500e+01
3.310594930648803711e+02 1.386810226440429688e+02 2.215292549133300781e+01 6.908818054199218750e+01
3.312803602218627930e+02 1.396703529357910156e+02 2.201770973205566406e+01 6.862143707275390625e+01
3.321490249633789062e+02 1.404149856567382812e+02 2.100013732910156250e+01 6.816220092773437500e+01
3.318065614700317383e+02 1.405147666931152344e+02 2.117146873474121094e+01 6.763619232177734375e+01
3.325877208709716797e+02 1.401752243041992188e+02 2.083319473266601562e+01 6.787541198730468750e+01
3.314361324310302734e+02 1.363338279724121094e+02 2.059247207641601562e+01 7.086330413818359375e+01
3.302730846405029297e+02 1.343941268920898438e+02 2.204149246215820312e+01 7.315151977539062500e+01
3.278555440902709961e+02 1.307667503356933594e+02 2.418612861633300781e+01 7.798081207275390625e+01
3.260804300308227539e+02 1.230285034179687500e+02 2.591984367370605469e+01 8.442597961425781250e+01
3.252480840682983398e+02 1.229299545288085938e+02 2.652572822570800781e+01 8.482090759277343750e+01
3.221588726043701172e+02 1.227646255493164062e+02 2.812540054321289062e+01 8.458706665039062500e+01
3.245259084701538086e+02 1.233035621643066406e+02 2.597361946105957031e+01 8.299311065673828125e+01
3.246209363937377930e+02 1.243653068542480469e+02 2.490455055236816406e+01 8.147528839111328125e+01
3.239367723464965820e+02 1.253708076477050781e+02 2.456270408630371094e+01 8.010512542724609375e+01
3.235251054763793945e+02 1.268995323181152344e+02 2.497975730895996094e+01 7.975135040283203125e+01
3.227294998168945312e+02 1.274475364685058594e+02 2.484339904785156250e+01 7.958763885498046875e+01
3.218239364624023438e+02 1.284368858337402344e+02 2.529382324218750000e+01 7.875594329833984375e+01
3.227096624374389648e+02 1.295771751403808594e+02 2.476265144348144531e+01 7.775565338134765625e+01
3.234214563369750977e+02 1.341844978332519531e+02 2.346041679382324219e+01 7.424607086181640625e+01
3.225207281112670898e+02 1.354178123474121094e+02 2.340992927551269531e+01 7.166770172119140625e+01
3.239584569931030273e+02 1.352024803161621094e+02 2.210759162902832031e+01 7.192967987060546875e+01
3.219962415695190430e+02 1.341525650024414062e+02 2.408515357971191406e+01 7.306770324707031250e+01
3.238629016876220703e+02 1.332835578918457031e+02 2.272530746459960938e+01 7.345558929443359375e+01
3.234823150634765625e+02 1.320086326599121094e+02 2.292019653320312500e+01 7.484209442138671875e+01
3.212531490325927734e+02 1.329570503234863281e+02 2.490745925903320312e+01 7.513689422607421875e+01
3.230868062973022461e+02 1.323228034973144531e+02 2.433142280578613281e+01 7.497750091552734375e+01
3.209995651245117188e+02 1.322181854248046875e+02 2.804034423828125000e+01 7.514559936523437500e+01
3.235135726928710938e+02 1.329330635070800781e+02 2.730560302734375000e+01 7.443517303466796875e+01
3.234357738494873047e+02 1.332204818725585938e+02 2.784953689575195312e+01 7.488307189941406250e+01
3.229492197036743164e+02 1.331937980651855469e+02 2.653179740905761719e+01 7.510727691650390625e+01
3.230410184860229492e+02 1.321923828125000000e+02 2.805082130432128906e+01 7.493096923828125000e+01
3.222629165649414062e+02 1.317062454223632812e+02 2.785443115234375000e+01 7.582064819335937500e+01
3.225445108413696289e+02 1.314414367675781250e+02 2.755189323425292969e+01 7.574261474609375000e+01
3.222313623428344727e+02 1.320262222290039062e+02 2.701748466491699219e+01 7.550321960449218750e+01
3.225790224075317383e+02 1.324339866638183594e+02 2.599635887145996094e+01 7.460576629638671875e+01
3.224804592132568359e+02 1.335115051269531250e+02 2.590005874633789062e+01 7.420388793945312500e+01
3.212793064117431641e+02 1.328935508728027344e+02 2.611750411987304688e+01 7.434159088134765625e+01
3.214287605285644531e+02 1.325574798583984375e+02 2.486354827880859375e+01 7.464389038085937500e+01
3.204709234237670898e+02 1.329586410522460938e+02 2.533616828918457031e+01 7.475010681152343750e+01
3.218585824966430664e+02 1.333019371032714844e+02 2.416619682312011719e+01 7.457811737060546875e+01
3.190407419204711914e+02 1.324626274108886719e+02 2.611273002624511719e+01 7.463181304931640625e+01
3.193181972503662109e+02 1.325893478393554688e+02 2.563611221313476562e+01 7.505654907226562500e+01
3.180717725753784180e+02 1.324794273376464844e+02 2.674238014221191406e+01 7.491950225830078125e+01
3.176293668746948242e+02 1.327280921936035156e+02 2.704317665100097656e+01 7.434238433837890625e+01
3.168686981201171875e+02 1.333899726867675781e+02 2.649957275390625000e+01 7.443927764892578125e+01
3.154327735900878906e+02 1.326217498779296875e+02 2.754903411865234375e+01 7.501992797851562500e+01
3.162396259307861328e+02 1.332451095581054688e+02 2.720158004760742188e+01 7.445390319824218750e+01
3.150072526931762695e+02 1.340672683715820312e+02 2.787628746032714844e+01 7.425990295410156250e+01
3.154465742111206055e+02 1.345226097106933594e+02 2.711809730529785156e+01 7.382254791259765625e+01
3.156839237213134766e+02 1.354056472778320312e+02 2.606519699096679688e+01 7.314195251464843750e+01
3.149639501571655273e+02 1.364324989318847656e+02 2.640921211242675781e+01 7.234311676025390625e+01
3.141874656677246094e+02 1.364247627258300781e+02 2.558440399169921875e+01 7.165917205810546875e+01
3.132982330322265625e+02 1.359449195861816406e+02 2.648731994628906250e+01 7.156954193115234375e+01
3.115998535156250000e+02 1.356327629089355469e+02 2.561267089843750000e+01 7.205474090576171875e+01
3.124840612411499023e+02 1.355817222595214844e+02 2.416937446594238281e+01 7.194863128662109375e+01
3.081845273971557617e+02 1.351203956604003906e+02 2.703843116760253906e+01 7.241979217529296875e+01
3.115870370864868164e+02 1.352653732299804688e+02 2.332255363464355469e+01 7.256607055664062500e+01
3.100204334259033203e+02 1.348624382019042969e+02 2.409469223022460938e+01 7.233477020263671875e+01
3.085402545928955078e+02 1.350715789794921875e+02 2.433791732788085938e+01 7.270822143554687500e+01
3.096005010604858398e+02 1.361335945129394531e+02 2.426074409484863281e+01 7.187702178955078125e+01
3.084032859802246094e+02 1.365166587829589844e+02 2.489543914794921875e+01 7.113387298583984375e+01
3.077712917327880859e+02 1.370718345642089844e+02 2.647636795043945312e+01 7.097097015380859375e+01
3.092443962097167969e+02 1.384825630187988281e+02 2.376003265380859375e+01 6.967766571044921875e+01
3.095334291458129883e+02 1.388619651794433594e+02 2.375714683532714844e+01 7.037775421142578125e+01
3.098686656951904297e+02 1.380760841369628906e+02 2.397348403930664062e+01 6.992504119873046875e+01
3.086716470718383789e+02 1.371523628234863281e+02 2.555174064636230469e+01 7.106395721435546875e+01
3.075375719070434570e+02 1.366118431091308594e+02 2.707980918884277344e+01 7.146320343017578125e+01
3.050395250320434570e+02 1.366511573791503906e+02 2.954561424255371094e+01 7.225029754638671875e+01
3.053998641967773438e+02 1.354305038452148438e+02 2.911288452148437500e+01 7.286097717285156250e+01
3.067044210433959961e+02 1.358859024047851562e+02 2.908131599426269531e+01 7.258294677734375000e+01
3.082217407226562500e+02 1.354700508117675781e+02 2.856326293945312500e+01 7.266934967041015625e+01
3.091311826705932617e+02 1.346699943542480469e+02 2.882715797424316406e+01 7.309445953369140625e+01
3.079951896667480469e+02 1.353971290588378906e+02 3.035018157958984375e+01 7.280951690673828125e+01
3.078237705230712891e+02 1.350374679565429688e+02 3.106589889526367188e+01 7.284851074218750000e+01
3.097358093261718750e+02 1.359969635009765625e+02 2.958766174316406250e+01 7.244143676757812500e+01
3.102393579483032227e+02 1.363206596374511719e+02 2.898750114440917969e+01 7.184308624267578125e+01
3.118882598876953125e+02 1.359473266601562500e+02 2.780575561523437500e+01 7.157031250000000000e+01
3.120414495468139648e+02 1.357241516113281250e+02 2.724473762512207031e+01 7.165852355957031250e+01
3.133070335388183594e+02 1.359364700317382812e+02 2.613182830810546875e+01 7.153572082519531250e+01
3.127154588699340820e+02 1.355108680725097656e+02 2.588164329528808594e+01 7.174015045166015625e+01
3.111880521774291992e+02 1.354368476867675781e+02 2.725321388244628906e+01 7.190436553955078125e+01
3.101797256469726562e+02 1.351479339599609375e+02 2.803906250000000000e+01 7.211341857910156250e+01
3.086952199935913086e+02 1.345053100585937500e+02 2.892381477355957031e+01 7.240153503417968750e+01
3.094467296600341797e+02 1.355627632141113281e+02 2.746545791625976562e+01 7.161783599853515625e+01
3.088108606338500977e+02 1.355841140747070312e+02 2.833793449401855469e+01 7.144392395019531250e+01
3.107028160095214844e+02 1.348807029724121094e+02 2.624950408935546875e+01 7.193279266357421875e+01
3.089190359115600586e+02 1.345550918579101562e+02 2.606825447082519531e+01 7.188768005371093750e+01
3.116520938873291016e+02 1.349590873718261719e+02 2.376467514038085938e+01 7.176396942138671875e+01
3.105038347244262695e+02 1.341949996948242188e+02 2.354694175720214844e+01 7.258551025390625000e+01
3.111944952011108398e+02 1.343879737854003906e+02 2.229857063293457031e+01 7.164635467529296875e+01
3.130683565139770508e+02 1.346128578186035156e+02 1.981365013122558594e+01 7.174811553955078125e+01
3.135248470306396484e+02 1.343740730285644531e+02 1.891218948364257812e+01 7.174781036376953125e+01
3.133731899261474609e+02 1.344307250976562500e+02 1.860979080200195312e+01 7.179888916015625000e+01
3.131194286346435547e+02 1.352705879211425781e+02 1.882652664184570312e+01 7.091349029541015625e+01
3.135906276702880859e+02 1.364125556945800781e+02 1.872677993774414062e+01 7.007062530517578125e+01
3.139392595291137695e+02 1.366306495666503906e+02 1.828230857849121094e+01 6.913956451416015625e+01
3.131992063522338867e+02 1.364000473022460938e+02 1.981873512268066406e+01 6.923738098144531250e+01
3.135197954177856445e+02 1.356593170166015625e+02 1.943396568298339844e+01 6.928013610839843750e+01
3.130071811676025391e+02 1.351825218200683594e+02 2.039008712768554688e+01 6.950749969482421875e+01
3.129720659255981445e+02 1.345831451416015625e+02 2.046851158142089844e+01 7.005009460449218750e+01
3.137235326766967773e+02 1.340116920471191406e+02 2.070091438293457031e+01 7.026328277587890625e+01
3.132649612426757812e+02 1.350549659729003906e+02 2.063285827636718750e+01 6.974146270751953125e+01
3.130921449661254883e+02 1.359671401977539062e+02 2.130197715759277344e+01 6.885542297363281250e+01
3.128319835662841797e+02 1.375360717773437500e+02 2.189014053344726562e+01 6.862292480468750000e+01
3.130885467529296875e+02 1.376124801635742188e+02 2.159194946289062500e+01 6.750820922851562500e+01
3.138222751617431641e+02 1.366462593078613281e+02 2.138912582397460938e+01 6.870043182373046875e+01
3.126702604293823242e+02 1.352207183837890625e+02 2.112244606018066406e+01 7.003836059570312500e+01
3.125569343566894531e+02 1.312894058227539062e+02 2.170412445068359375e+01 7.444685363769531250e+01
3.115127744674682617e+02 1.255143890380859375e+02 2.283269691467285156e+01 8.079234313964843750e+01
3.101144161224365234e+02 1.229808120727539062e+02 2.407831192016601562e+01 8.280955505371093750e+01
3.082194356918334961e+02 1.239362106323242188e+02 2.532068061828613281e+01 8.123077392578125000e+01
3.070755577087402344e+02 1.243681716918945312e+02 2.557067108154296875e+01 7.982156372070312500e+01
3.068558378219604492e+02 1.247111740112304688e+02 2.518326759338378906e+01 7.906970214843750000e+01
3.088750648498535156e+02 1.254097976684570312e+02 2.320503997802734375e+01 7.802102661132812500e+01
3.061031665802001953e+02 1.258938407897949219e+02 2.450014877319335938e+01 7.737232208251953125e+01
3.071571426391601562e+02 1.271694450378417969e+02 2.399963378906250000e+01 7.690904998779296875e+01
3.056584625244140625e+02 1.287040176391601562e+02 2.358970642089843750e+01 7.667431640625000000e+01
3.073105039596557617e+02 1.312743110656738281e+02 2.269301795959472656e+01 7.370680999755859375e+01
3.081011343002319336e+02 1.340834197998046875e+02 2.147216987609863281e+01 7.127764892578125000e+01
3.083956384658813477e+02 1.352101974487304688e+02 2.085679435729980469e+01 6.950502014160156250e+01
3.082545928955078125e+02 1.364881210327148438e+02 2.149923706054687500e+01 6.921565246582031250e+01
3.066600484848022461e+02 1.345367240905761719e+02 2.172300910949707031e+01 7.004607391357421875e+01
3.050081844329833984e+02 1.338566093444824219e+02 2.352602005004882812e+01 7.096007537841796875e+01
3.062011518478393555e+02 1.336033248901367188e+02 2.368627357482910156e+01 7.130265808105468750e+01
3.046082315444946289e+02 1.333808708190917969e+02 2.486018180847167969e+01 7.221614837646484375e+01
3.024913263320922852e+02 1.335933303833007812e+02 2.808086967468261719e+01 7.194662475585937500e+01
3.045410842895507812e+02 1.336952400207519531e+02 2.651528930664062500e+01 7.198163604736328125e+01
3.041628160476684570e+02 1.329541130065917969e+02 2.750317955017089844e+01 7.228894805908203125e+01
3.023483276367187500e+02 1.322806167602539062e+02 2.915994262695312500e+01 7.238916015625000000e+01
3.042382688522338867e+02 1.341287040710449219e+02 2.750989723205566406e+01 7.165253448486328125e+01
3.015338163375854492e+02 1.329238815307617188e+02 2.956229591369628906e+01 7.231672668457031250e+01
3.019579544067382812e+02 1.339620590209960938e+02 2.986238098144531250e+01 7.150663757324218750e+01
3.020146865844726562e+02 1.333590316772460938e+02 2.858190917968750000e+01 7.167941284179687500e+01
3.023999605178833008e+02 1.334482688903808594e+02 2.768008995056152344e+01 7.187296295166015625e+01
3.014703311920166016e+02 1.344087066650390625e+02 2.839083480834960938e+01 7.118984985351562500e+01
3.023620529174804688e+02 1.333608322143554688e+02 2.712120056152343750e+01 7.182310485839843750e+01
3.033900060653686523e+02 1.336888771057128906e+02 2.571154975891113281e+01 7.132756805419921875e+01
3.027507762908935547e+02 1.333356399536132812e+02 2.540832901000976562e+01 7.162275695800781250e+01
3.033838262557983398e+02 1.341733055114746094e+02 2.559012031555175781e+01 7.103603363037109375e+01
3.043790845870971680e+02 1.337712860107421875e+02 2.447947120666503906e+01 7.110003662109375000e+01
3.046045475006103516e+02 1.344800567626953125e+02 2.406068038940429688e+01 7.034097290039062500e+01
3.046258821487426758e+02 1.339972991943359375e+02 2.383534812927246094e+01 7.045202636718750000e+01
3.027307634353637695e+02 1.342658805847167969e+02 2.622487449645996094e+01 7.034140777587890625e+01
3.056257610321044922e+02 1.349551048278808594e+02 2.402957534790039062e+01 7.001258087158203125e+01
3.040909271240234375e+02 1.347298889160156250e+02 2.489216613769531250e+01 7.004660034179687500e+01
3.061443386077880859e+02 1.353718948364257812e+02 2.428981399536132812e+01 6.973159790039062500e+01
3.058963451385498047e+02 1.354631805419921875e+02 2.519603347778320312e+01 6.941336059570312500e+01
3.064395675659179688e+02 1.354898757934570312e+02 2.589451599121093750e+01 6.973481750488281250e+01
3.060690879821777344e+02 1.354730987548828125e+02 2.603701019287109375e+01 6.969667053222656250e+01
3.061777992248535156e+02 1.363246269226074219e+02 2.753397369384765625e+01 6.856832122802734375e+01
3.065363397598266602e+02 1.369287796020507812e+02 3.040362358093261719e+01 6.784213256835937500e+01
3.056588230133056641e+02 1.371778945922851562e+02 3.390148544311523438e+01 6.807617187500000000e+01
3.051211109161376953e+02 1.373194580078125000e+02 3.724166488647460938e+01 6.750552368164062500e+01
3.025953979492187500e+02 1.367592964172363281e+02 4.178222656250000000e+01 6.800196075439453125e+01
3.087825984954833984e+02 1.375582389831542969e+02 3.518260574340820312e+01 6.824190521240234375e+01
3.086405200958251953e+02 1.369296073913574219e+02 3.891051864624023438e+01 6.861324310302734375e+01
3.078025989532470703e+02 1.365033531188964844e+02 3.933214950561523438e+01 6.882878875732421875e+01
3.100535488128662109e+02 1.379620132446289062e+02 3.626347732543945312e+01 6.858892822265625000e+01
3.126941547393798828e+02 1.379016876220703125e+02 3.534867477416992188e+01 6.863523864746093750e+01
3.172652034759521484e+02 1.378644065856933594e+02 2.974267959594726562e+01 6.830246734619140625e+01
3.197429466247558594e+02 1.385376205444335938e+02 2.736919403076171875e+01 6.830601501464843750e+01
3.210486297607421875e+02 1.388524703979492188e+02 2.633912658691406250e+01 6.817279052734375000e+01
3.239841089248657227e+02 1.379576263427734375e+02 2.447044181823730469e+01 6.937358093261718750e+01
3.256386928558349609e+02 1.366875724792480469e+02 2.274776077270507812e+01 7.094620513916015625e+01
3.266226167678833008e+02 1.352876243591308594e+02 2.257967185974121094e+01 7.178852081298828125e+01
3.282419614791870117e+02 1.342038612365722656e+02 2.208944129943847656e+01 7.360396575927734375e+01
3.296296586990356445e+02 1.335589942932128906e+02 2.253922080993652344e+01 7.475649261474609375e+01
3.311994113922119141e+02 1.326674499511718750e+02 2.180508041381835938e+01 7.600840759277343750e+01
3.326449337005615234e+02 1.295371780395507812e+02 2.202826309204101562e+01 7.992144775390625000e+01
3.325176696777343750e+02 1.304935455322265625e+02 2.294413757324218750e+01 8.099960327148437500e+01
3.346892185211181641e+02 1.315897178649902344e+02 2.296799850463867188e+01 7.855136871337890625e+01
3.364647836685180664e+02 1.314195671081542969e+02 2.211254692077636719e+01 7.947949981689453125e+01
3.372728013992309570e+02 1.297177124023437500e+02 2.277644920349121094e+01 8.036376953125000000e+01
3.385013599395751953e+02 1.304201316833496094e+02 2.337696456909179688e+01 7.899011993408203125e+01
3.386773500442504883e+02 1.315230102539062500e+02 2.449825096130371094e+01 7.783021545410156250e+01
3.393988065719604492e+02 1.300588111877441406e+02 2.591971778869628906e+01 7.977364349365234375e+01
3.404075307846069336e+02 1.294587135314941406e+02 2.570004463195800781e+01 8.111272430419921875e+01
3.401229810714721680e+02 1.305299606323242188e+02 2.695125770568847656e+01 8.096611022949218750e+01
3.409370698928833008e+02 1.331494827270507812e+02 2.785610008239746094e+01 7.885035705566406250e+01
3.428498668670654297e+02 1.357930068969726562e+02 2.853653335571289062e+01 7.686096191406250000e+01
3.443767814636230469e+02 1.361643142700195312e+02 2.715373992919921875e+01 7.691163635253906250e+01
3.450366382598876953e+02 1.378412971496582031e+02 2.814106369018554688e+01 7.578948211669921875e+01
3.437716321945190430e+02 1.390025558471679688e+02 2.842336463928222656e+01 7.498789978027343750e+01
3.442108812332153320e+02 1.387768135070800781e+02 2.896034812927246094e+01 7.492868804931640625e+01
3.448383426666259766e+02 1.387944068908691406e+02 2.849016952514648438e+01 7.478153228759765625e+01
3.451814489364624023e+02 1.385419998168945312e+02 2.799644660949707031e+01 7.520520019531250000e+01
3.468186769485473633e+02 1.388679618835449219e+02 2.692259788513183594e+01 7.501326751708984375e+01
3.475179643630981445e+02 1.384377479553222656e+02 2.576932334899902344e+01 7.563050079345703125e+01
3.486179742813110352e+02 1.383182678222656250e+02 2.480302238464355469e+01 7.565701293945312500e+01
3.471980333328247070e+02 1.377301635742187500e+02 2.593410301208496094e+01 7.607051086425781250e+01
3.468853816986083984e+02 1.379932785034179688e+02 2.624498367309570312e+01 7.656665039062500000e+01
3.458669872283935547e+02 1.371651954650878906e+02 2.697668838500976562e+01 7.676868438720703125e+01
3.464940986633300781e+02 1.358848266601562500e+02 2.730112457275390625e+01 7.757550048828125000e+01
3.442121667861938477e+02 1.354014472961425781e+02 2.865742301940917969e+01 7.895124053955078125e+01
3.437241630554199219e+02 1.326154785156250000e+02 2.831066131591796875e+01 8.126570129394531250e+01
3.410776214599609375e+02 1.253672180175781250e+02 3.145324707031250000e+01 8.853842163085937500e+01
3.388013000488281250e+02 1.176333618164062500e+02 3.229391479492187500e+01 9.633248901367187500e+01
3.391607980728149414e+02 1.236293640136718750e+02 3.059710502624511719e+01 8.975720214843750000e+01
3.359813995361328125e+02 1.230776672363281250e+02 3.218502807617187500e+01 8.964230346679687500e+01
3.351395263671875000e+02 1.220498466491699219e+02 3.125045776367187500e+01 9.113501739501953125e+01
3.347941894531250000e+02 1.211666069030761719e+02 3.044342041015625000e+01 9.169001007080078125e+01
3.334523925781250000e+02 1.209375228881835938e+02 2.956979370117187500e+01 9.130049133300781250e+01
3.358587112426757812e+02 1.248847618103027344e+02 2.775053405761718750e+01 8.837143707275390625e+01
3.361070280075073242e+02 1.289822044372558594e+02 2.560274696350097656e+01 8.492653656005859375e+01
3.356009702682495117e+02 1.319908447265625000e+02 2.581788063049316406e+01 8.253393554687500000e+01
3.344711208343505859e+02 1.324877586364746094e+02 2.623001480102539062e+01 8.140619659423828125e+01
3.368395099639892578e+02 1.333655166625976562e+02 2.372016525268554688e+01 8.077778625488281250e+01
3.365450077056884766e+02 1.326300735473632812e+02 2.411878585815429688e+01 8.089855957031250000e+01
3.375115861892700195e+02 1.318695945739746094e+02 2.314722251892089844e+01 8.085758209228515625e+01
3.352201395034790039e+02 1.314056205749511719e+02 2.440058708190917969e+01 8.188477325439453125e+01
3.355841846466064453e+02 1.319806518554687500e+02 2.513996505737304688e+01 8.162397766113281250e+01
3.351582107543945312e+02 1.310025939941406250e+02 2.678439331054687500e+01 8.257739257812500000e+01
3.313430919647216797e+02 1.314204368591308594e+02 3.313528823852539062e+01 8.300586700439453125e+01
3.357731618881225586e+02 1.326613006591796875e+02 3.076681709289550781e+01 8.179608154296875000e+01
3.329547138214111328e+02 1.318691482543945312e+02 3.470257186889648438e+01 8.254591369628906250e+01
3.347205715179443359e+02 1.324119682312011719e+02 3.263188552856445312e+01 8.242191314697265625e+01
3.330392475128173828e+02 1.314951629638671875e+02 3.434780502319335938e+01 8.286990356445312500e+01
3.327972126007080078e+02 1.327037849426269531e+02 3.369909286499023438e+01 8.250862884521484375e+01
3.350659685134887695e+02 1.322609252929687500e+02 3.014983177185058594e+01 8.235726928710937500e+01
3.351917791366577148e+02 1.326058921813964844e+02 2.989259529113769531e+01 8.216341400146484375e+01
3.339402065277099609e+02 1.319125442504882812e+02 2.927484512329101562e+01 8.220301818847656250e+01
3.357573356628417969e+02 1.321415328979492188e+02 2.633800506591796875e+01 8.203190612792968750e+01
3.367643775939941406e+02 1.321304397583007812e+02 2.558856964111328125e+01 8.118600463867187500e+01
3.344664373397827148e+02 1.320331039428710938e+02 2.650560188293457031e+01 8.136195373535156250e+01
3.358667030334472656e+02 1.327723388671875000e+02 2.667351531982421875e+01 8.128086853027343750e+01
3.356331319808959961e+02 1.324095802307128906e+02 2.586223030090332031e+01 8.110002899169921875e+01
3.350652589797973633e+02 1.330283699035644531e+02 2.746256065368652344e+01 8.146582794189453125e+01
3.355473985671997070e+02 1.328676872253417969e+02 2.780467796325683594e+01 8.130367279052734375e+01
3.343012218475341797e+02 1.319373893737792969e+02 2.906779861450195312e+01 8.137963104248046875e+01
3.348382673263549805e+02 1.319275474548339844e+02 2.899440956115722656e+01 8.173397064208984375e+01
3.344010763168334961e+02 1.322945594787597656e+02 3.000540351867675781e+01 8.149918365478515625e+01
3.348088092803955078e+02 1.321875648498535156e+02 2.971610641479492188e+01 8.183231353759765625e+01
3.342444534301757812e+02 1.317826461791992188e+02 2.978353881835937500e+01 8.210804748535156250e+01
3.294539775848388672e+02 1.323249282836914062e+02 3.366214370727539062e+01 8.133912658691406250e+01
3.325697269439697266e+02 1.325538978576660156e+02 3.135767745971679688e+01 8.159328460693359375e+01
3.276985263824462891e+02 1.326526832580566406e+02 3.453289413452148438e+01 8.084325408935546875e+01
3.351581859588623047e+02 1.328836746215820312e+02 2.835435867309570312e+01 8.079856872558593750e+01
3.344242420196533203e+02 1.351831092834472656e+02 2.758088302612304688e+01 7.872724151611328125e+01
3.318219165802001953e+02 1.360374870300292969e+02 2.856361007690429688e+01 7.762258148193359375e+01
3.332362394332885742e+02 1.379155540466308594e+02 2.908899879455566406e+01 7.596591949462890625e+01
3.321536312103271484e+02 1.395319213867187500e+02 2.869525527954101562e+01 7.515992736816406250e+01
3.320724592208862305e+02 1.402312850952148438e+02 2.812890052795410156e+01 7.442677307128906250e+01
3.263168220520019531e+02 1.412291336059570312e+02 3.062978363037109375e+01 7.367839050292968750e+01
3.295531196594238281e+02 1.420710792541503906e+02 2.601758575439453125e+01 7.344333648681640625e+01
3.277625284194946289e+02 1.414014205932617188e+02 2.784786796569824219e+01 7.468078613281250000e+01
3.274495830535888672e+02 1.426813392639160156e+02 2.780273818969726562e+01 7.376865386962890625e+01
3.270127658843994141e+02 1.423013801574707031e+02 2.813846969604492188e+01 7.412718963623046875e+01
3.265409231185913086e+02 1.414766006469726562e+02 2.740834236145019531e+01 7.443630981445312500e+01
3.284852600097656250e+02 1.404816322326660156e+02 2.525399780273437500e+01 7.534326934814453125e+01
3.260333509445190430e+02 1.389377441406250000e+02 2.709128761291503906e+01 7.627955627441406250e+01
3.238481473922729492e+02 1.371212234497070312e+02 2.898453712463378906e+01 7.799322509765625000e+01
3.224472169876098633e+02 1.348607101440429688e+02 3.061440086364746094e+01 8.061395263671875000e+01
3.200942363739013672e+02 1.327678794860839844e+02 3.337686538696289062e+01 8.329186248779296875e+01
3.167874813079833984e+02 1.334748573303222656e+02 3.495656204223632812e+01 8.417093658447265625e+01
3.157977390289306641e+02 1.329269752502441406e+02 3.480186080932617188e+01 8.557938385009765625e+01
3.106332111358642578e+02 1.346412162780761719e+02 3.691500473022460938e+01 8.534981536865234375e+01
3.082709465026855469e+02 1.355763015747070312e+02 3.678968048095703125e+01 8.413897705078125000e+01
3.071955223083496094e+02 1.368725547790527344e+02 3.557581329345703125e+01 8.349343109130859375e+01
3.039541511535644531e+02 1.363870239257812500e+02 3.495320892333984375e+01 8.377525329589843750e+01
3.028236770629882812e+02 1.347495536804199219e+02 3.213682556152343750e+01 8.509114837646484375e+01
3.011795244216918945e+02 1.333439750671386719e+02 3.155052757263183594e+01 8.650646209716796875e+01
3.002809133529663086e+02 1.310334968566894531e+02 3.029184150695800781e+01 8.907477569580078125e+01
2.977646236419677734e+02 1.302019844055175781e+02 3.027824783325195312e+01 9.021750640869140625e+01
2.954130153656005859e+02 1.317784538269042969e+02 2.929979324340820312e+01 9.003307342529296875e+01
2.916617794036865234e+02 1.329850273132324219e+02 2.885428237915039062e+01 9.047536468505859375e+01
2.886608400344848633e+02 1.338761596679687500e+02 2.899078941345214844e+01 9.014830017089843750e+01
2.859444828033447266e+02 1.344883880615234375e+02 2.911928939819335938e+01 8.960511779785156250e+01
2.827134151458740234e+02 1.340154685974121094e+02 2.750671768188476562e+01 8.970876312255859375e+01
2.792836503982543945e+02 1.321028289794921875e+02 2.921533775329589844e+01 9.119712829589843750e+01
2.758389101028442383e+02 1.296230659484863281e+02 3.123871421813964844e+01 9.380136871337890625e+01
2.711020908355712891e+02 1.276984901428222656e+02 3.441898727416992188e+01 9.614942169189453125e+01
2.660065479278564453e+02 1.270549240112304688e+02 3.850374984741210938e+01 9.762893676757812500e+01
2.615020923614501953e+02 1.281509399414062500e+02 4.032403182983398438e+01 9.814289855957031250e+01
2.584184856414794922e+02 1.289346885681152344e+02 4.163550186157226562e+01 9.904692840576171875e+01
2.560908565521240234e+02 1.311112747192382812e+02 3.935426712036132812e+01 9.838446044921875000e+01
2.524721260070800781e+02 1.322586593627929688e+02 3.740120697021484375e+01 9.787435913085937500e+01
2.485074939727783203e+02 1.318623123168945312e+02 3.663927841186523438e+01 9.788009643554687500e+01
2.459520168304443359e+02 1.302265129089355469e+02 3.341930007934570312e+01 9.943370819091796875e+01
2.431921958923339844e+02 1.277502326965332031e+02 3.328553009033203125e+01 1.021568069458007812e+02
2.413215770721435547e+02 1.260621757507324219e+02 3.261529922485351562e+01 1.035598068237304688e+02
2.376233310699462891e+02 1.255571517944335938e+02 3.395621871948242188e+01 1.044577941894531250e+02
2.322641277313232422e+02 1.246994628906250000e+02 3.665170669555664062e+01 1.050184173583984375e+02
2.290466327667236328e+02 1.248894767761230469e+02 3.772979354858398438e+01 1.067060165405273438e+02
2.268418617248535156e+02 1.284449729919433594e+02 3.568144989013671875e+01 1.062824935913085938e+02
2.230328197479248047e+02 1.288038215637207031e+02 3.498672866821289062e+01 1.052191238403320312e+02
2.204125604629516602e+02 1.268531532287597656e+02 3.108579826354980469e+01 1.082226943969726562e+02
2.182969036102294922e+02 1.313693237304687500e+02 2.950363540649414062e+01 1.038954010009765625e+02
2.132046270370483398e+02 1.291658325195312500e+02 2.988368415832519531e+01 1.051023406982421875e+02
2.083425312042236328e+02 1.290742607116699219e+02 3.272762680053710938e+01 1.050177536010742188e+02
2.029692115783691406e+02 1.268791122436523438e+02 3.912734222412109375e+01 1.071016235351562500e+02
1.960151367187500000e+02 1.266409454345703125e+02 4.462728881835937500e+01 1.085765228271484375e+02
1.915866336822509766e+02 1.252644996643066406e+02 4.725675582885742188e+01 1.109627456665039062e+02
1.882818717956542969e+02 1.272298469543457031e+02 4.794324493408203125e+01 1.097332534790039062e+02
1.866471538543701172e+02 1.267698364257812500e+02 4.543143081665039062e+01 1.111819915771484375e+02
1.844107131958007812e+02 1.297690887451171875e+02 4.431794738769531250e+01 1.094593658447265625e+02
