3.950000000000000000e+02 1.810000000000000000e+02 9.000000000000000000e+00 1.300000000000000000e+01
3.949323239326477051e+02 1.808335456848144531e+02 1.000000000000000000e+01 1.457699584960937500e+01
3.949522528648376465e+02 1.801801118850708008e+02 1.000000000000000000e+01 1.448995018005371094e+01
3.944446063041687012e+02 1.803339271545410156e+02 1.000000000000000000e+01 1.503983306884765625e+01
3.939326510429382324e+02 1.805588760375976562e+02 1.000000000000000000e+01 1.455248260498046875e+01
3.934302382469177246e+02 1.808766741752624512e+02 1.000000000000000000e+01 1.500865268707275391e+01
3.929603748321533203e+02 1.812453613281250000e+02 1.000000000000000000e+01 1.458734130859375000e+01
3.927285861968994141e+02 1.804242653846740723e+02 1.000000000000000000e+01 1.502591609954833984e+01
3.914078912734985352e+02 1.805984454154968262e+02 1.000000000000000000e+01 1.472563266754150391e+01
3.911837515830993652e+02 1.811000075340270996e+02 1.000000000000000000e+01 1.513920307159423828e+01
3.909949479103088379e+02 1.805537471771240234e+02 1.000000000000000000e+01 1.484458923339843750e+01
3.907872042655944824e+02 1.809534482955932617e+02 1.000000000000000000e+01 1.550730323791503906e+01
3.901605319976806641e+02 1.810414304733276367e+02 1.000000000000000000e+01 1.506383705139160156e+01
3.894884576797485352e+02 1.802146692276000977e+02 1.000000000000000000e+01 1.514106559753417969e+01
3.895368843078613281e+02 1.803721413612365723e+02 1.000000000000000000e+01 1.563462352752685547e+01
3.886676735877990723e+02 1.804721350669860840e+02 1.000000000000000000e+01 1.512178134918212891e+01
3.877015399932861328e+02 1.804112243652343750e+02 1.000000000000000000e+01 1.580551147460937500e+01
3.874868888854980469e+02 1.803142671585083008e+02 1.000000000000000000e+01 1.564566612243652344e+01
3.869081740379333496e+02 1.796577138900756836e+02 1.000000000000000000e+01 1.609790611267089844e+01
3.864661922454833984e+02 1.801124787330627441e+02 1.000000000000000000e+01 1.596288204193115234e+01
3.865868668556213379e+02 1.802902259826660156e+02 1.000000000000000000e+01 1.617461013793945312e+01
3.851132268905639648e+02 1.804610090255737305e+02 1.005475521087646484e+01 1.654961204528808594e+01
3.847324075698852539e+02 1.805553879737854004e+02 1.026475048065185547e+01 1.595870876312255859e+01
3.846653089523315430e+02 1.796769790649414062e+02 1.000000000000000000e+01 1.619776535034179688e+01
3.839194560050964355e+02 1.799066495895385742e+02 1.003425884246826172e+01 1.652583885192871094e+01
3.844771113395690918e+02 1.797870340347290039e+02 1.010451030731201172e+01 1.628403663635253906e+01
3.835556077957153320e+02 1.802507944107055664e+02 1.000000000000000000e+01 1.680626869201660156e+01
3.830621614456176758e+02 1.803743324279785156e+02 1.020896911621093750e+01 1.599788284301757812e+01
3.829199829101562500e+02 1.806034460067749023e+02 1.000000000000000000e+01 1.654865074157714844e+01
3.824741911888122559e+02 1.808620553016662598e+02 1.043960285186767578e+01 1.579885768890380859e+01
3.820648255348205566e+02 1.808432173728942871e+02 1.000000000000000000e+01 1.594293308258056641e+01
3.811301088333129883e+02 1.801668062210083008e+02 1.025317668914794922e+01 1.614891624450683594e+01
3.806123867034912109e+02 1.801477704048156738e+02 1.039395999908447266e+01 1.595652675628662109e+01
3.808066720962524414e+02 1.801569728851318359e+02 1.000000000000000000e+01 1.648016738891601562e+01
3.803831863403320312e+02 1.803711748123168945e+02 1.068969154357910156e+01 1.594789695739746094e+01
3.793992872238159180e+02 1.805152349472045898e+02 1.036441421508789062e+01 1.717809486389160156e+01
3.791929931640625000e+02 1.795865440368652344e+02 1.022961616516113281e+01 1.678037261962890625e+01
3.790837635993957520e+02 1.798562164306640625e+02 1.008837223052978516e+01 1.748231506347656250e+01
3.776607632637023926e+02 1.805411233901977539e+02 1.056738376617431641e+01 1.659407615661621094e+01
3.783527975082397461e+02 1.806875591278076172e+02 1.004267501831054688e+01 1.647636032104492188e+01
3.770756139755249023e+02 1.809927558898925781e+02 1.036074066162109375e+01 1.658602905273437500e+01
3.771735997200012207e+02 1.803199310302734375e+02 1.000000000000000000e+01 1.679801940917968750e+01
3.761472659111022949e+02 1.804570512771606445e+02 1.018860816955566406e+01 1.715968894958496094e+01
3.755623159408569336e+02 1.798086071014404297e+02 1.015184307098388672e+01 1.638764572143554688e+01
3.757660174369812012e+02 1.795421466827392578e+02 1.013836860656738281e+01 1.764641952514648438e+01
3.752244353294372559e+02 1.794909763336181641e+02 1.050929832458496094e+01 1.762797927856445312e+01
3.742806754112243652e+02 1.796328458786010742e+02 1.073282432556152344e+01 1.776835823059082031e+01
3.735835976600646973e+02 1.798075895309448242e+02 1.037459182739257812e+01 1.661738777160644531e+01
3.733110270500183105e+02 1.799725198745727539e+02 1.013532447814941406e+01 1.779825401306152344e+01
3.733573932647705078e+02 1.792110452651977539e+02 1.005834674835205078e+01 1.807180595397949219e+01
3.728982434272766113e+02 1.799475259780883789e+02 1.038668823242187500e+01 1.825439262390136719e+01
3.717469944953918457e+02 1.801383886337280273e+02 1.028285980224609375e+01 1.650464057922363281e+01
3.713981819152832031e+02 1.805180940628051758e+02 1.038750553131103516e+01 1.783320426940917969e+01
3.712538018226623535e+02 1.803312654495239258e+02 1.062254714965820312e+01 1.661673545837402344e+01
3.705743799209594727e+02 1.800746622085571289e+02 1.061602687835693359e+01 1.796806144714355469e+01
3.698882603645324707e+02 1.804655685424804688e+02 1.069742584228515625e+01 1.666606903076171875e+01
3.690933351516723633e+02 1.806621255874633789e+02 1.076054286956787109e+01 1.791148185729980469e+01
3.694485192298889160e+02 1.802453899383544922e+02 1.053372573852539062e+01 1.725355148315429688e+01
3.681337695121765137e+02 1.806975545883178711e+02 1.056688880920410156e+01 1.727121162414550781e+01
3.684608335494995117e+02 1.810942792892456055e+02 1.048363018035888672e+01 1.718515205383300781e+01
3.670256347656250000e+02 1.803568353652954102e+02 1.013213443756103516e+01 1.702377128601074219e+01
3.672141246795654297e+02 1.804077930450439453e+02 1.035213947296142578e+01 1.748448562622070312e+01
3.665463666915893555e+02 1.807865285873413086e+02 1.103650951385498047e+01 1.745700263977050781e+01
3.658774800300598145e+02 1.800155038833618164e+02 1.088314819335937500e+01 1.707880210876464844e+01
3.650721812248229980e+02 1.807757749557495117e+02 1.109919166564941406e+01 1.790775489807128906e+01
3.649702205657958984e+02 1.811217947006225586e+02 1.077858448028564453e+01 1.634184455871582031e+01
3.640893611907958984e+02 1.806637992858886719e+02 1.090961170196533203e+01 1.655020141601562500e+01
3.632666230201721191e+02 1.808182516098022461e+02 1.077983474731445312e+01 1.723305702209472656e+01
3.633926253318786621e+02 1.802042970657348633e+02 1.102709770202636719e+01 1.748195457458496094e+01
3.624693784713745117e+02 1.806573724746704102e+02 1.104152965545654297e+01 1.792851829528808594e+01
3.628527493476867676e+02 1.805833234786987305e+02 1.098711395263671875e+01 1.726879310607910156e+01
3.612919926643371582e+02 1.806065540313720703e+02 1.115148162841796875e+01 1.743304824829101562e+01
3.608608398437500000e+02 1.809708681106567383e+02 1.109130954742431641e+01 1.713626670837402344e+01
3.602144227027893066e+02 1.804280099868774414e+02 1.130148696899414062e+01 1.796513175964355469e+01
3.599801430702209473e+02 1.809080486297607422e+02 1.108325576782226562e+01 1.733342361450195312e+01
3.590120053291320801e+02 1.804420795440673828e+02 1.072637939453125000e+01 1.718590164184570312e+01
3.595776662826538086e+02 1.807057323455810547e+02 1.073745250701904297e+01 1.811297988891601562e+01
3.584017357826232910e+02 1.806143913269042969e+02 1.077134323120117188e+01 1.720690917968750000e+01
3.579253783226013184e+02 1.801537446975708008e+02 1.092047691345214844e+01 1.792658805847167969e+01
3.575972471237182617e+02 1.808124494552612305e+02 1.095603466033935547e+01 1.788308143615722656e+01
3.569140958786010742e+02 1.806371469497680664e+02 1.075588512420654297e+01 1.731619071960449219e+01
3.559374318122863770e+02 1.803818206787109375e+02 1.131558990478515625e+01 1.801359558105468750e+01
3.556734385490417480e+02 1.809408721923828125e+02 1.118844795227050781e+01 1.809252166748046875e+01
3.550997776985168457e+02 1.806827812194824219e+02 1.137918090820312500e+01 1.756599426269531250e+01
3.545700473785400391e+02 1.803915834426879883e+02 1.143015766143798828e+01 1.875097465515136719e+01
3.544458222389221191e+02 1.805452718734741211e+02 1.126267623901367188e+01 1.736161231994628906e+01
3.537496280670166016e+02 1.808911800384521484e+02 1.112072467803955078e+01 1.832312393188476562e+01
3.532378888130187988e+02 1.809781475067138672e+02 1.135338592529296875e+01 1.697953414916992188e+01
3.526050882339477539e+02 1.815470275878906250e+02 1.093481349945068359e+01 1.771772766113281250e+01
3.519772434234619141e+02 1.814475526809692383e+02 1.116383838653564453e+01 1.743466758728027344e+01
3.516626696586608887e+02 1.814228553771972656e+02 1.030677986145019531e+01 1.729438781738281250e+01
3.510576958656311035e+02 1.805100278854370117e+02 1.146027755737304688e+01 1.760885047912597656e+01
3.504205369949340820e+02 1.811815166473388672e+02 1.092008113861083984e+01 1.785882949829101562e+01
3.497524714469909668e+02 1.811239328384399414e+02 1.106033515930175781e+01 1.772263145446777344e+01
3.488986883163452148e+02 1.813798799514770508e+02 1.145199871063232422e+01 1.791538810729980469e+01
3.483025212287902832e+02 1.814338064193725586e+02 1.089500427246093750e+01 1.783652687072753906e+01
3.472911891937255859e+02 1.814656753540039062e+02 1.165606403350830078e+01 1.775048065185546875e+01
3.472703828811645508e+02 1.813874559402465820e+02 1.161677455902099609e+01 1.798859977722167969e+01
3.464866333007812500e+02 1.810277395248413086e+02 1.109236240386962891e+01 1.809565162658691406e+01
3.457621569633483887e+02 1.810404357910156250e+02 1.152310371398925781e+01 1.776988220214843750e+01
3.452235884666442871e+02 1.810289812088012695e+02 1.133468437194824219e+01 1.836603355407714844e+01
3.454124336242675781e+02 1.805578050613403320e+02 1.199143314361572266e+01 1.845733451843261719e+01
3.442700872421264648e+02 1.810964212417602539e+02 1.131251811981201172e+01 1.831686210632324219e+01
3.438510117530822754e+02 1.813151388168334961e+02 1.134940719604492188e+01 1.802208137512207031e+01
3.432463593482971191e+02 1.815081176757812500e+02 1.144361495971679688e+01 1.781953430175781250e+01
3.423894815444946289e+02 1.816929969787597656e+02 1.206760311126708984e+01 1.818241119384765625e+01
3.422039628028869629e+02 1.815966949462890625e+02 1.128220748901367188e+01 1.792366790771484375e+01
3.414541592597961426e+02 1.809353361129760742e+02 1.151557159423828125e+01 1.791723060607910156e+01
3.411800069808959961e+02 1.809521150588989258e+02 1.182673931121826172e+01 1.842917442321777344e+01
3.409009752273559570e+02 1.812496614456176758e+02 1.154761409759521484e+01 1.833286857604980469e+01
3.401769080162048340e+02 1.812165288925170898e+02 1.183797264099121094e+01 1.870134925842285156e+01
3.388454937934875488e+02 1.809691133499145508e+02 1.198016357421875000e+01 1.856413841247558594e+01
3.386284770965576172e+02 1.811165866851806641e+02 1.159972095489501953e+01 1.856679153442382812e+01
3.383876099586486816e+02 1.813103227615356445e+02 1.110818099975585938e+01 1.841487693786621094e+01
3.372315559387207031e+02 1.806454257965087891e+02 1.099427890777587891e+01 1.834868240356445312e+01
3.364017519950866699e+02 1.806262798309326172e+02 1.118472480773925781e+01 1.899954605102539062e+01
3.355271406173706055e+02 1.807142257690429688e+02 1.178425121307373047e+01 1.880702972412109375e+01
3.348478293418884277e+02 1.806858034133911133e+02 1.160913658142089844e+01 1.818443107604980469e+01
3.344226703643798828e+02 1.810569629669189453e+02 1.155305194854736328e+01 1.912071609497070312e+01
3.331777653694152832e+02 1.812733926773071289e+02 1.169139862060546875e+01 1.877639579772949219e+01
3.318394865989685059e+02 1.813742990493774414e+02 1.192255973815917969e+01 1.849352073669433594e+01
3.321188259124755859e+02 1.809385738372802734e+02 1.289380359649658203e+01 1.924476242065429688e+01
3.313210287094116211e+02 1.810180072784423828e+02 1.202332592010498047e+01 1.914880752563476562e+01
3.308012976646423340e+02 1.808461723327636719e+02 1.253281974792480469e+01 1.876808166503906250e+01
3.290306692123413086e+02 1.806559734344482422e+02 1.283471202850341797e+01 1.922889328002929688e+01
3.288976383209228516e+02 1.798041868209838867e+02 1.280908679962158203e+01 2.008787727355957031e+01
3.282863807678222656e+02 1.796617975234985352e+02 1.304141330718994141e+01 2.092468070983886719e+01
3.286361122131347656e+02 1.796147060394287109e+02 1.303061771392822266e+01 2.014899063110351562e+01
3.271893134117126465e+02 1.794737329483032227e+02 1.312353324890136719e+01 2.052488517761230469e+01
3.269535412788391113e+02 1.815634384155273438e+02 1.242345428466796875e+01 1.970689392089843750e+01
3.259925522804260254e+02 1.815718450546264648e+02 1.234544754028320312e+01 1.881345558166503906e+01
3.237920203208923340e+02 1.826851768493652344e+02 1.468952751159667969e+01 1.919358062744140625e+01
3.216648144721984863e+02 1.783745317459106445e+02 1.768931579589843750e+01 2.412620353698730469e+01
3.095732884407043457e+02 1.772882375717163086e+02 2.780792999267578125e+01 2.573456764221191406e+01
2.912305645942687988e+02 1.716211042404174805e+02 3.744054412841796875e+01 3.138945198059082031e+01
2.946130814552307129e+02 1.719314136505126953e+02 4.415866470336914062e+01 3.936279678344726562e+01
3.104767537117004395e+02 1.714755153656005859e+02 3.267514038085937500e+01 2.649991989135742188e+01
3.202609963417053223e+02 1.708209915161132812e+02 3.674941635131835938e+01 3.126657867431640625e+01
3.227930417060852051e+02 1.750871219635009766e+02 3.586435699462890625e+01 2.306001663208007812e+01
3.300175557136535645e+02 1.758572330474853516e+02 2.777696228027343750e+01 2.071916580200195312e+01
3.162991051673889160e+02 1.815239467620849609e+02 1.901038742065429688e+01 2.172626876831054688e+01
3.164457135200500488e+02 1.826899566650390625e+02 1.774849700927734375e+01 1.960501861572265625e+01
3.157722582817077637e+02 1.836264104843139648e+02 1.689430427551269531e+01 1.831386756896972656e+01
3.151824393272399902e+02 1.816766586303710938e+02 1.656651878356933594e+01 1.964231872558593750e+01
3.149049091339111328e+02 1.828101472854614258e+02 1.392107105255126953e+01 1.857491111755371094e+01
3.141631803512573242e+02 1.818842430114746094e+02 1.341266155242919922e+01 1.890357971191406250e+01
3.122517070770263672e+02 1.832355957031250000e+02 1.265336322784423828e+01 1.875592041015625000e+01
3.117459878921508789e+02 1.825396556854248047e+02 1.221527767181396484e+01 1.836427688598632812e+01
3.114975090026855469e+02 1.831052894592285156e+02 1.320028018951416016e+01 1.902661895751953125e+01
3.099927444458007812e+02 1.820173730850219727e+02 1.249922275543212891e+01 1.894415092468261719e+01
3.081109972000122070e+02 1.814974546432495117e+02 1.282031917572021484e+01 2.037984657287597656e+01
3.074612798690795898e+02 1.812525787353515625e+02 1.404293346405029297e+01 2.111276245117187500e+01
3.071115136146545410e+02 1.817067670822143555e+02 1.333979415893554688e+01 2.062278175354003906e+01
3.062717175483703613e+02 1.813738718032836914e+02 1.262822723388671875e+01 2.011872673034667969e+01
3.042625374794006348e+02 1.819489326477050781e+02 1.299973678588867188e+01 2.069206237792968750e+01
3.041321945190429688e+02 1.811141510009765625e+02 1.399813175201416016e+01 2.127985382080078125e+01
3.026376557350158691e+02 1.812133560180664062e+02 1.298275375366210938e+01 2.149082946777343750e+01
3.016073555946350098e+02 1.813197536468505859e+02 1.320361709594726562e+01 2.104390335083007812e+01
3.002946901321411133e+02 1.811665811538696289e+02 1.358376979827880859e+01 2.137331199645996094e+01
2.993577623367309570e+02 1.809587697982788086e+02 1.363004970550537109e+01 2.166874122619628906e+01
2.984004230499267578e+02 1.809996509552001953e+02 1.393326282501220703e+01 2.223875808715820312e+01
2.976856899261474609e+02 1.806149692535400391e+02 1.334869861602783203e+01 2.179631423950195312e+01
2.967972784042358398e+02 1.803632574081420898e+02 1.426901531219482422e+01 2.264048957824707031e+01
2.960767130851745605e+02 1.803145713806152344e+02 1.305336952209472656e+01 2.222937011718750000e+01
2.944633789062500000e+02 1.815658798217773438e+02 1.379431247711181641e+01 2.211232757568359375e+01
2.938547539710998535e+02 1.803765382766723633e+02 1.454255294799804688e+01 2.239121818542480469e+01
2.926995115280151367e+02 1.810204563140869141e+02 1.342937755584716797e+01 2.289862442016601562e+01
2.918667950630187988e+02 1.811016521453857422e+02 1.510443115234375000e+01 2.347653579711914062e+01
2.909892230033874512e+02 1.813627052307128906e+02 1.420959663391113281e+01 2.280294799804687500e+01
2.897563252449035645e+02 1.811365547180175781e+02 1.433739471435546875e+01 2.283019256591796875e+01
2.893795824050903320e+02 1.810561084747314453e+02 1.483562374114990234e+01 2.262593460083007812e+01
2.877932128906250000e+02 1.814538536071777344e+02 1.333425998687744141e+01 2.247214508056640625e+01
2.868950634002685547e+02 1.813070669174194336e+02 1.439278125762939453e+01 2.259936714172363281e+01
2.861264314651489258e+02 1.814160747528076172e+02 1.465302181243896484e+01 2.256704330444335938e+01
2.851002707481384277e+02 1.813037137985229492e+02 1.428291893005371094e+01 2.293369483947753906e+01
2.836804709434509277e+02 1.805367527008056641e+02 1.446358299255371094e+01 2.422489547729492188e+01
2.828049869537353516e+02 1.801701755523681641e+02 1.443602466583251953e+01 2.387280654907226562e+01
2.813591542243957520e+02 1.804495840072631836e+02 1.479251098632812500e+01 2.337990760803222656e+01
2.809310693740844727e+02 1.802492589950561523e+02 1.459252834320068359e+01 2.365484046936035156e+01
2.796126751899719238e+02 1.796097154617309570e+02 1.497607421875000000e+01 2.473029136657714844e+01
2.774672708511352539e+02 1.814268045425415039e+02 1.498470211029052734e+01 2.417951011657714844e+01
2.766117725372314453e+02 1.792505397796630859e+02 1.543118762969970703e+01 2.539222335815429688e+01
2.757777466773986816e+02 1.790157861709594727e+02 1.445244216918945312e+01 2.667041587829589844e+01
2.747191662788391113e+02 1.772151451110839844e+02 1.427008056640625000e+01 2.760171508789062500e+01
2.741343836784362793e+02 1.783085718154907227e+02 1.380483436584472656e+01 2.674893760681152344e+01
2.725259284973144531e+02 1.782417793273925781e+02 1.399038791656494141e+01 2.751771545410156250e+01
2.716508331298828125e+02 1.782815761566162109e+02 1.511113834381103516e+01 2.672269821166992188e+01
2.700939583778381348e+02 1.798405752182006836e+02 1.477476119995117188e+01 2.582955360412597656e+01
2.697495160102844238e+02 1.796214303970336914e+02 1.509204864501953125e+01 2.571149253845214844e+01
2.675442404747009277e+02 1.802131538391113281e+02 1.455219078063964844e+01 2.579444885253906250e+01
2.667077841758728027e+02 1.794079637527465820e+02 1.618173789978027344e+01 2.677885246276855469e+01
2.656299557685852051e+02 1.806023349761962891e+02 1.518495941162109375e+01 2.539043807983398438e+01
2.598511419296264648e+02 1.806114482879638672e+02 1.503982830047607422e+01 2.520244216918945312e+01
2.588144993782043457e+02 1.811909885406494141e+02 1.534781646728515625e+01 2.458482742309570312e+01
2.572114572525024414e+02 1.814495620727539062e+02 1.554198360443115234e+01 2.514644622802734375e+01
2.552702670097351074e+02 1.807567014694213867e+02 1.593264198303222656e+01 2.529660224914550781e+01
2.532474718093872070e+02 1.810407638549804688e+02 1.562996578216552734e+01 2.567741394042968750e+01
2.476784558296203613e+02 1.811926660537719727e+02 1.613694763183593750e+01 2.580660820007324219e+01
2.472959742546081543e+02 1.810166196823120117e+02 1.617722511291503906e+01 2.596871376037597656e+01
2.453334231376647949e+02 1.805866880416870117e+02 1.647635078430175781e+01 2.605725288391113281e+01
2.406739044189453125e+02 1.806367273330688477e+02 1.574495029449462891e+01 2.638735008239746094e+01
2.395153269767761230e+02 1.809785289764404297e+02 1.662744331359863281e+01 2.616884994506835938e+01
2.388863406181335449e+02 1.806469268798828125e+02 1.637396430969238281e+01 2.661049652099609375e+01
2.332047381401062012e+02 1.813378944396972656e+02 1.698256111145019531e+01 2.777615356445312500e+01
2.325803561210632324e+02 1.808342094421386719e+02 1.785707283020019531e+01 2.692858886718750000e+01
2.280294365882873535e+02 1.812437419891357422e+02 1.761140823364257812e+01 2.808548355102539062e+01
2.279809327125549316e+02 1.814082183837890625e+02 1.691644668579101562e+01 2.711918640136718750e+01
2.269476208686828613e+02 1.811073360443115234e+02 1.725915527343750000e+01 2.690554428100585938e+01
2.214450058937072754e+02 1.803818941116333008e+02 1.821615219116210938e+01 2.829171562194824219e+01
2.201280379295349121e+02 1.803459157943725586e+02 1.777770805358886719e+01 2.915177345275878906e+01
