8.400000000000000000e+01 1.510000000000000000e+02 9.200000000000000000e+01 1.040000000000000000e+02
9.213832473754882812e+01 1.540462799072265625e+02 9.050557708740234375e+01 9.695831298828125000e+01
1.003674087524414062e+02 1.563202743530273438e+02 8.850114440917968750e+01 9.178056335449218750e+01
1.126228332519531250e+02 1.547968177795410156e+02 8.575326538085937500e+01 9.278453826904296875e+01
1.209193382263183594e+02 1.576577148437500000e+02 8.337552642822265625e+01 8.968466186523437500e+01
1.291015892028808594e+02 1.564869689941406250e+02 8.066831207275390625e+01 9.042303466796875000e+01
1.397463569641113281e+02 1.559507331848144531e+02 7.683132171630859375e+01 8.930181121826171875e+01
1.456429367065429688e+02 1.570785675048828125e+02 7.593797302246093750e+01 8.968127441406250000e+01
1.535984153747558594e+02 1.596032028198242188e+02 7.405017852783203125e+01 8.474479675292968750e+01
1.602920989990234375e+02 1.574837265014648438e+02 7.217846679687500000e+01 8.869633483886718750e+01
1.649970855712890625e+02 1.581763000488281250e+02 7.202111816406250000e+01 8.536743164062500000e+01
1.712133560180664062e+02 1.589649696350097656e+02 6.943965148925781250e+01 8.435921478271484375e+01
1.798758621215820028e+02 1.584456787109374716e+02 6.701615905761718750e+01 8.406552124023437500e+01
1.850280265808104900e+02 1.609002113342284588e+02 6.655231475830078125e+01 7.930730438232421875e+01
1.910336437225341228e+02 1.600067939758300213e+02 6.394034194946289062e+01 7.660701751708984375e+01
1.953897285461425213e+02 1.594001274108886150e+02 6.251808929443359375e+01 8.642142486572265625e+01
2.002862739562987713e+02 1.570853271484374432e+02 5.992626190185546875e+01 8.694216918945312500e+01
2.054056129455565838e+02 1.604185943603515057e+02 6.045354461669921875e+01 8.226211547851562500e+01
2.120812549591064169e+02 1.581151390075683310e+02 5.823220443725588780e+01 8.958585357666015625e+01
2.166265068054199219e+02 1.569176139831542685e+02 5.526154327392578125e+01 8.867191314697265625e+01
2.197315826416015909e+02 1.588971290588378906e+02 5.538287353515622158e+01 8.697881317138671875e+01
2.241608180999755859e+02 1.626756973266601562e+02 5.613029861450195312e+01 8.134309387207031250e+01
2.289060859680175781e+02 1.625993309020996094e+02 5.319957733154296875e+01 8.531403350830078125e+01
2.312001342773437500e+02 1.602320137023925781e+02 5.334033203125000000e+01 8.560076141357421875e+01
2.371030883789062500e+02 1.622243881225585938e+02 5.114950561523437500e+01 8.168251037597656250e+01
2.389285202026367188e+02 1.624255142211914062e+02 5.199235534667968750e+01 8.420927429199218750e+01
2.436962337493896484e+02 1.620709381103515909e+02 5.029030227661132812e+01 7.996731567382812500e+01
2.460998859405517578e+02 1.630440635681152628e+02 5.007705307006835938e+01 8.163291168212890625e+01
2.493603153228759766e+02 1.625091972351074503e+02 4.864689254760742188e+01 7.896714019775390625e+01
2.529990730285644531e+02 1.632316055297851847e+02 4.818587493896484375e+01 7.881929016113281250e+01
2.558526649475097656e+02 1.642751884460449503e+02 4.679531097412109375e+01 7.824701690673828125e+01
2.586718540191650391e+02 1.642789993286133097e+02 4.601099777221679688e+01 7.364353942871093750e+01
2.618242969512939453e+02 1.642959938049316690e+02 4.545870590209960938e+01 6.764360809326171875e+01
2.638635692596435547e+02 1.664204101562500284e+02 4.468649673461914062e+01 6.897518920898437500e+01
2.679411773681640625e+02 1.652082748413086222e+02 4.358792114257812500e+01 6.865226745605468750e+01
2.696667919158935547e+02 1.659460792541504190e+02 4.316293716430664062e+01 6.507881927490234375e+01
2.718611755371093750e+02 1.666037750244140909e+02 4.194247436523437500e+01 6.527545166015625000e+01
2.742165126800537109e+02 1.668273601531982706e+02 4.103270339965820312e+01 6.386413955688476562e+01
2.763620643615722656e+02 1.667319602966308878e+02 4.033141326904296875e+01 6.199671173095703125e+01
2.792954235076904297e+02 1.669755210876465128e+02 4.002930068969726562e+01 6.436811065673828125e+01
2.818278427124023438e+02 1.672209968566894815e+02 3.934129333496093750e+01 6.325908660888671875e+01
2.834776153564453125e+02 1.687985858917236612e+02 3.874851989746093750e+01 5.906444931030273438e+01
2.839435272216796875e+02 1.690838584899902628e+02 3.810067749023437500e+01 5.848813629150390625e+01
2.872886219024658203e+02 1.685857677459717081e+02 3.809138107299804688e+01 5.667683792114257812e+01
2.880092887878417969e+02 1.695426807403564737e+02 3.626296234130859375e+01 5.712922286987304688e+01
2.913050956726074219e+02 1.700233917236328409e+02 3.613909149169921875e+01 5.361654663085937500e+01
2.913698005676269531e+02 1.704259185791015909e+02 3.598088836669921875e+01 5.426901245117187500e+01
2.936258621215820312e+02 1.711210842132568644e+02 3.533354187011718750e+01 5.039029312133789062e+01
2.946175708770751953e+02 1.706229209899902628e+02 3.542693710327148438e+01 5.164798736572265625e+01
2.974193267822265625e+02 1.705079765319824503e+02 3.401782226562500000e+01 5.144969940185546875e+01
2.978216018676757812e+02 1.723315811157226847e+02 3.261279296875000000e+01 4.802449035644531250e+01
2.999133453369140625e+02 1.715156078338623331e+02 3.371316528320312500e+01 4.593028640747070312e+01
3.001008815765380859e+02 1.703893795013428019e+02 3.197893142700195312e+01 4.734746170043945312e+01
3.001194553375244141e+02 1.714885139465332315e+02 3.375083541870117188e+01 4.316300201416015625e+01
3.041130294799804688e+02 1.732239532470703409e+02 3.197515869140625000e+01 4.094364929199218750e+01
3.051022367477416992e+02 1.720243129730224894e+02 2.956014442443847656e+01 4.608591079711914062e+01
3.072311067581176758e+02 1.728154525756836222e+02 3.042084312438964844e+01 3.849354553222656250e+01
3.086242027282714844e+02 1.735183334350586222e+02 2.954058074951171875e+01 4.151724243164062500e+01
3.090586900711059570e+02 1.727439212799072550e+02 2.861356163024902344e+01 4.089498519897460938e+01
3.103958978652954102e+02 1.730619754791260050e+02 2.815780448913574219e+01 4.034061813354492188e+01
3.114847116470336914e+02 1.724138488769531534e+02 2.712751579284667969e+01 4.149189758300781250e+01
3.124918107986450195e+02 1.731562767028808878e+02 2.876738548278808594e+01 4.034360504150390625e+01
3.133760156631469727e+02 1.724844284057617472e+02 2.749055290222167969e+01 4.052938842773437500e+01
3.135516481399536133e+02 1.725093479156494425e+02 2.746457481384277344e+01 4.136516952514648438e+01
3.148618764877319336e+02 1.722108116149902628e+02 2.817546272277832031e+01 3.978299713134765625e+01
3.165577936172485352e+02 1.729162654876709269e+02 2.656220817565917969e+01 4.010983657836914062e+01
3.173179197311401367e+02 1.721594200134277628e+02 2.498200416564941406e+01 3.997696685791015625e+01
3.187286834716796875e+02 1.729384555816650675e+02 2.675637817382812500e+01 3.668438339233398438e+01
3.191425828933715820e+02 1.730502567291260050e+02 2.517420005798339844e+01 3.948608016967773438e+01
3.198359651565551758e+02 1.739777107238769815e+02 2.555089378356933594e+01 3.606526947021484375e+01
3.208892421722412109e+02 1.740828418731689737e+02 2.508487319946289062e+01 3.557079696655273438e+01
3.226550312042236328e+02 1.738689880371094034e+02 2.562319564819335938e+01 3.436309814453125000e+01
3.235299921035766602e+02 1.734583950042724894e+02 2.422210502624511719e+01 3.738345718383789062e+01
3.241022958755493164e+02 1.737990875244140909e+02 2.391322135925292969e+01 3.532295227050781250e+01
3.248140268325805664e+02 1.746810741424560831e+02 2.404868888854980469e+01 3.659544754028320312e+01
3.259852533340454102e+02 1.747084445953369425e+02 2.304815483093261719e+01 3.362328720092773438e+01
3.260276603698730469e+02 1.739133777618408487e+02 2.230413055419921875e+01 3.461021041870117188e+01
3.273128223419189453e+02 1.739375171661377237e+02 2.314999008178710938e+01 3.282929611206054688e+01
3.271975765228271484e+02 1.741043453216553019e+02 2.419795608520507812e+01 3.559213638305664062e+01
3.274789705276489258e+02 1.755838680267334269e+02 2.394188499450683594e+01 3.203187942504882812e+01
3.290608634948730469e+02 1.744605884552002237e+02 2.270294952392578125e+01 3.399663925170898438e+01
3.294477386474609375e+02 1.744768714904785440e+02 2.216024780273437500e+01 3.400185394287109375e+01
3.300717697143554688e+02 1.752385425567627237e+02 2.247044372558593750e+01 3.158353805541992188e+01
3.317785806655883789e+02 1.758430366516113565e+02 2.190382194519042969e+01 2.957862091064453125e+01
3.323282890319824219e+02 1.753935632705688761e+02 2.124202728271484375e+01 3.132513236999511719e+01
3.334890680313110352e+02 1.747034463882446573e+02 2.091360282897949219e+01 3.140066337585449219e+01
3.340813522338867188e+02 1.760340070724487589e+02 2.109260559082031250e+01 3.070803260803222656e+01
3.336652488708496094e+02 1.768753414154053019e+02 2.067709350585937500e+01 2.971020889282226562e+01
3.349514675140380859e+02 1.757062749862671183e+02 2.033056259155273438e+01 2.920408821105957031e+01
3.355170793533325195e+02 1.769683647155762003e+02 2.100854301452636719e+01 3.061505126953125000e+01
3.352139787673950195e+02 1.759064140319824503e+02 1.918176841735839844e+01 2.888788604736328125e+01
3.363047542572021484e+02 1.762656898498535440e+02 2.029331588745117188e+01 3.076698303222656250e+01
3.372736482620239258e+02 1.760205869674682901e+02 2.000333213806152344e+01 2.822656440734863281e+01
3.377054224014282227e+02 1.756393318176269815e+02 2.022920799255371094e+01 2.824978637695312500e+01
3.382191295623779297e+02 1.759288053512573526e+02 2.000144577026367188e+01 2.858239936828613281e+01
3.394852190017700195e+02 1.770893526077270792e+02 2.033134269714355469e+01 2.624491691589355469e+01
3.394560880661010742e+02 1.761788034439087198e+02 1.947600746154785156e+01 2.922341728210449219e+01
3.404902353286743164e+02 1.761397495269775675e+02 1.976196098327636719e+01 2.765603256225585938e+01
3.405421943664550781e+02 1.763780775070190714e+02 1.891060638427734375e+01 2.942830085754394531e+01
3.410172204971313477e+02 1.762340087890625284e+02 1.910751914978027344e+01 2.772799682617187500e+01
3.411679201126098633e+02 1.773214941024780558e+02 1.934038352966308594e+01 2.675043678283691406e+01
3.423282699584960938e+02 1.765100145339966105e+02 1.904263305664062500e+01 2.662121391296386719e+01
3.429841718673706055e+02 1.776523523330688761e+02 1.969127082824707031e+01 2.794341850280761719e+01
3.432302026748657227e+02 1.764206094741821573e+02 1.820651817321777344e+01 2.652219963073730469e+01
3.442242317199707031e+02 1.767887659072876261e+02 1.919770812988281250e+01 2.522131156921386719e+01
3.444668884277343750e+02 1.769052333831787394e+02 1.811820220947265625e+01 2.581180953979492188e+01
3.447868213653564453e+02 1.776218147277832315e+02 1.862137222290039062e+01 2.533501434326171875e+01
3.450284128189086914e+02 1.772684869766235636e+02 1.809608268737792969e+01 2.402985954284667969e+01
3.454551753997802734e+02 1.767460184097290323e+02 1.834034347534179688e+01 2.589803123474121094e+01
3.466118612289428711e+02 1.775972166061401651e+02 1.812278938293457031e+01 2.400860786437988281e+01
3.471255664825439453e+02 1.772481117248535440e+02 1.763225936889648438e+01 2.553961944580078125e+01
3.479659824371337891e+02 1.761478481292724894e+02 1.719028854370117188e+01 2.503695297241210938e+01
3.470654449462890625e+02 1.771791315078735636e+02 1.709405517578125000e+01 2.478545951843261719e+01
3.482837572097778320e+02 1.780696744918823526e+02 1.774695396423339844e+01 2.323225593566894531e+01
3.487141141891479492e+02 1.781427326202392862e+02 1.723829841613769531e+01 2.326314926147460938e+01
3.485879983901977539e+02 1.786738004684448526e+02 1.749011802673339844e+01 2.367533302307128906e+01
3.500939149856567383e+02 1.779364147186279581e+02 1.685619163513183594e+01 2.151768875122070312e+01
3.499125733375549316e+02 1.777174396514892862e+02 1.579767894744873047e+01 2.295578384399414062e+01
3.501086568832397461e+02 1.785581541061401651e+02 1.656981086730957031e+01 2.246629524230957031e+01
3.509081335067749023e+02 1.783888177871704386e+02 1.658453559875488281e+01 2.328544425964355469e+01
3.512980585098266602e+02 1.774289531707763956e+02 1.575338554382324219e+01 2.173968887329101562e+01
3.510567512512207031e+02 1.779669218063354776e+02 1.632209777832031250e+01 2.198901557922363281e+01
3.515548048019409180e+02 1.788330154418945597e+02 1.649945259094238281e+01 2.170925140380859375e+01
3.525663199424743652e+02 1.790447874069214151e+02 1.567851734161376953e+01 2.034169960021972656e+01
3.528880481719970703e+02 1.787443971633911417e+02 1.620481491088867188e+01 2.385404777526855469e+01
3.535812225341796875e+02 1.787404842376709269e+02 1.592521667480468750e+01 2.075399398803710938e+01
3.533064413070678711e+02 1.783807945251465128e+02 1.560915565490722656e+01 2.222727966308593750e+01
3.538458480834960938e+02 1.792299098968506144e+02 1.548651885986328125e+01 2.197152328491210938e+01
3.545934848785400391e+02 1.784688987731933878e+02 1.533983230590820312e+01 2.078617095947265625e+01
3.546543726921081543e+02 1.786566791534424112e+02 1.509898471832275391e+01 2.202210617065429688e+01
3.552722835540771484e+02 1.784429655075073526e+02 1.493749618530273438e+01 2.130680274963378906e+01
3.551027851104736328e+02 1.783694429397583292e+02 1.432474899291992188e+01 2.202351188659667969e+01
3.555390944480895996e+02 1.781343765258789347e+02 1.512881183624267578e+01 2.083786010742187500e+01
3.551665892601013184e+02 1.784788980484009073e+02 1.436456775665283203e+01 2.161923027038574219e+01
3.565460815429687500e+02 1.780140027999878214e+02 1.454324340820312500e+01 2.042912483215332031e+01
3.567752857208251953e+02 1.784324836730957315e+02 1.538408279418945312e+01 2.066622924804687500e+01
3.578768754005432129e+02 1.785849971771240519e+02 1.478251934051513672e+01 2.044089126586914062e+01
3.569826631546020508e+02 1.790175666809082315e+02 1.471828269958496094e+01 2.046142578125000000e+01
3.578051857948303223e+02 1.785041055679321573e+02 1.461072826385498047e+01 1.974844932556152344e+01
3.574923138618469238e+02 1.790721387863159464e+02 1.460973262786865234e+01 1.961700630187988281e+01
3.576244850158691406e+02 1.797320384979248331e+02 1.586433410644531250e+01 1.942759323120117188e+01
3.575087709426879883e+02 1.795529603958130167e+02 1.432534599304199219e+01 1.960842704772949219e+01
3.587822017669677734e+02 1.794609298706054972e+02 1.446141433715820312e+01 1.928874969482421875e+01
3.586371707916259766e+02 1.791459197998047159e+02 1.519765853881835938e+01 1.955419158935546875e+01
3.584239258766174316e+02 1.796830072402954386e+02 1.478218364715576172e+01 2.015276908874511719e+01
3.609538035392761230e+02 1.792526140213012980e+02 1.359117984771728516e+01 1.867079734802246094e+01
3.600444283485412598e+02 1.783780241012573526e+02 1.413849163055419922e+01 2.127216529846191406e+01
3.590368933677673340e+02 1.789389562606811808e+02 1.388351154327392578e+01 1.837757301330566406e+01
3.607133502960205078e+02 1.796238908767700480e+02 1.394472122192382812e+01 1.841106986999511719e+01
3.607246336936950684e+02 1.794727621078491495e+02 1.485088825225830078e+01 2.016936683654785156e+01
3.610217967033386230e+02 1.794226055145263956e+02 1.383747196197509766e+01 1.915611648559570312e+01
3.614030380249023438e+02 1.793137073516845987e+02 1.430488586425781250e+01 1.850844192504882812e+01
3.614469532966613770e+02 1.787887897491455362e+02 1.321429347991943359e+01 1.940650558471679688e+01
3.616832427978515625e+02 1.792931079864502237e+02 1.375634002685546875e+01 1.937846755981445312e+01
3.624425411224365234e+02 1.794232873916626261e+02 1.369137191772460938e+01 1.846372032165527344e+01
3.633614792823791504e+02 1.789447555541992472e+02 1.403458690643310547e+01 1.870013427734375000e+01
3.627990713119506836e+02 1.799567241668701456e+02 1.297355079650878906e+01 1.876436996459960938e+01
3.631267828941345215e+02 1.794956398010254190e+02 1.347652149200439453e+01 1.825145721435546875e+01
3.639551682472229004e+02 1.798785800933838175e+02 1.412153148651123047e+01 1.830138015747070312e+01
3.639119815826416016e+02 1.795105266571045206e+02 1.328094863891601562e+01 1.678426742553710938e+01
3.640032072067260742e+02 1.804218368530273722e+02 1.424077796936035156e+01 1.696595764160156250e+01
3.646902709007263184e+02 1.799335775375366495e+02 1.364230823516845703e+01 1.706019783020019531e+01
3.643750462532043457e+02 1.800609550476074503e+02 1.344823360443115234e+01 1.690661621093750000e+01
3.652539467811584473e+02 1.789434719085693644e+02 1.396278667449951172e+01 1.783443069458007812e+01
3.649189658164978027e+02 1.804944233894348429e+02 1.296291828155517578e+01 1.576377010345458984e+01
3.655176496505737305e+02 1.801468582153320597e+02 1.389898109436035156e+01 1.744051361083984375e+01
3.663449964523315430e+02 1.800686101913452433e+02 1.344721412658691406e+01 1.636015510559082031e+01
3.654367742538452148e+02 1.794480514526367472e+02 1.361694526672363281e+01 1.673011779785156250e+01
3.657904453277587891e+02 1.798806190490722940e+02 1.354151535034179688e+01 1.657077026367187500e+01
3.659170365333557129e+02 1.793339481353760050e+02 1.306338787078857422e+01 1.682628250122070312e+01
3.657966723442077637e+02 1.801839160919189737e+02 1.312616062164306641e+01 1.697465133666992188e+01
3.663752198219299316e+02 1.804538006782532022e+02 1.334504222869873047e+01 1.586242580413818359e+01
3.662427678108215332e+02 1.802916369438171671e+02 1.264826869964599609e+01 1.489772891998291016e+01
3.665581922531127930e+02 1.803161897659302042e+02 1.285817909240722656e+01 1.601306724548339844e+01
3.665039343833923340e+02 1.805719432830810831e+02 1.265542316436767578e+01 1.622629928588867188e+01
3.670625405311584473e+02 1.802051987648010538e+02 1.271491527557373047e+01 1.487185192108154297e+01
3.668122801780700684e+02 1.804402723312378214e+02 1.287120532989501953e+01 1.547158241271972656e+01
3.674274635314941406e+02 1.802383594512939737e+02 1.304505157470703125e+01 1.454635238647460938e+01
3.676094431877136230e+02 1.803559350967407511e+02 1.298261356353759766e+01 1.505497550964355469e+01
3.677955513000488281e+02 1.806055130958557413e+02 1.316156005859375000e+01 1.455548381805419922e+01
3.682610211372375488e+02 1.808522663116455362e+02 1.315976619720458984e+01 1.390372085571289062e+01
3.682038111686706543e+02 1.808339686393738077e+02 1.215635013580322266e+01 1.377594089508056641e+01
3.681921663284301758e+02 1.812231884002685831e+02 1.266865348815917969e+01 1.349357986450195312e+01
3.684037342071533203e+02 1.811061906814575480e+02 1.328594589233398438e+01 1.393584251403808594e+01
3.690383253097534180e+02 1.801572465896606730e+02 1.418110847473144531e+01 1.468080711364746094e+01
3.688574137687683105e+02 1.811252975463867472e+02 1.312061405181884766e+01 1.331705474853515625e+01
3.691039180755615234e+02 1.812157044410705851e+02 1.265800094604492188e+01 1.406470775604248047e+01
3.698042631149291992e+02 1.802883558273315714e+02 1.381574440002441406e+01 1.486420631408691406e+01
3.698653163909912109e+02 1.806263265609741495e+02 1.390758132934570312e+01 1.460692787170410156e+01
3.700342369079589844e+02 1.807340035438537882e+02 1.364506530761718750e+01 1.473086071014404297e+01
3.711041932106018066e+02 1.804064579010010050e+02 1.252314281463623047e+01 1.407765579223632812e+01
3.704916496276855469e+02 1.806988058090210245e+02 1.258572387695312500e+01 1.448211860656738281e+01
3.703154611587524414e+02 1.804782061576843546e+02 1.269061088562011719e+01 1.502887058258056641e+01
3.701913318634033203e+02 1.805090913772583292e+02 1.250685501098632812e+01 1.550750541687011719e+01
3.710037884712219238e+02 1.810475349426269815e+02 1.240102291107177734e+01 1.529356384277343750e+01
3.705695466995239258e+02 1.808930253982544230e+02 1.219533348083496094e+01 1.468902397155761719e+01
3.696201891899108887e+02 1.804664502143860147e+02 1.327446842193603516e+01 1.511345577239990234e+01
3.691501197814941406e+02 1.805574474334717081e+02 1.337415313720703125e+01 1.432885360717773438e+01
3.688080906867980957e+02 1.810091762542724894e+02 1.444196987152099609e+01 1.393307876586914062e+01
3.690686593055725098e+02 1.819252085685730265e+02 1.396872234344482422e+01 1.302353000640869141e+01
3.704562325477600098e+02 1.817973098754883097e+02 1.364883708953857422e+01 1.351382446289062500e+01
3.698597555160522461e+02 1.812091689109802530e+02 1.358811378479003906e+01 1.245377063751220703e+01
3.709946994781494141e+02 1.819076733589172647e+02 1.261419296264648438e+01 1.236176204681396484e+01
3.700088462829589844e+02 1.808572597503662394e+02 1.320101547241210938e+01 1.286106872558593750e+01
3.662886886596679688e+02 1.818454871177673624e+02 1.645701980590820312e+01 1.246180820465087891e+01
3.709146723747253418e+02 1.817145628929138468e+02 1.267915821075439453e+01 1.284046268463134766e+01
3.693661861419677734e+02 1.817266016006470011e+02 1.531550979614257812e+01 1.265323066711425781e+01
3.710467886924743652e+02 1.820092582702637003e+02 1.304599475860595703e+01 1.222691726684570312e+01
3.663394670486450195e+02 1.817784891128540323e+02 1.737503623962402344e+01 1.266945838928222656e+01
3.710775914192199707e+02 1.814595150947571085e+02 1.240665340423583984e+01 1.231827068328857422e+01
3.642449402809143066e+02 1.817752747535705851e+02 1.559914684295654297e+01 1.213624477386474609e+01
3.714221215248107910e+02 1.821257586479187296e+02 1.174627971649169922e+01 1.186316394805908203e+01
3.721284122467041016e+02 1.821709761619568155e+02 1.252448272705078125e+01 1.222440814971923828e+01
3.721480832099914551e+02 1.820350928306579874e+02 1.257763957977294922e+01 1.253540897369384766e+01
3.727992582321166992e+02 1.819237298965454386e+02 1.142230796813964844e+01 1.179974555969238281e+01
3.724639854431152344e+02 1.820794439315796183e+02 1.167797470092773438e+01 1.300717735290527344e+01
3.729571361541748047e+02 1.814326128959656046e+02 1.275322723388671875e+01 1.245095920562744141e+01
3.728319058418273926e+02 1.816415238380432413e+02 1.319591808319091797e+01 1.252375316619873047e+01
3.722484326362609863e+02 1.823924541473388956e+02 1.314132595062255859e+01 1.245416641235351562e+01
3.727068328857421875e+02 1.809333953857422159e+02 1.253632354736328125e+01 1.406385421752929688e+01
3.742610478401184082e+02 1.821197071075439737e+02 1.138996791839599609e+01 1.225906372070312500e+01
3.740992989540100098e+02 1.818097009658813761e+02 1.139390468597412109e+01 1.291103553771972656e+01
3.743649778366088867e+02 1.814541363716125772e+02 1.185995292663574219e+01 1.235915660858154297e+01
3.744368739128112793e+02 1.816170029640198038e+02 1.085479068756103516e+01 1.212483119964599609e+01
3.743401775360107422e+02 1.808852891921997355e+02 1.188829040527343750e+01 1.345919227600097656e+01
3.749180054664611816e+02 1.810935316085815714e+02 1.229183864593505859e+01 1.278507423400878906e+01
3.748631772994995117e+02 1.814515700340271280e+02 1.041785621643066406e+01 1.187774753570556641e+01
3.741661243438720703e+02 1.819244179725647257e+02 1.122604751586914062e+01 1.168879985809326172e+01
3.750219397544860840e+02 1.814825267791748331e+02 1.021970844268798828e+01 1.186189651489257812e+01
3.748751697540283203e+02 1.815900087356567667e+02 1.039007568359375000e+01 1.198618888854980469e+01
3.755995397567749023e+02 1.811866297721863077e+02 1.000000000000000000e+01 1.180564212799072266e+01
3.757756056785583496e+02 1.810228309631347940e+02 1.051985836029052734e+01 1.178046798706054688e+01
3.755984435081481934e+02 1.816151161193847940e+02 1.022459697723388672e+01 1.198229980468750000e+01
3.750992507934570312e+02 1.806841869354248331e+02 1.110856819152832031e+01 1.340472030639648438e+01
3.738573260307312012e+02 1.819621977806091593e+02 1.211710262298583984e+01 1.224879932403564453e+01
3.759659466743469238e+02 1.810767822265625284e+02 1.127051258087158203e+01 1.270100784301757812e+01
3.742927231788635254e+02 1.817404022216797159e+02 1.231806659698486328e+01 1.269662857055664062e+01
3.749739346504211426e+02 1.810530314445495890e+02 1.175483417510986328e+01 1.221648502349853516e+01
3.743960952758789062e+02 1.816464462280273722e+02 1.173525047302246094e+01 1.196502685546875000e+01
3.769429407119750977e+02 1.813163857460022257e+02 1.005087661743164062e+01 1.232449626922607422e+01
3.743914217948913574e+02 1.820322265625000284e+02 1.194007396697998047e+01 1.205413436889648438e+01
3.774436101913452148e+02 1.817061886787414835e+02 1.042168807983398438e+01 1.231063365936279297e+01
3.758301801681518555e+02 1.819138536453247355e+02 1.189315414428710938e+01 1.190808677673339844e+01
3.776079511642456055e+02 1.812006444931030558e+02 1.046479415893554688e+01 1.233780860900878906e+01
3.775089426040649414e+02 1.815087752342224405e+02 1.124792098999023438e+01 1.181272220611572266e+01
3.778350586891174316e+02 1.818962535858154581e+02 1.014125919342041016e+01 1.239257431030273438e+01
3.770171842575073242e+02 1.815219950675964640e+02 1.118205261230468750e+01 1.163293552398681641e+01
3.781873946189880371e+02 1.819638714790344522e+02 1.000000000000000000e+01 1.158211040496826172e+01
3.787597017288208008e+02 1.816579265594482706e+02 1.009707355499267578e+01 1.158782196044921875e+01
3.788698563575744629e+02 1.816917948722839640e+02 1.086514854431152344e+01 1.208604526519775391e+01
3.779824581146240234e+02 1.815358009338379190e+02 1.117303752899169922e+01 1.186404418945312500e+01
3.781182627677917480e+02 1.822319011688232706e+02 1.073344802856445312e+01 1.164574813842773438e+01
3.795668306350708008e+02 1.819854340553283976e+02 1.044100284576416016e+01 1.168228435516357422e+01
3.781814899444580078e+02 1.820491032600403116e+02 1.152561092376708984e+01 1.136966991424560547e+01
3.800331292152404785e+02 1.816975855827331827e+02 1.027673530578613281e+01 1.175463199615478516e+01
3.786852035522460938e+02 1.820404086112976358e+02 1.118971538543701172e+01 1.161292743682861328e+01
3.797198405265808105e+02 1.819427390098572062e+02 1.059886932373046875e+01 1.157147693634033203e+01
3.792186274528503418e+02 1.818695983886719034e+02 1.131488800048828125e+01 1.122296524047851562e+01
3.808623123168945312e+02 1.816261768341064737e+02 1.010095119476318359e+01 1.122730636596679688e+01
3.794831008911132812e+02 1.824370441436767862e+02 1.106799602508544922e+01 1.083160781860351562e+01
3.656691727638244629e+02 1.827668857574463175e+02 1.469114875793457031e+01 1.095917892456054688e+01
3.659809985160827637e+02 1.823189210891723917e+02 1.553661346435546875e+01 1.141157722473144531e+01
3.657991328239440918e+02 1.813395957946777628e+02 1.750988006591796875e+01 1.197181320190429688e+01
3.819434890747070312e+02 1.821162319183349894e+02 1.050643062591552734e+01 1.024716949462890625e+01
3.820854301452636719e+02 1.825187869071960733e+02 1.199564266204833984e+01 1.000000000000000000e+01
3.817556467056274414e+02 1.821106715202331827e+02 1.414814090728759766e+01 1.067670059204101562e+01
3.825957646369934082e+02 1.830426607131958292e+02 1.266491127014160156e+01 1.000000000000000000e+01
3.836995453834533691e+02 1.817583522796631144e+02 1.278625679016113281e+01 1.043581199645996094e+01
3.839844222068786621e+02 1.824046740531921671e+02 1.293581771850585938e+01 1.016831874847412109e+01
3.848629469871520996e+02 1.831129441261291788e+02 1.278613662719726562e+01 1.000000000000000000e+01
3.846205544471740723e+02 1.822224168777466105e+02 1.185557746887207031e+01 1.010123348236083984e+01
3.844808526039123535e+02 1.822860784530639933e+02 1.075290870666503906e+01 1.024650478363037109e+01
3.848987464904785156e+02 1.825318961143493937e+02 1.078667736053466797e+01 1.013046455383300781e+01
3.833347306251525879e+02 1.825349678993225382e+02 1.325352668762207031e+01 1.013442611694335938e+01
3.814268879890441895e+02 1.821242113113403605e+02 1.611437416076660156e+01 1.057735729217529297e+01
3.840810565948486328e+02 1.827619862556457804e+02 1.302310848236083984e+01 1.024325180053710938e+01
3.833616909980773926e+02 1.824945874214172647e+02 1.300893592834472656e+01 1.025320816040039062e+01
3.835701165199279785e+02 1.824830040931701944e+02 1.217880439758300781e+01 1.000000000000000000e+01
3.794026198387145996e+02 1.827563428878784464e+02 1.550601196289062500e+01 1.061928844451904297e+01
3.848940181732177734e+02 1.816674489974975870e+02 1.229043483734130859e+01 1.053468990325927734e+01
3.799671773910522461e+02 1.825586357116699503e+02 1.593305683135986328e+01 1.062940311431884766e+01
3.820017733573913574e+02 1.823217892646789835e+02 1.550170516967773438e+01 1.011256408691406250e+01
3.821825661659240723e+02 1.818092713356018351e+02 1.527052497863769531e+01 1.075111770629882812e+01
3.769074168205261230e+02 1.810044436454773233e+02 1.945362854003906250e+01 1.213646125793457031e+01
3.816160635948181152e+02 1.818226089477539347e+02 1.680133438110351562e+01 1.046013736724853516e+01
3.831556124687194824e+02 1.811342267990112589e+02 1.563370513916015625e+01 1.128929424285888672e+01
3.763829655647277832e+02 1.812896585464477823e+02 2.092355155944824219e+01 1.256610774993896484e+01
3.788670706748962402e+02 1.809861516952514933e+02 2.308873367309570312e+01 1.196760845184326172e+01
3.812807106971740723e+02 1.817513484954834269e+02 1.932028388977050781e+01 1.081156635284423828e+01
3.895485591888427734e+02 1.821134057044983194e+02 1.198755931854248047e+01 1.000000000000000000e+01
3.816734023094177246e+02 1.822094073295593546e+02 1.660663986206054688e+01 1.000000000000000000e+01
3.805136208534240723e+02 1.817737445831299112e+02 1.503927803039550781e+01 1.033463573455810547e+01
3.800277247428894043e+02 1.821940569877624796e+02 1.617765808105468750e+01 1.067717742919921875e+01
3.803421254158020020e+02 1.814491791725158976e+02 1.634198570251464844e+01 1.037840461730957031e+01
3.871931619644165039e+02 1.812988071441650675e+02 1.401459217071533203e+01 1.086657238006591797e+01
3.901534929275512695e+02 1.817697415351867960e+02 1.092661762237548828e+01 1.000000000000000000e+01
3.807268671989440918e+02 1.832954139709472940e+02 1.258993148803710938e+01 1.000000000000000000e+01
3.799495882987976074e+02 1.825571889877319620e+02 1.337732315063476562e+01 1.000000000000000000e+01
3.795526623725891113e+02 1.823068866729736612e+02 1.320119667053222656e+01 1.000000000000000000e+01
3.802560911178588867e+02 1.834920020103454874e+02 1.246257114410400391e+01 1.000000000000000000e+01
3.803764605522155762e+02 1.830925030708313272e+02 1.313115310668945312e+01 1.000000000000000000e+01
3.797814302444458008e+02 1.828810329437256144e+02 1.361249256134033203e+01 1.000000000000000000e+01
3.796841115951538086e+02 1.831890454292297647e+02 1.265781116485595703e+01 1.000000000000000000e+01
3.790029172897338867e+02 1.824022035598755167e+02 1.373040103912353516e+01 1.000000000000000000e+01
3.794059143066406250e+02 1.828796129226684855e+02 1.308843898773193359e+01 1.000000000000000000e+01
3.789982023239135742e+02 1.827847800254822062e+02 1.286859226226806641e+01 1.000000000000000000e+01
3.782850031852722168e+02 1.829222278594970987e+02 1.378923797607421875e+01 1.000000000000000000e+01
3.779843072891235352e+02 1.831796875000000284e+02 1.309975147247314453e+01 1.000000000000000000e+01
3.775276789665222168e+02 1.826972393989563272e+02 1.333395385742187500e+01 1.012037181854248047e+01
3.775163784027099609e+02 1.830340094566345499e+02 1.335318279266357422e+01 1.000000000000000000e+01
3.780393018722534180e+02 1.825628833770752237e+02 1.301097965240478516e+01 1.006551647186279297e+01
3.771525406837463379e+02 1.821520738601684855e+02 1.348041725158691406e+01 1.000225543975830078e+01
3.778967571258544922e+02 1.823889989852905558e+02 1.307372570037841797e+01 1.004945850372314453e+01
3.776575994491577148e+02 1.834367690086365030e+02 1.305334949493408203e+01 1.000000000000000000e+01
3.772092022895812988e+02 1.832135224342346476e+02 1.312121772766113281e+01 1.000831413269042969e+01
3.766637158393859863e+02 1.830314960479736612e+02 1.314996147155761719e+01 1.000000000000000000e+01
3.768819174766540527e+02 1.827516484260559366e+02 1.309586334228515625e+01 1.012953853607177734e+01
3.767036466598510742e+02 1.827050471305847452e+02 1.320319843292236328e+01 1.000000000000000000e+01
3.762936267852783203e+02 1.825852198600769327e+02 1.334717845916748047e+01 1.000000000000000000e+01
3.758361649513244629e+02 1.824291038513183878e+02 1.318551063537597656e+01 1.007625865936279297e+01
3.763918728828430176e+02 1.833767023086548136e+02 1.266571998596191406e+01 1.000000000000000000e+01
3.754662404060363770e+02 1.827315111160278605e+02 1.366322517395019531e+01 1.026425933837890625e+01
3.753561897277832031e+02 1.827398643493652628e+02 1.341666698455810547e+01 1.002034950256347656e+01
3.747864899635314941e+02 1.827147884368896769e+02 1.368249702453613281e+01 1.014250755310058594e+01
3.744728260040283203e+02 1.830220737457275675e+02 1.380029582977294922e+01 1.036488151550292969e+01
3.742257928848266602e+02 1.829830746650696085e+02 1.396210575103759766e+01 1.057074069976806641e+01
3.735629796981811523e+02 1.827449622154236124e+02 1.377218723297119141e+01 1.005785274505615234e+01
3.735124220848083496e+02 1.831455640792846964e+02 1.379351043701171875e+01 1.006924438476562500e+01
3.732082500457763672e+02 1.823737096786499308e+02 1.416343593597412109e+01 1.064889144897460938e+01
3.732256107330322266e+02 1.825677728652954386e+02 1.415604686737060547e+01 1.045312118530273438e+01
3.725760531425476074e+02 1.830071816444397257e+02 1.419745254516601562e+01 1.067017078399658203e+01
3.721498637199401855e+02 1.832163615226745890e+02 1.417473220825195312e+01 1.039496517181396484e+01
3.719153699874877930e+02 1.827444119453430460e+02 1.437393283843994141e+01 1.062902927398681641e+01
3.720866117477416992e+02 1.831415586471557901e+02 1.440243625640869141e+01 1.046330642700195312e+01
3.717829098701477051e+02 1.833016681671142862e+02 1.480249214172363281e+01 1.085982322692871094e+01
3.705070405006408691e+02 1.821784877777099894e+02 1.569375419616699219e+01 1.140987586975097656e+01
