2.150000000000000000e+02 7.200000000000000000e+01 2.700000000000000000e+01 3.300000000000000000e+01
2.145622091293334961e+02 7.119467353820800781e+01 2.588594245910644531e+01 3.280765914916992188e+01
2.146411285400390625e+02 7.109879493713378906e+01 2.588388061523437500e+01 3.295212936401367188e+01
2.152178297042846680e+02 7.171504783630371094e+01 2.581394386291503906e+01 3.275964736938476562e+01
2.153011455535888672e+02 7.186529350280761719e+01 2.586514663696289062e+01 3.272618484497070312e+01
2.154778528213500977e+02 7.206967544555664062e+01 2.578677177429199219e+01 3.253226470947265625e+01
2.151281986236572266e+02 7.179590606689453125e+01 2.575690841674804688e+01 3.234341430664062500e+01
2.150513515472412109e+02 7.244811248779296875e+01 2.605611038208007812e+01 3.274125671386718750e+01
2.155584640502929688e+02 7.264886665344238281e+01 2.632894897460937500e+01 3.267971420288085938e+01
2.162878837585449219e+02 7.279361343383789062e+01 2.628462982177734375e+01 3.270365142822265625e+01
2.158642578125000000e+02 7.203846168518066406e+01 2.636656188964843750e+01 3.270525741577148438e+01
2.157284250259399414e+02 7.261910057067871094e+01 2.636610221862792969e+01 3.213051223754882812e+01
2.162650890350341797e+02 7.249453353881835938e+01 2.629100418090820312e+01 3.206421661376953125e+01
2.169295520782470703e+02 7.240623283386230469e+01 2.633318710327148438e+01 3.193185806274414062e+01
2.166674585342407227e+02 7.328963279724121094e+01 2.594962882995605469e+01 3.142526626586914062e+01
2.173570604324340820e+02 7.262437248229980469e+01 2.588207054138183594e+01 3.190402603149414062e+01
2.174070348739624023e+02 7.271009445190429688e+01 2.620231819152832031e+01 3.190692901611328125e+01
2.169288368225097656e+02 7.344520473480224609e+01 2.606134796142578125e+01 3.168593025207519531e+01
2.171120166778564453e+02 7.351343345642089844e+01 2.595841598510742188e+01 3.183697891235351562e+01
2.170919342041015625e+02 7.362241744995117188e+01 2.628486633300781250e+01 3.184233856201171875e+01
2.172661905288696289e+02 7.293818664550781250e+01 2.591584587097167969e+01 3.216273498535156250e+01
2.171991443634033203e+02 7.204707145690917969e+01 2.561599349975585938e+01 3.249435806274414062e+01
2.170270881652832031e+02 7.244181442260742188e+01 2.567795562744140625e+01 3.201833343505859375e+01
2.171557226181030273e+02 7.295426845550537109e+01 2.560264778137207031e+01 3.160814094543457031e+01
2.175774898529052734e+02 7.238778686523437500e+01 2.529254531860351562e+01 3.206352233886718750e+01
2.170545291900634766e+02 7.200729179382324219e+01 2.556783676147460938e+01 3.211740493774414062e+01
2.171465225219726562e+02 7.196149063110351562e+01 2.578784179687500000e+01 3.210149383544921875e+01
2.175252714157104492e+02 7.189592742919921875e+01 2.569669532775878906e+01 3.213374328613281250e+01
2.179488611221313477e+02 7.170235061645507812e+01 2.582389640808105469e+01 3.225551605224609375e+01
2.179607944488525391e+02 7.203157043457031250e+01 2.586605453491210938e+01 3.245314025878906250e+01
2.177372350692749023e+02 7.148616790771484375e+01 2.586067390441894531e+01 3.235389709472656250e+01
2.166194686889648438e+02 7.154079437255859375e+01 2.605451965332031250e+01 3.275245666503906250e+01
2.157645797729492188e+02 7.148709106445312500e+01 2.604057312011718750e+01 3.275209045410156250e+01
2.148297910690307617e+02 7.107382011413574219e+01 2.647402381896972656e+01 3.319232559204101562e+01
2.129186086654663086e+02 6.998251914978027344e+01 2.636247444152832031e+01 3.360492324829101562e+01
2.116303873062133789e+02 6.990506744384765625e+01 2.685400199890136719e+01 3.361129760742187500e+01
2.093618927001953125e+02 6.923773002624511719e+01 2.744226074218750000e+01 3.365243911743164062e+01
2.086981801986694336e+02 6.897225189208984375e+01 2.716110420227050781e+01 3.371212768554687500e+01
2.080683269500732422e+02 6.830567741394042969e+01 2.684564590454101562e+01 3.408867263793945312e+01
2.076310634613037109e+02 6.898777580261230469e+01 2.651875686645507812e+01 3.416250991821289062e+01
2.057381715774536133e+02 6.820538902282714844e+01 2.717094993591308594e+01 3.398984146118164062e+01
2.036971225738525391e+02 6.771771430969238281e+01 2.821105575561523438e+01 3.509359359741210938e+01
2.015654544830322266e+02 6.824826812744140625e+01 2.798138046264648438e+01 3.405142211914062500e+01
2.007563114166259766e+02 6.789109039306640625e+01 2.757461166381835938e+01 3.365069580078125000e+01
1.990757436752319336e+02 6.766667747497558594e+01 2.737413215637207031e+01 3.415164566040039062e+01
1.980507926940917969e+02 6.751572608947753906e+01 2.708234405517578125e+01 3.413840866088867188e+01
1.963015699386596680e+02 6.701876258850097656e+01 2.717215919494628906e+01 3.439736557006835938e+01
1.950501222610473633e+02 6.679125785827636719e+01 2.728055381774902344e+01 3.411291885375976562e+01
1.934282150268554688e+02 6.748334121704101562e+01 2.799882507324218750e+01 3.383834075927734375e+01
1.928484315872192383e+02 6.755045890808105469e+01 2.754114341735839844e+01 3.390945816040039062e+01
1.915719833374023438e+02 6.719052886962890625e+01 2.744160461425781250e+01 3.380761718750000000e+01
1.902207736968994141e+02 6.687249565124511719e+01 2.721232223510742188e+01 3.364625930786132812e+01
1.892317485809326172e+02 6.714539337158203125e+01 2.717477798461914062e+01 3.356983947753906250e+01
1.881613187789916992e+02 6.705193519592285156e+01 2.688019752502441406e+01 3.395887374877929688e+01
1.868669929504394531e+02 6.719938850402832031e+01 2.680513763427734375e+01 3.404595565795898438e+01
1.863224039077758789e+02 6.754790687561035156e+01 2.777280998229980469e+01 3.370446395874023438e+01
1.851711616516113281e+02 6.713408660888671875e+01 2.746743011474609375e+01 3.347372436523437500e+01
1.844007463455200195e+02 6.674921798706054688e+01 2.760332298278808594e+01 3.386986541748046875e+01
1.839987974166870117e+02 6.717379379272460938e+01 2.778769874572753906e+01 3.366785430908203125e+01
1.853857450485229492e+02 6.632736396789550781e+01 2.685468482971191406e+01 3.378678512573242188e+01
1.861277561187744141e+02 6.666742897033691406e+01 2.746566390991210938e+01 3.390223312377929688e+01
1.870731964111328125e+02 6.726326179504394531e+01 2.768850708007812500e+01 3.362237167358398438e+01
1.885096626281738281e+02 6.604569244384765625e+01 2.724370574951171875e+01 3.437014770507812500e+01
1.898798427581787109e+02 6.763022804260253906e+01 2.796431350708007812e+01 3.339750289916992188e+01
1.920273313522338867e+02 6.665773963928222656e+01 2.667826271057128906e+01 3.396775436401367188e+01
1.933509254455566406e+02 6.719727897644042969e+01 2.657869720458984375e+01 3.382114028930664062e+01
1.944302816390991211e+02 6.665908813476562500e+01 2.699218940734863281e+01 3.434529113769531250e+01
1.973970518112182617e+02 6.713819313049316406e+01 2.664237403869628906e+01 3.433694076538085938e+01
1.982521066665649414e+02 6.703959846496582031e+01 2.701695060729980469e+01 3.444820785522460938e+01
2.009369697570800781e+02 6.602802085876464844e+01 2.846990203857421875e+01 3.479381179809570312e+01
2.044873523712158203e+02 6.650660514831542969e+01 2.712015914916992188e+01 3.472127151489257812e+01
2.067503671646118164e+02 6.610297393798828125e+01 2.773158073425292969e+01 3.474015808105468750e+01
2.088979444503784180e+02 6.653684997558593750e+01 2.710820960998535156e+01 3.489379882812500000e+01
2.122753353118896484e+02 6.607361793518066406e+01 2.718866348266601562e+01 3.512371444702148438e+01
2.135438508987426758e+02 6.604111289978027344e+01 2.729761314392089844e+01 3.469334793090820312e+01
2.147770338058471680e+02 6.570985412597656250e+01 2.687403297424316406e+01 3.528410339355468750e+01
2.159128808975219727e+02 6.553104591369628906e+01 2.711605644226074219e+01 3.542164230346679688e+01
2.170753202438354492e+02 6.508398818969726562e+01 2.697953224182128906e+01 3.601349639892578125e+01
2.184312877655029297e+02 6.613736724853515625e+01 2.680171585083007812e+01 3.604463195800781250e+01
2.198458242416381836e+02 6.630902862548828125e+01 2.720512580871582031e+01 3.589414978027343750e+01
2.211925497055053711e+02 6.546887588500976562e+01 2.722281074523925781e+01 3.655959320068359375e+01
2.227719678878784180e+02 6.577411842346191406e+01 2.667437171936035156e+01 3.638329696655273438e+01
2.233459854125976562e+02 6.676169013977050781e+01 2.708181762695312500e+01 3.545550155639648438e+01
2.236665143966674805e+02 6.654982185363769531e+01 2.719948768615722656e+01 3.565426254272460938e+01
2.234522476196289062e+02 6.747442817687988281e+01 2.734523010253906250e+01 3.504905319213867188e+01
2.225928201675415039e+02 6.754678535461425781e+01 2.686598014831542969e+01 3.536889266967773438e+01
2.214838304519653320e+02 6.662700271606445312e+01 2.754056358337402344e+01 3.554628753662109375e+01
2.213271675109863281e+02 6.695976448059082031e+01 2.692418670654296875e+01 3.519192123413085938e+01
2.209129047393798828e+02 6.673848724365234375e+01 2.705527877807617188e+01 3.527333068847656250e+01
2.209574556350708008e+02 6.580437469482421875e+01 2.679601097106933594e+01 3.619566345214843750e+01
2.209255037307739258e+02 6.537211608886718750e+01 2.685132408142089844e+01 3.584570312500000000e+01
2.203684635162353516e+02 6.565859413146972656e+01 2.708193588256835938e+01 3.570269393920898438e+01
2.200948429107666016e+02 6.522285270690917969e+01 2.698351669311523438e+01 3.511792373657226562e+01
2.198708858489990234e+02 6.533787918090820312e+01 2.629945755004882812e+01 3.477474212646484375e+01
2.192380142211914062e+02 6.535196113586425781e+01 2.703141784667968750e+01 3.452593612670898438e+01
2.192537307739257812e+02 6.610879516601562500e+01 2.704449462890625000e+01 3.384375000000000000e+01
2.185375432968139648e+02 6.596943092346191406e+01 2.719902229309082031e+01 3.360488510131835938e+01
2.187269992828369141e+02 6.580718803405761719e+01 2.701986312866210938e+01 3.351167678833007812e+01
2.184208765029907227e+02 6.605677795410156250e+01 2.721618461608886719e+01 3.361119079589843750e+01
2.185252676010131836e+02 6.612061882019042969e+01 2.711929512023925781e+01 3.321594619750976562e+01
2.178108453750610352e+02 6.594095802307128906e+01 2.749697685241699219e+01 3.361880111694335938e+01
2.187366609573364258e+02 6.652122879028320312e+01 2.666588401794433594e+01 3.307646942138671875e+01
2.186076068878173828e+02 6.611513328552246094e+01 2.665705490112304688e+01 3.279994583129882812e+01
2.190083646774291992e+02 6.663049888610839844e+01 2.645119667053222656e+01 3.216099929809570312e+01
2.189725790023803711e+02 6.677476692199707031e+01 2.661836433410644531e+01 3.219692611694335938e+01
2.183268833160400391e+02 6.669222831726074219e+01 2.720328903198242188e+01 3.279323196411132812e+01
2.186010246276855469e+02 6.687771034240722656e+01 2.701116180419921875e+01 3.246567916870117188e+01
2.182689895629882812e+02 6.670515251159667969e+01 2.700277709960937500e+01 3.222307205200195312e+01
2.179470529556274414e+02 6.628306388854980469e+01 2.731182670593261719e+01 3.264642715454101562e+01
2.173909626007080078e+02 6.615567970275878906e+01 2.732397079467773438e+01 3.266950607299804688e+01
2.180413837432861328e+02 6.744904327392578125e+01 2.694756698608398438e+01 3.226686096191406250e+01
2.180971317291259766e+02 6.679116725921630859e+01 2.660784530639648438e+01 3.121624946594238281e+01
2.188053569793701172e+02 6.732290744781494141e+01 2.678722000122070312e+01 3.109806632995605469e+01
2.181542005538940430e+02 6.764310359954833984e+01 2.722034645080566406e+01 3.137433052062988281e+01
2.190622501373291016e+02 6.677420425415039062e+01 2.667486190795898438e+01 3.143442535400390625e+01
2.181023855209350586e+02 6.740804958343505859e+01 2.730473518371582031e+01 3.093289375305175781e+01
2.179172792434692383e+02 6.721552276611328125e+01 2.729897117614746094e+01 3.021644592285156250e+01
2.178726282119750977e+02 6.893079757690429688e+01 2.721462821960449219e+01 2.920841217041015625e+01
2.179611129760742188e+02 6.955206298828125000e+01 2.672714233398437500e+01 2.756623840332031250e+01
2.182489662170410156e+02 6.980781078338623047e+01 2.688906097412109375e+01 2.823587989807128906e+01
2.166506643295288086e+02 6.964056396484375000e+01 2.729168891906738281e+01 2.737040710449218750e+01
2.171280689239501953e+02 6.984102058410644531e+01 2.639995956420898438e+01 2.707217025756835938e+01
2.174820652008056641e+02 7.005937099456787109e+01 2.685802841186523438e+01 2.855302619934082031e+01
2.178718414306640625e+02 6.988945484161376953e+01 2.644885253906250000e+01 2.778981590270996094e+01
2.173377895355224609e+02 7.009758472442626953e+01 2.652353286743164062e+01 2.733731651306152344e+01
2.175292921066284180e+02 7.062206935882568359e+01 2.613479042053222656e+01 2.761642646789550781e+01
2.173883476257324219e+02 6.950677680969238281e+01 2.635059356689453125e+01 2.806805038452148438e+01
2.167824411392211914e+02 7.011894226074218750e+01 2.639642143249511719e+01 2.693084716796875000e+01
2.169343070983886719e+02 6.953773880004882812e+01 2.630275726318359375e+01 2.733841705322265625e+01
2.166915149688720703e+02 6.996023559570312500e+01 2.624566268920898438e+01 2.745979309082031250e+01
2.174704751968383789e+02 6.910105323791503906e+01 2.603973197937011719e+01 2.847574996948242188e+01
2.169618721008300781e+02 6.951219844818115234e+01 2.623256683349609375e+01 2.732365608215332031e+01
2.167936716079711914e+02 6.874993133544921875e+01 2.608228874206542969e+01 2.914588928222656250e+01
2.161801919937133789e+02 6.872208595275878906e+01 2.656655693054199219e+01 2.919959640502929688e+01
2.167721586227416992e+02 6.880418586730957031e+01 2.651140785217285156e+01 2.901906967163085938e+01
2.159583835601806641e+02 6.872397041320800781e+01 2.689162826538085938e+01 2.821879196166992188e+01
2.170810461044311523e+02 6.816969776153564453e+01 2.612118721008300781e+01 2.878047752380371094e+01
2.167098398208618164e+02 6.873378753662109375e+01 2.652192497253417969e+01 2.875076293945312500e+01
2.173912906646728516e+02 6.604457855224609375e+01 2.607973861694335938e+01 3.086553955078125000e+01
2.170471620559692383e+02 6.871846294403076172e+01 2.674187278747558594e+01 3.036075782775878906e+01
2.164008865356445312e+02 6.690241241455078125e+01 2.668176269531250000e+01 3.134239196777343750e+01
2.165201721191406250e+02 6.667572307586669922e+01 2.689883422851562500e+01 3.176122474670410156e+01
2.168003826141357422e+02 6.664856910705566406e+01 2.712993240356445312e+01 3.155712509155273438e+01
2.162199325561523438e+02 6.650990295410156250e+01 2.726712036132812500e+01 3.270851135253906250e+01
2.162766504287719727e+02 6.588203430175781250e+01 2.714727592468261719e+01 3.292523193359375000e+01
2.159790382385253906e+02 6.680898284912109375e+01 2.723380279541015625e+01 3.274707031250000000e+01
2.160837459564208984e+02 6.670884895324707031e+01 2.693475723266601562e+01 3.242823410034179688e+01
2.160644550323486328e+02 6.602405357360839844e+01 2.689739608764648438e+01 3.272711563110351562e+01
2.166529855728149414e+02 6.582387351989746094e+01 2.649380302429199219e+01 3.283966445922851562e+01
2.162555036544799805e+02 6.624205017089843750e+01 2.674579811096191406e+01 3.286782836914062500e+01
2.166685848236083984e+02 6.604130363464355469e+01 2.651570510864257812e+01 3.308223342895507812e+01
2.172216825485229492e+02 6.620487213134765625e+01 2.630628395080566406e+01 3.298683166503906250e+01
2.171549978256225586e+02 6.641314125061035156e+01 2.646939277648925781e+01 3.244562911987304688e+01
2.168484401702880859e+02 6.736781024932861328e+01 2.662674331665039062e+01 3.188559532165527344e+01
2.166710805892944336e+02 6.726421928405761719e+01 2.654226875305175781e+01 3.205131912231445312e+01
2.158380603790283203e+02 6.646995925903320312e+01 2.707314682006835938e+01 3.268169403076171875e+01
2.159508132934570312e+02 6.613228607177734375e+01 2.677967834472656250e+01 3.292765808105468750e+01
2.160056343078613281e+02 6.542743492126464844e+01 2.670973968505859375e+01 3.287630081176757812e+01
2.161048631668090820e+02 6.562448501586914062e+01 2.663637351989746094e+01 3.258391571044921875e+01
2.162658290863037109e+02 6.489594268798828125e+01 2.643375015258789062e+01 3.247703552246093750e+01
2.155898189544677734e+02 6.429199028015136719e+01 2.685319900512695312e+01 3.232437515258789062e+01
2.154584026336669922e+02 6.449346733093261719e+01 2.758195877075195312e+01 3.271442031860351562e+01
2.147607641220092773e+02 6.390803718566894531e+01 2.727990913391113281e+01 3.317585372924804688e+01
2.148528337478637695e+02 6.343249702453613281e+01 2.718953514099121094e+01 3.299172592163085938e+01
2.155002298355102539e+02 6.337668037414550781e+01 2.686724662780761719e+01 3.288595199584960938e+01
2.155481548309326172e+02 6.384290695190429688e+01 2.694841384887695312e+01 3.265238189697265625e+01
2.151162872314453125e+02 6.333773422241210938e+01 2.615304565429687500e+01 3.264173126220703125e+01
2.152393054962158203e+02 6.417633056640625000e+01 2.634168624877929688e+01 3.251013183593750000e+01
2.154831008911132812e+02 6.379575538635253906e+01 2.599473571777343750e+01 3.247643661499023438e+01
2.159075326919555664e+02 6.378510665893554688e+01 2.610169792175292969e+01 3.248912811279296875e+01
2.157674465179443359e+02 6.392315483093261719e+01 2.581917190551757812e+01 3.244296646118164062e+01
2.163107709884643555e+02 6.360866165161132812e+01 2.573565101623535156e+01 3.238629913330078125e+01
2.161588878631591797e+02 6.429081344604492188e+01 2.545534133911132812e+01 3.285585784912109375e+01
2.166103839874267578e+02 6.412696838378906250e+01 2.582139205932617188e+01 3.266293334960937500e+01
2.161859140396118164e+02 6.437057495117187500e+01 2.565014457702636719e+01 3.288882446289062500e+01
2.168078460693359375e+02 6.392766761779785156e+01 2.607327270507812500e+01 3.327769088745117188e+01
2.171296739578247070e+02 6.361543273925781250e+01 2.574654197692871094e+01 3.346287536621093750e+01
2.169588556289672852e+02 6.434457969665527344e+01 2.518926811218261719e+01 3.299986648559570312e+01
2.170921773910522461e+02 6.422954750061035156e+01 2.565298652648925781e+01 3.336634445190429688e+01
2.173556966781616211e+02 6.410744857788085938e+01 2.585041999816894531e+01 3.388954925537109375e+01
2.172584533691406250e+02 6.419655227661132812e+01 2.595349121093750000e+01 3.312285614013671875e+01
2.165935821533203125e+02 6.387902641296386719e+01 2.596159362792968750e+01 3.372508621215820312e+01
2.165230569839477539e+02 6.332411003112792969e+01 2.632728385925292969e+01 3.326176834106445312e+01
2.167409553527832031e+02 6.377404975891113281e+01 2.633515167236328125e+01 3.317638778686523438e+01
2.171428451538085938e+02 6.401748466491699219e+01 2.597622680664062500e+01 3.310361099243164062e+01
2.168409118652343750e+02 6.381152153015136719e+01 2.620748901367187500e+01 3.282974624633789062e+01
2.175499868392944336e+02 6.315548133850097656e+01 2.595331001281738281e+01 3.268755722045898438e+01
2.164936561584472656e+02 6.400275039672851562e+01 2.648247528076171875e+01 3.255590057373046875e+01
2.173191232681274414e+02 6.295790481567382812e+01 2.593206596374511719e+01 3.139054107666015625e+01
2.169598684310913086e+02 6.399878501892089844e+01 2.619098091125488281e+01 3.136400222778320312e+01
2.172374477386474609e+02 6.304213047027587891e+01 2.620164871215820312e+01 3.019814872741699219e+01
2.168200416564941406e+02 6.368206787109375000e+01 2.625522613525390625e+01 2.987133789062500000e+01
2.177566347122192383e+02 6.440622234344482422e+01 2.599593162536621094e+01 2.844312477111816406e+01
2.171567821502685547e+02 6.387159729003906250e+01 2.549454116821289062e+01 2.851289367675781250e+01
2.174619121551513672e+02 6.402437019348144531e+01 2.584459304809570312e+01 2.779267501831054688e+01
2.162273235321044922e+02 6.446320819854736328e+01 2.619202041625976562e+01 2.928308677673339844e+01
2.165525484085083008e+02 6.435507774353027344e+01 2.671777915954589844e+01 2.798720169067382812e+01
2.172571182250976562e+02 6.511353969573974609e+01 2.643533325195312500e+01 2.646360969543457031e+01
2.167174062728881836e+02 6.445514392852783203e+01 2.651855659484863281e+01 2.801645469665527344e+01
2.173137960433959961e+02 6.429239082336425781e+01 2.669378852844238281e+01 2.706530380249023438e+01
2.165523395538330078e+02 6.422719478607177734e+01 2.608214950561523438e+01 2.728787422180175781e+01
2.159662675857543945e+02 6.373226928710937500e+01 2.655296897888183594e+01 2.765710449218750000e+01
2.171992683410644531e+02 6.304124736785888672e+01 2.624869537353515625e+01 2.821140480041503906e+01
2.162884359359741211e+02 6.381404876708984375e+01 2.649359321594238281e+01 2.786195373535156250e+01
2.159148063659667969e+02 6.321807098388671875e+01 2.619817352294921875e+01 2.845881652832031250e+01
2.160167303085327148e+02 6.248190498352050781e+01 2.659716987609863281e+01 2.951079940795898438e+01
2.163955745697021484e+02 6.266578674316406250e+01 2.631560134887695312e+01 2.938327026367187500e+01
2.158516054153442383e+02 6.304869079589843750e+01 2.605476951599121094e+01 2.966242980957031250e+01
2.161690187454223633e+02 6.209309196472167969e+01 2.618477439880371094e+01 2.974090957641601562e+01
2.167586145401000977e+02 6.222043037414550781e+01 2.596240043640136719e+01 3.004345321655273438e+01
2.159831113815307617e+02 6.142358112335205078e+01 2.684783363342285156e+01 3.152060508728027344e+01
2.168004598617553711e+02 6.066410064697265625e+01 2.644740486145019531e+01 3.224775695800781250e+01
2.151492271423339844e+02 6.048849868774414062e+01 2.805335235595703125e+01 3.344680023193359375e+01
2.160930976867675781e+02 5.976667213439941406e+01 2.709987640380859375e+01 3.295585250854492188e+01
2.153379783630371094e+02 5.940753555297851562e+01 2.719728851318359375e+01 3.334102630615234375e+01
2.160118923187255859e+02 5.879668235778808594e+01 2.690068435668945312e+01 3.360211563110351562e+01
2.155851278305053711e+02 5.891636466979980469e+01 2.714491462707519531e+01 3.372484207153320312e+01
2.160617208480834961e+02 5.836615371704101562e+01 2.677276802062988281e+01 3.322194671630859375e+01
2.162762508392333984e+02 5.848757743835449219e+01 2.705128860473632812e+01 3.396684646606445312e+01
2.153261785507202148e+02 5.908671379089355469e+01 2.731988716125488281e+01 3.361459732055664062e+01
2.154830341339111328e+02 5.846647453308105469e+01 2.708208847045898438e+01 3.347281265258789062e+01
2.146050243377685547e+02 5.822151184082031250e+01 2.755795669555664062e+01 3.355677795410156250e+01
2.148776559829711914e+02 5.874950790405273438e+01 2.748782157897949219e+01 3.425460052490234375e+01
2.150433845520019531e+02 5.830743026733398438e+01 2.719007110595703125e+01 3.368372344970703125e+01
2.148461980819702148e+02 5.843241119384765625e+01 2.760579109191894531e+01 3.392910766601562500e+01
2.151333694458007812e+02 5.854569244384765625e+01 2.751284790039062500e+01 3.380139160156250000e+01
2.158658065795898438e+02 5.828530693054199219e+01 2.731071472167968750e+01 3.363919448852539062e+01
2.149904031753540039e+02 5.864187812805175781e+01 2.764755058288574219e+01 3.391291427612304688e+01
2.157610569000244141e+02 5.844976425170898438e+01 2.662333297729492188e+01 3.328305816650390625e+01
2.153937683105468750e+02 5.892995262145996094e+01 2.736331176757812500e+01 3.333217239379882812e+01
2.157880620956420898e+02 5.902631378173828125e+01 2.735566902160644531e+01 3.330589294433593750e+01
2.156307334899902344e+02 6.073877525329589844e+01 2.726503753662109375e+01 3.236735916137695312e+01
2.150795469284057617e+02 6.165105056762695312e+01 2.706054115295410156e+01 3.108974456787109375e+01
2.147665147781372070e+02 6.302315425872802734e+01 2.589458274841308594e+01 2.833897590637207031e+01
2.148385887145996094e+02 6.386992359161376953e+01 2.581536102294921875e+01 2.701802635192871094e+01
2.152235355377197266e+02 6.309368419647216797e+01 2.614500045776367188e+01 2.859296607971191406e+01
2.134706344604492188e+02 6.302103328704833984e+01 2.618087768554687500e+01 2.812599372863769531e+01
2.117609682083129883e+02 6.126598739624023438e+01 2.644969749450683594e+01 3.009719085693359375e+01
2.128651399612426758e+02 6.128806972503662109e+01 2.695221519470214844e+01 3.182649421691894531e+01
2.128269271850585938e+02 5.957993698120117188e+01 2.735791015625000000e+01 3.330591583251953125e+01
2.135736303329467773e+02 6.049821281433105469e+01 2.677185249328613281e+01 3.263411331176757812e+01
2.139728984832763672e+02 5.983373451232910156e+01 2.582361221313476562e+01 3.232734298706054688e+01
2.153338336944580078e+02 6.033905792236328125e+01 2.593830490112304688e+01 3.267610168457031250e+01
2.155038118362426758e+02 5.900622940063476562e+01 2.661087608337402344e+01 3.263199615478515625e+01
2.143449020385742188e+02 5.918954658508300781e+01 2.739590454101562500e+01 3.336886215209960938e+01
2.129132041931152344e+02 5.839265251159667969e+01 2.937729644775390625e+01 3.363516616821289062e+01
2.103749551773071289e+02 5.878366661071777344e+01 3.016843986511230469e+01 3.376826858520507812e+01
2.096356353759765625e+02 5.870042228698730469e+01 3.153170776367187500e+01 3.299979019165039062e+01
2.073159980773925781e+02 5.877934169769287109e+01 3.454402923583984375e+01 3.155636787414550781e+01
2.039343528747558594e+02 5.605282592773437500e+01 3.856710052490234375e+01 3.304345703125000000e+01
2.003455581665039062e+02 5.444530487060546875e+01 3.733222961425781250e+01 3.415635681152343750e+01
2.013495559692382812e+02 5.256984329223632812e+01 3.774473571777343750e+01 3.572957611083984375e+01
2.022396755218505859e+02 5.303605651855468750e+01 3.554346084594726562e+01 3.387519836425781250e+01
2.030155239105224609e+02 5.097698402404785156e+01 3.450827407836914062e+01 3.449213790893554688e+01
2.016190376281738281e+02 4.947011375427244673e+01 3.620436859130859375e+01 3.565884780883789062e+01
2.036880226135253906e+02 5.066240119934080610e+01 3.345447540283203125e+01 3.371863937377929688e+01
2.031907901763916016e+02 4.966160011291502485e+01 3.483517074584960938e+01 3.506869125366210938e+01
2.030929794311523438e+02 4.947563552856443891e+01 3.739683532714843750e+01 3.581697845458984375e+01
2.034317169189453125e+02 5.186774635314939985e+01 3.971903991699218750e+01 3.308968734741210938e+01
2.025556278228759766e+02 5.159763717651365766e+01 4.181579208374023438e+01 3.386551666259765625e+01
1.997293510437011719e+02 5.413429546356199751e+01 4.747380828857421875e+01 3.184748268127441406e+01
2.015763893127441406e+02 5.078905868530272016e+01 4.702779388427734375e+01 3.594408416748046875e+01
2.092656764984130859e+02 5.241313552856443891e+01 3.904011917114257812e+01 3.603382110595703125e+01
2.122115840911865234e+02 5.250947761535641689e+01 3.258111953735351562e+01 3.473638534545898438e+01
2.128824691772460938e+02 5.234540557861325283e+01 3.223944091796875000e+01 3.531832885742187500e+01
2.131631603240966797e+02 5.169042396545407314e+01 3.275456619262695312e+01 3.455952072143554688e+01
2.136075010299682617e+02 5.342269706726071377e+01 3.078130531311035156e+01 3.397436904907226562e+01
2.135203723907470703e+02 5.151987648010251064e+01 3.401015853881835938e+01 3.480788803100585938e+01
2.138810701370239258e+02 5.311811256408687143e+01 3.085365867614746094e+01 3.258524703979492188e+01
2.130167531967163086e+02 5.252228355407710580e+01 3.093461799621582031e+01 3.340398025512695312e+01
2.136181812286376953e+02 5.311555862426753549e+01 2.982221603393554688e+01 3.561069488525390625e+01
2.131469373703002930e+02 5.382879829406734018e+01 2.939040565490722656e+01 3.417322921752929688e+01
2.132568941116333008e+02 5.360640335083003549e+01 2.969727134704589844e+01 3.398998260498046875e+01
2.122591428756713867e+02 5.196591186523433237e+01 2.977236366271972656e+01 3.456068420410156250e+01
2.130250406265258789e+02 5.258636474609370737e+01 2.922744560241699219e+01 3.345227050781250000e+01
2.131757287979125977e+02 5.221203231811519174e+01 2.962504386901855469e+01 3.432552337646484375e+01
2.123075323104858398e+02 5.292737770080562143e+01 2.716185188293457031e+01 3.318996810913085938e+01
2.107645339965820312e+02 5.278532981872554330e+01 3.051139831542968750e+01 3.180170059204101562e+01
2.092654581069946289e+02 5.223838043212886362e+01 3.033189201354980469e+01 3.139054870605468750e+01
2.090855188369750977e+02 4.937329864501948862e+01 3.151251029968261719e+01 3.531741333007812500e+01
2.097781295776367188e+02 4.786954116821284799e+01 3.333688354492187500e+01 3.699344635009765625e+01
2.057231540679931641e+02 5.209476280212398080e+01 3.264547348022460938e+01 3.494176101684570312e+01
2.021280269622802734e+02 4.947557258605952768e+01 3.719513320922851562e+01 3.456805038452148438e+01
2.052186260223388672e+02 4.837812042236323862e+01 3.182828140258789062e+01 3.580741882324218750e+01
2.064298229217529297e+02 4.596124267578120737e+01 3.259131240844726562e+01 4.001724243164062500e+01
2.102094421386718750e+02 4.679030990600581674e+01 3.108331298828125000e+01 3.958911895751953125e+01
2.118227472305297852e+02 4.794091224670405893e+01 2.964723014831542969e+01 3.576791000366210938e+01
2.129557771682739258e+02 4.831461906433101205e+01 2.858507347106933594e+01 3.343014907836914062e+01
2.142090749740600586e+02 4.831433868408198862e+01 2.728550910949707031e+01 3.303225708007812500e+01
2.150149240493774414e+02 4.942773056030269174e+01 2.692768669128417969e+01 3.168732452392578125e+01
2.132627649307250977e+02 4.834988784790034799e+01 2.931837272644042969e+01 3.483954620361328125e+01
2.083434514999389648e+02 4.885591697692866830e+01 3.171515083312988281e+01 3.466672134399414062e+01
2.087472810745239258e+02 5.013349533081050424e+01 3.076738548278808594e+01 3.364116668701171875e+01
2.103915996551513672e+02 5.052417373657222299e+01 2.896406936645507812e+01 3.218428802490234375e+01
2.112133321762084961e+02 5.058933258056636362e+01 2.938572883605957031e+01 3.249559020996093750e+01
2.124660434722900391e+02 5.118995666503901987e+01 2.873900985717773438e+01 3.364245605468750000e+01
2.124838094711303711e+02 5.110787010192866830e+01 2.959942817687988281e+01 3.363774490356445312e+01
2.138036231994628906e+02 5.202050209045405893e+01 2.991201019287109375e+01 3.376316452026367188e+01
2.145466480255126953e+02 5.270955467224116830e+01 2.966349411010742188e+01 3.390494155883789062e+01
2.142095651626586914e+02 5.273768997192378549e+01 3.040180778503417969e+01 3.337200164794921875e+01
2.145315141677856445e+02 5.309214401245112924e+01 3.084947776794433594e+01 3.461618804931640625e+01
2.134210023880004883e+02 5.385151290893550424e+01 3.183893394470214844e+01 3.284841156005859375e+01
2.129170303344726562e+02 5.291498756408687143e+01 3.238536071777343750e+01 3.340705490112304688e+01
2.112500801086425781e+02 5.240822601318355112e+01 3.493337249755859375e+01 3.475787353515625000e+01
2.099371166229248047e+02 5.416068077087398080e+01 3.657648086547851562e+01 3.378374099731445312e+01
2.071359310150146484e+02 5.185293388366694955e+01 3.895001602172851562e+01 3.717715835571289062e+01
2.066287536621093750e+02 5.368601799011226205e+01 3.851060485839843750e+01 3.551832962036132812e+01
2.069443721771240234e+02 5.304656410217280893e+01 3.765629959106445312e+01 3.624137496948242188e+01
2.064412212371826172e+02 5.316386604309077768e+01 3.712800979614257812e+01 3.589062118530273438e+01
2.047239551544189453e+02 5.139583778381343393e+01 3.849676132202148438e+01 3.777819442749023438e+01
2.103065938949584961e+02 5.600037956237788705e+01 2.909103584289550781e+01 3.210510635375976562e+01
2.098794879913330078e+02 5.528295326232905893e+01 3.077009201049804688e+01 3.250590133666992188e+01
2.090596494674682617e+02 5.585374641418452768e+01 2.816047096252441406e+01 3.166936874389648438e+01
2.095776996612548828e+02 5.620781135559077768e+01 2.992176437377929688e+01 3.078159713745117188e+01
2.093722324371337891e+02 5.646947383880610971e+01 2.803571701049804688e+01 3.109660530090332031e+01
2.110848226547241211e+02 5.655587959289546518e+01 2.910142707824707031e+01 3.180402755737304688e+01
2.113871326446533203e+02 5.613208580017085580e+01 3.010610580444335938e+01 3.279690933227539062e+01
2.110322074890136719e+02 5.577228546142573862e+01 2.912038421630859375e+01 3.109114074707031250e+01
2.111409130096435547e+02 5.510569381713862924e+01 2.937300491333007812e+01 3.204793548583984375e+01
2.118970880508422852e+02 5.413918876647944955e+01 2.863293266296386719e+01 3.336362075805664062e+01
2.122975425720214844e+02 5.421012306213374643e+01 2.879422760009765625e+01 3.254406356811523438e+01
2.112467317581176758e+02 5.420090675353999643e+01 3.044977378845214844e+01 3.284444808959960938e+01
2.117469930648803711e+02 5.323905563354487924e+01 3.067700386047363281e+01 3.261557769775390625e+01
2.095199069976806641e+02 5.249370956420894174e+01 3.312629318237304688e+01 3.318317413330078125e+01
2.084284534454345703e+02 5.244164466857905893e+01 3.604453659057617188e+01 3.347198104858398438e+01
2.062002906799316406e+02 5.261433410644526987e+01 3.871289825439453125e+01 3.534147644042968750e+01
2.040454864501953125e+02 5.161358070373530893e+01 4.306417846679687500e+01 3.648179244995117188e+01
2.034769916534423828e+02 5.273604202270503549e+01 4.321293258666992188e+01 3.628957366943359375e+01
2.023766326904296875e+02 5.188209533691401987e+01 4.243251037597656250e+01 3.513221740722656250e+01
2.016153488159179688e+02 5.030001068115230112e+01 4.458416748046875000e+01 3.782203674316406250e+01
2.060896949768066406e+02 4.955833816528316049e+01 4.123856353759765625e+01 3.895384979248046875e+01
2.107497291564941406e+02 5.127113342285151987e+01 3.724744415283203125e+01 3.527464294433593750e+01
2.131251029968261719e+02 5.329012489318843393e+01 3.378247833251953125e+01 3.391147994995117188e+01
2.124063930511474609e+02 5.188426971435542612e+01 3.369719314575195312e+01 3.473582458496093750e+01
2.145445117950439453e+02 5.096500015258784799e+01 3.056109237670898438e+01 3.545882415771484375e+01
2.141992044448852539e+02 4.994225311279292612e+01 2.986086845397949219e+01 3.550326538085937500e+01
2.127914686203002930e+02 5.090848731994624643e+01 2.885166358947753906e+01 3.365380477905273438e+01
2.135622940063476562e+02 5.131634140014644174e+01 2.791041564941406250e+01 3.253430938720703125e+01
2.129452667236328125e+02 5.226757431030269174e+01 2.851144409179687500e+01 3.237833404541015625e+01
2.133920822143554688e+02 5.235564613342280893e+01 2.772213745117187500e+01 3.295597457885742188e+01
2.138822927474975586e+02 5.157923507690425424e+01 2.878915596008300781e+01 3.287668609619140625e+01
2.141717634201049805e+02 5.147328376770015268e+01 2.932578468322753906e+01 3.339474105834960938e+01
2.127239856719970703e+02 5.210680007934566049e+01 3.144504928588867188e+01 3.395011138916015625e+01
2.075080986022949219e+02 5.674370193481441049e+01 3.137888336181640625e+01 2.959740447998046875e+01
2.041917533874511719e+02 5.646336269378657846e+01 2.937677764892578125e+01 2.937632942199707031e+01
2.045970830917358398e+02 5.304879283905025034e+01 3.086590766906738281e+01 3.157604408264160156e+01
2.034561061859130859e+02 5.186687278747554330e+01 3.373216629028320312e+01 3.396664810180664062e+01
1.999848060607910156e+02 5.257992839813228159e+01 3.538654327392578125e+01 3.012529945373535156e+01
1.990492649078369141e+02 4.988643455505366830e+01 4.086314010620117188e+01 3.428116226196289062e+01
1.988018283843994141e+02 4.898461914062494316e+01 4.268897628784179688e+01 3.618373107910156250e+01
1.974958705902099609e+02 4.944168853759759941e+01 4.212192153930664062e+01 3.485888671875000000e+01
1.972353515625000000e+02 4.986083602905267753e+01 3.927929687500000000e+01 3.472270965576171875e+01
1.997636108398437500e+02 5.289957523345941581e+01 3.604528808593750000e+01 3.098278617858886719e+01
2.021540317535400391e+02 5.277481079101556816e+01 3.731539535522460938e+01 3.217178344726562500e+01
2.073863868713378906e+02 4.938339614868158378e+01 3.882486724853515625e+01 3.527617645263671875e+01
2.123054122924804688e+02 5.259156417846674003e+01 3.479447937011718750e+01 3.472573089599609375e+01
2.123325195312500000e+02 5.311461448669427909e+01 3.356694030761718750e+01 3.439059829711914062e+01
2.132588005065917969e+02 5.368061447143549003e+01 3.212987518310546875e+01 3.375939178466796875e+01
2.127004795074462891e+02 5.288688087463373222e+01 3.169077682495117188e+01 3.360793685913085938e+01
2.115676774978637695e+02 5.214682006835931816e+01 3.182025718688964844e+01 3.407507324218750000e+01
2.125540275573730469e+02 5.253339195251459159e+01 3.054555511474609375e+01 3.268161392211914062e+01
2.097028007507324219e+02 5.374234008789056816e+01 3.444663238525390625e+01 3.351756286621093750e+01
2.071290264129638672e+02 5.245872116088861503e+01 3.497531509399414062e+01 3.405675506591796875e+01
2.066594610214233398e+02 5.279007148742668676e+01 2.936522102355957031e+01 3.370072555541992188e+01
2.052867755889892578e+02 5.191404342651360082e+01 3.082000350952148438e+01 3.577880096435546875e+01
2.046326379776000977e+02 5.298024940490715551e+01 2.943064689636230469e+01 3.424837875366210938e+01
2.036920728683471680e+02 5.232200431823723363e+01 3.027419471740722656e+01 3.443576431274414062e+01
2.025324602127075195e+02 5.326336860656731176e+01 2.858424949645996094e+01 3.567025375366210938e+01
2.014772834777832031e+02 5.475229454040520238e+01 3.026691436767578125e+01 3.453052139282226562e+01
2.004835138320922852e+02 5.506768417358391332e+01 2.898451042175292969e+01 3.427138519287109375e+01
2.003587570190429688e+02 5.464148330688469457e+01 3.020701599121093750e+01 3.408194732666015625e+01
1.983281135559082031e+02 5.505649757385246801e+01 3.010903167724609375e+01 3.489225387573242188e+01
1.978807945251464844e+02 5.616390609741203832e+01 2.740999603271484375e+01 3.379320526123046875e+01
1.967597055435180664e+02 5.547165107727043676e+01 2.809350395202636719e+01 3.468125534057617188e+01
1.956868019104003906e+02 5.663779067993156957e+01 2.762429046630859375e+01 3.386612701416015625e+01
1.947639045715332031e+02 5.586050796508781957e+01 2.923705291748046875e+01 3.452101898193359375e+01
1.948125524520874023e+02 5.541135787963860082e+01 3.118091011047363281e+01 3.414900970458984375e+01
1.967468414306640625e+02 5.563537406921379613e+01 2.885203552246093750e+01 3.444878005981445312e+01
1.969121170043945312e+02 5.500506782531731176e+01 2.944215393066406250e+01 3.280834579467773438e+01
1.978391580581665039e+02 5.422217369079582738e+01 3.088300895690917969e+01 3.462283706665039062e+01
2.000688419342041016e+02 5.370071792602531957e+01 2.929571151733398438e+01 3.352086639404296875e+01
2.010051727294921875e+02 5.225442695617668676e+01 3.293582153320312500e+01 3.530912399291992188e+01
2.017435169219970703e+02 5.226634407043449926e+01 2.932715988159179688e+01 3.518587875366210938e+01
2.028790769577026367e+02 5.244967269897453832e+01 2.972214698791503906e+01 3.458879852294921875e+01
2.035392303466796875e+02 5.191722869873039770e+01 2.923153686523437500e+01 3.484469604492187500e+01
2.043240756988525391e+02 5.217533683776848363e+01 2.858016586303710938e+01 3.456477737426757812e+01
2.041542749404907227e+02 5.145249938964836645e+01 2.735507011413574219e+01 3.484649658203125000e+01
2.055699300765991211e+02 5.302448081970207738e+01 2.708680915832519531e+01 3.357445144653320312e+01
2.049779005050659180e+02 5.310313224792473363e+01 2.881458473205566406e+01 3.392728042602539062e+01
2.040728626251220703e+02 5.215510940551750707e+01 3.099972152709960938e+01 3.334290313720703125e+01
2.037724704742431641e+02 5.237575340270988988e+01 3.501462936401367188e+01 3.529114151000976562e+01
2.020846881866455078e+02 5.030314064025871801e+01 4.109165573120117188e+01 3.835319137573242188e+01
1.992134571075439453e+02 4.997106361389153051e+01 3.995510482788085938e+01 3.895112228393554688e+01
1.997731361389160156e+02 5.171181297302238988e+01 3.951108551025390625e+01 3.971352005004882812e+01
2.000238742828369141e+02 5.068788528442375707e+01 3.844669723510742188e+01 4.030828094482421875e+01
2.000737342834472656e+02 5.073130035400383520e+01 3.646755218505859375e+01 4.074156188964843750e+01
1.989744262695312500e+02 5.005903625488274145e+01 4.445828247070312500e+01 3.922204589843750000e+01
1.981319751739501953e+02 4.989494323730461645e+01 3.469419479370117188e+01 3.813494873046875000e+01
1.999586944580078125e+02 5.072706031799309301e+01 3.572737121582031250e+01 3.508446884155273438e+01
1.999077014923095703e+02 5.385190582275383520e+01 3.480424118041992188e+01 3.249819946289062500e+01
2.000185184478759766e+02 5.181818771362297582e+01 3.673754501342773438e+01 3.404341888427734375e+01
2.006163177490234375e+02 5.381863212585442113e+01 4.416320800781250000e+01 3.434027481079101562e+01
2.014191455841064453e+02 5.297796058654778051e+01 3.252720260620117188e+01 3.694572067260742188e+01
2.019320201873779297e+02 5.421957778930656957e+01 3.139332962036132812e+01 3.391536712646484375e+01
2.015151596069335938e+02 5.361889076232903051e+01 3.127171325683593750e+01 3.461523056030273438e+01
2.033080577850341797e+02 5.342807960510246801e+01 3.082690811157226562e+01 3.342556381225585938e+01
2.055073261260986328e+02 5.204913330078117895e+01 3.049027633666992188e+01 3.258300781250000000e+01
2.054895133972167969e+02 5.063323783874504613e+01 3.244768524169921875e+01 3.432519912719726562e+01
2.080724773406982422e+02 5.100390243530266332e+01 3.266832351684570312e+01 3.394384002685546875e+01
2.080522527694702148e+02 5.126665687561028051e+01 2.793838691711425781e+01 3.290568161010742188e+01
2.080771856307983398e+02 4.964356422424309301e+01 2.887265205383300781e+01 3.303879928588867188e+01
2.087462873458862305e+02 4.947417449951164770e+01 2.806534767150878906e+01 3.184741210937500000e+01
2.077836589813232422e+02 5.056347084045403051e+01 3.150571060180664062e+01 3.504125595092773438e+01
2.065251350402832031e+02 5.104030799865715551e+01 3.294257354736328125e+01 3.490754318237304688e+01
2.048357048034667969e+02 4.940846443176262426e+01 3.831909942626953125e+01 3.715084457397460938e+01
2.062462024688720703e+02 5.183718681335442113e+01 3.511297225952148438e+01 3.420380020141601562e+01
2.051691513061523438e+02 5.120439910888664770e+01 3.457583618164062500e+01 3.496595764160156250e+01
2.084282989501953125e+02 5.152925300598137426e+01 2.983433532714843750e+01 3.621656417846679688e+01
2.077467279434204102e+02 5.297882270812981176e+01 2.845542716979980469e+01 3.509409713745117188e+01
2.079400835037231445e+02 5.271392440795891332e+01 2.720624351501464844e+01 3.406627655029296875e+01
2.068756256103515625e+02 5.266248703002922582e+01 2.993194580078125000e+01 3.564994049072265625e+01
2.066596679687500000e+02 5.347828102111809301e+01 2.859124755859375000e+01 3.617240524291992188e+01
2.068502082824707031e+02 5.328773689270012426e+01 2.807376861572265625e+01 3.638674545288085938e+01
2.061110324859619141e+02 5.361163330078117895e+01 2.956206893920898438e+01 3.513296508789062500e+01
2.067397775650024414e+02 5.363593101501457738e+01 2.906979179382324219e+01 3.233368301391601562e+01
2.069744520187377930e+02 5.220761489868156957e+01 3.024431800842285156e+01 3.418508148193359375e+01
2.065041446685791016e+02 5.143772506713860082e+01 3.237168502807617188e+01 3.480724334716796875e+01
2.071128654479980469e+02 5.182053756713860082e+01 2.880290985107421875e+01 3.398947906494140625e+01
2.073889427185058594e+02 5.179310035705559301e+01 3.167824554443359375e+01 3.541344833374023438e+01
2.074743299484252930e+02 5.124690055847160863e+01 3.091687965393066406e+01 3.728740310668945312e+01
2.075900745391845703e+02 5.087511253356926488e+01 3.114147567749023438e+01 3.573552322387695312e+01
2.083041954040527344e+02 5.119023704528801488e+01 3.188869476318359375e+01 3.795254898071289062e+01
2.092746734619140625e+02 5.029161643981926488e+01 3.347917175292968750e+01 3.696269607543945312e+01
2.079157142639160156e+02 5.043122863769524145e+01 3.540705108642578125e+01 3.514318847656250000e+01
2.040129585266113281e+02 4.976902580261223363e+01 3.897782135009765625e+01 3.742775344848632812e+01
2.068684387207031250e+02 5.024834632873528051e+01 3.427120971679687500e+01 3.618917465209960938e+01
2.078534717559814453e+02 4.977653312683098363e+01 3.099242782592773438e+01 3.671767044067382812e+01
2.079491004943847656e+02 4.949355316162102270e+01 3.246811676025390625e+01 4.145823669433593750e+01
2.110000848770141602e+02 4.967366790771477270e+01 3.055276298522949219e+01 3.652928161621093750e+01
2.104164905548095703e+02 4.897950744628899145e+01 3.288972091674804688e+01 3.947718811035156250e+01
2.096726264953613281e+02 4.979354286193840551e+01 3.316634368896484375e+01 3.880652999877929688e+01
2.102711219787597656e+02 4.992311286926262426e+01 3.541257476806640625e+01 3.846589279174804688e+01
2.120040073394775391e+02 4.949465370178215551e+01 3.265917587280273438e+01 3.908253097534179688e+01
2.132709455490112305e+02 4.889163398742668676e+01 3.018769264221191406e+01 3.655512619018554688e+01
2.126224813461303711e+02 4.848446655273430395e+01 2.774334907531738281e+01 3.512152099609375000e+01
2.119837074279785156e+02 4.794511413574211645e+01 2.632288360595703125e+01 3.487808227539062500e+01
2.085265388488769531e+02 4.828872680664055395e+01 3.774137115478515625e+01 3.984439086914062500e+01
2.077302608489990234e+02 4.764130210876457738e+01 2.666218948364257812e+01 3.546908950805664062e+01
2.078374319076538086e+02 4.824647712707512426e+01 2.828991889953613281e+01 3.573191452026367188e+01
2.082416563034057617e+02 4.817225646972649145e+01 2.780184364318847656e+01 3.594355773925781250e+01
2.088003435134887695e+02 4.743974685668938207e+01 2.966245079040527344e+01 3.875659942626953125e+01
2.099436006546020508e+02 4.882268142700188207e+01 2.641406822204589844e+01 3.706893157958984375e+01
2.097576656341552734e+02 5.041905212402336645e+01 2.701262283325195312e+01 3.800973510742187500e+01
2.098460664749145508e+02 4.922153091430656957e+01 3.088792991638183594e+01 3.569951629638671875e+01
2.090237627029418945e+02 4.985180664062492895e+01 2.741461753845214844e+01 3.873449707031250000e+01
2.086020956039428711e+02 5.032520675659172582e+01 2.963250923156738281e+01 3.894799041748046875e+01
2.100980758666992188e+02 5.009886741638176488e+01 2.821748352050781250e+01 3.635429763793945312e+01
2.078848247528076172e+02 4.955830764770500707e+01 2.761500930786132812e+01 3.781076812744140625e+01
2.078714008331298828e+02 5.074057197570793676e+01 3.083877182006835938e+01 3.811185836791992188e+01
2.090818824768066406e+02 4.886338424682610082e+01 3.442549896240234375e+01 3.845709991455078125e+01
2.082031116485595703e+02 5.013274192810051488e+01 3.138981246948242188e+01 3.722905349731445312e+01
2.095215167999267578e+02 5.016485595703117895e+01 3.135738754272460938e+01 3.536103820800781250e+01
2.100965118408203125e+02 5.035056114196770238e+01 3.060140991210937500e+01 3.486221694946289062e+01
2.108320627212524414e+02 4.946609497070305395e+01 2.999802970886230469e+01 3.435087585449218750e+01
2.103391199111938477e+02 4.961181259155266332e+01 3.092988395690917969e+01 3.488694000244140625e+01
2.102994661331176758e+02 4.909803199768059301e+01 3.055017662048339844e+01 3.479850387573242188e+01
2.099382286071777344e+02 4.952079772949211645e+01 3.024485015869140625e+01 3.542381286621093750e+01
2.098628702163696289e+02 4.770712089538567113e+01 2.977218437194824219e+01 3.535745620727539062e+01
2.124271392822265625e+02 4.714334487915031957e+01 2.859333801269531250e+01 3.506432342529296875e+01
2.102543859481811523e+02 4.623222923278801488e+01 2.930798530578613281e+01 3.529332351684570312e+01
2.061697597503662109e+02 4.547750473022453832e+01 3.390895462036132812e+01 3.458946990966796875e+01
2.069166707992553711e+02 4.450906753540031957e+01 2.925169563293457031e+01 3.371466827392578125e+01
2.039888114929199219e+02 4.526266479492180395e+01 3.291930389404296875e+01 3.397996520996093750e+01
2.044936275482177734e+02 4.512249374389641332e+01 3.303819656372070312e+01 3.420629119873046875e+01
2.050933189392089844e+02 4.597721672058098363e+01 2.941582489013671875e+01 3.458148574829101562e+01
2.050001583099365234e+02 4.785704803466789770e+01 3.226660537719726562e+01 3.458549499511718750e+01
2.093926582336425781e+02 4.825080490112297582e+01 2.768233489990234375e+01 3.382975006103515625e+01
2.119112129211425781e+02 4.861688423156731176e+01 2.675699615478515625e+01 3.388645553588867188e+01
2.114056930541992188e+02 4.812425422668449926e+01 2.443200683593750000e+01 3.488897323608398438e+01
2.057085561752319336e+02 4.822817993164055395e+01 3.082306098937988281e+01 3.464840698242187500e+01
2.059474639892578125e+02 4.926190185546867895e+01 3.114440917968750000e+01 3.351631164550781250e+01
2.044473590850830078e+02 4.996667289733879613e+01 3.201292037963867188e+01 3.440906143188476562e+01
2.032597980499267578e+02 4.915869140624992895e+01 3.269996261596679688e+01 3.683099365234375000e+01
2.012864208221435547e+02 4.696144104003899145e+01 3.660205459594726562e+01 3.931986999511718750e+01
2.011540527343750000e+02 4.635050392150871801e+01 3.621307373046875000e+01 3.861231613159179688e+01
2.024851322174072266e+02 4.675010490417474784e+01 3.715095138549804688e+01 3.929024124145507812e+01
2.023107185363769531e+02 4.566624069213861503e+01 3.840766143798828125e+01 4.139292144775390625e+01
2.026708679199218750e+02 4.532711982727045097e+01 3.940946960449218750e+01 4.007040023803710938e+01
2.034831390380859375e+02 4.489477157592767753e+01 3.873103332519531250e+01 3.872673797607421875e+01
2.033464603424072266e+02 4.596059989929193534e+01 3.926111984252929688e+01 3.840561294555664062e+01
2.104546318054199219e+02 4.719372177124017753e+01 3.454723358154296875e+01 3.588980865478515625e+01
2.053399753570556641e+02 4.894120216369623222e+01 3.417971420288085938e+01 3.278236007690429688e+01
2.057621793746948242e+02 4.968918609619134941e+01 3.157280921936035156e+01 3.365290832519531250e+01
2.075659675598144531e+02 4.847230911254877128e+01 3.224826812744140625e+01 3.433345794677734375e+01
2.062527332305908203e+02 4.986068534851068534e+01 3.064822006225585938e+01 3.434624099731445312e+01
2.054325790405273438e+02 4.924913024902338066e+01 3.352507019042968750e+01 3.424304199218750000e+01
2.050323867797851562e+02 5.155874252319330253e+01 3.383212280273437500e+01 3.395867156982421875e+01
2.054683685302734375e+02 4.983711242675775566e+01 3.529907226562500000e+01 3.526045227050781250e+01
2.049962291717529297e+02 5.135862541198724784e+01 3.411574172973632812e+01 3.359744644165039062e+01
2.075070743560791016e+02 5.121782302856439628e+01 3.180158615112304688e+01 3.518265533447265625e+01
2.064117984771728516e+02 5.125988197326654472e+01 3.397449874877929688e+01 3.485126876831054688e+01
2.036661930084228516e+02 5.178457641601555395e+01 3.238113021850585938e+01 3.493492126464843750e+01
2.101153068542480469e+02 5.093518257141106176e+01 3.109870147705078125e+01 3.426963424682617188e+01
2.062645549774169922e+02 5.018526458740227270e+01 3.357443618774414062e+01 3.405319213867187500e+01
2.054490575790405273e+02 5.092846393585197973e+01 3.013894844055175781e+01 3.156310081481933594e+01
2.019365482330322266e+02 4.993849563598625707e+01 3.596488571166992188e+01 3.395856475830078125e+01
2.042055454254150391e+02 4.985716819763176488e+01 3.294433212280273438e+01 3.318289566040039062e+01
2.043958854675292969e+02 4.990838432312004613e+01 3.225934600830078125e+01 3.451529312133789062e+01
2.034420604705810547e+02 4.944880294799797582e+01 3.288302993774414062e+01 3.235021209716796875e+01
2.043065528869628906e+02 5.045581626892082738e+01 3.232532501220703125e+01 3.281364822387695312e+01
2.040314083099365234e+02 5.163552856445305395e+01 3.106280899047851562e+01 3.280931091308593750e+01
2.047445383071899414e+02 5.138214302062981176e+01 3.038593864440917969e+01 3.155219650268554688e+01
2.060845947265625000e+02 5.057944679260246801e+01 3.332666015625000000e+01 3.335046005249023438e+01
2.083834276199340820e+02 5.110287284851067113e+01 3.158653831481933594e+01 3.137234878540039062e+01
2.085285110473632812e+02 5.133340072631828832e+01 3.016305541992187500e+01 3.269795989990234375e+01
2.067338771820068359e+02 4.888195610046379613e+01 3.371011734008789062e+01 3.514880752563476562e+01
2.065111312866210938e+02 4.952186012268057880e+01 3.562516784667968750e+01 3.526395797729492188e+01
2.075847454071044922e+02 5.345499801635733661e+01 2.980781936645507812e+01 3.222486114501953125e+01
2.056045608520507812e+02 5.234466934204093036e+01 3.305519104003906250e+01 3.304976654052734375e+01
2.072406578063964844e+02 5.207251930236807880e+01 3.021828460693359375e+01 3.349052047729492188e+01
2.069200210571289062e+02 5.285148048400870380e+01 3.288035583496093750e+01 3.420624923706054688e+01
2.076857538223266602e+02 5.349503326416007098e+01 2.935586357116699219e+01 3.628729248046875000e+01
2.063978214263916016e+02 5.372436141967764911e+01 3.098078536987304688e+01 3.541971588134765625e+01
2.054979400634765625e+02 5.469394874572745380e+01 3.103889465332031250e+01 3.514997482299804688e+01
2.060699872970581055e+02 5.449779319763175067e+01 2.987583351135253906e+01 3.448244094848632812e+01
2.063632221221923828e+02 5.452326202392569598e+01 3.005048751831054688e+01 3.396371459960937500e+01
