2.050000000000000000e+02 1.000000000000000000e+00 5.300000000000000000e+01 1.560000000000000000e+02
2.030166072845458984e+02 0.000000000000000000e+00 5.498579788208007812e+01 1.544066238403320312e+02
2.023197174072265625e+02 0.000000000000000000e+00 5.467770385742187500e+01 1.534389457702636719e+02
2.012783088684082031e+02 0.000000000000000000e+00 5.507424163818359375e+01 1.532513866424560547e+02
2.015470848083496094e+02 0.000000000000000000e+00 5.412042999267578125e+01 1.519353170394897461e+02
2.004007472991943359e+02 0.000000000000000000e+00 5.429152297973632812e+01 1.520716242790222168e+02
2.012911930084228516e+02 0.000000000000000000e+00 5.330616378784179688e+01 1.515086362361907959e+02
2.009023132324219034e+02 0.000000000000000000e+00 5.309179687500000000e+01 1.521736677885055826e+02
2.021688804626465412e+02 0.000000000000000000e+00 5.200479888916015625e+01 1.516914328932762714e+02
2.001579723358154865e+02 4.225978553295419715e-01 5.370129776000976562e+01 1.522598419189453125e+02
2.007490234375000568e+02 7.356776893139169715e-01 5.250781250000000000e+01 1.491867218017578125e+02
2.003791198730469318e+02 1.397146195173291972e+00 5.280389404296875000e+01 1.499222869873046875e+02
2.015581073760986897e+02 1.723653763532666972e+00 5.294585800170898438e+01 1.490123748779296875e+02
1.996910057067871662e+02 1.960157364606885722e+00 5.308020782470703125e+01 1.489168395996093750e+02
2.011129417419434162e+02 2.168889969587354472e+00 5.234281158447265625e+01 1.485111236572265625e+02
2.014222488403320881e+02 2.810216873884229472e+00 5.140382385253906250e+01 1.459265289306640625e+02
2.018076896667481037e+02 1.824933975935010722e+00 5.133762359619140625e+01 1.449628601074218750e+02
2.013561229705811115e+02 1.648130387067823222e+00 5.121146011352539062e+01 1.466040649414062500e+02
2.002880725860596272e+02 1.544271439313916972e+00 5.107168197631835938e+01 1.461016693115234375e+02
1.991111030578613850e+02 1.142339676618604472e+00 5.152230072021484375e+01 1.461183929443359375e+02
1.984214935302734943e+02 1.098844498395948222e+00 5.196875000000000000e+01 1.467273254394531250e+02
1.980872611999512287e+02 2.171438187360791972e+00 5.149271392822265625e+01 1.444255523681640625e+02
1.972122039794922443e+02 3.931844681501416972e+00 5.212091064453125000e+01 1.430459747314453125e+02
1.972513427734375568e+02 6.380102127790479472e+00 5.159664916992187500e+01 1.386280364990234375e+02
1.952925872802734943e+02 6.139661759138135722e+00 5.213619995117187500e+01 1.392928771972656250e+02
1.964432621002197834e+02 7.499486893415479472e+00 5.081873703002929688e+01 1.378206329345703125e+02
1.965193233489990803e+02 8.081052750349073222e+00 4.980842971801757812e+01 1.369825744628906250e+02
1.965794963836670490e+02 8.150197952985791972e+00 4.921554946899414062e+01 1.353339080810546875e+02
1.943591346740723225e+02 8.621847122907666972e+00 4.939617156982421875e+01 1.370585479736328125e+02
1.954747257232666584e+02 9.306203812360791972e+00 4.755329513549804688e+01 1.343640289306640625e+02
1.956658916473389240e+02 9.545621842145948222e+00 4.714523696899414062e+01 1.345012207031250000e+02
1.947531204223633381e+02 9.231870621442823222e+00 4.791252136230468750e+01 1.345054016113281250e+02
1.954347972869873615e+02 1.010051533579829197e+01 4.781058120727539062e+01 1.332539825439453125e+02
1.968713436126709553e+02 9.386449784040479472e+00 4.732030105590820312e+01 1.330435028076171875e+02
1.962259407043457600e+02 1.116379353404047947e+01 4.803444671630859375e+01 1.317235260009765625e+02
1.976565284729004475e+02 1.193238636851313572e+01 4.691561126708984375e+01 1.309312133789062500e+02
1.978704910278320881e+02 1.435358235239985447e+01 4.669218444824218750e+01 1.289884490966796875e+02
1.978662929534912678e+02 1.475602528452876072e+01 4.709675979614257812e+01 1.282067871093750000e+02
1.985808563232422443e+02 1.556654927134516697e+01 4.675613403320312500e+01 1.270671539306640625e+02
1.982930965423584553e+02 1.579126164317133885e+01 4.734059524536132812e+01 1.269364242553710938e+02
1.989119110107422443e+02 1.602134129405024510e+01 4.667446899414062500e+01 1.263310928344726562e+02
1.996448802947998615e+02 1.638964650034907322e+01 4.608615493774414062e+01 1.238795166015625000e+02
1.996535453796387287e+02 1.469849202036860447e+01 4.539673614501953125e+01 1.257024688720703125e+02
2.004205780029297443e+02 1.380298420786860447e+01 4.580383300781250000e+01 1.255926666259765625e+02
2.004966697692871662e+02 1.267187306284907322e+01 4.473709869384765625e+01 1.264126281738281250e+02
2.001029281616211506e+02 1.366808506846430760e+01 4.566462707519531250e+01 1.264440689086914062e+02
1.998907642364502522e+02 1.340820118784907322e+01 4.475500106811523438e+01 1.256348571777343750e+02
1.998751869201660725e+02 1.487294957041743260e+01 4.510579681396484375e+01 1.237292861938476562e+02
2.006646404266358275e+02 1.638201329112058602e+01 4.530438613891601562e+01 1.213277664184570312e+02
1.997426261901856321e+02 1.691265293955808602e+01 4.527793121337890625e+01 1.211246719360351562e+02
2.003445262908936400e+02 1.807955357432371102e+01 4.555191421508789062e+01 1.202271804809570312e+02
2.000426101684571165e+02 1.835621449351316414e+01 4.473100280761718750e+01 1.199828491210937500e+02
2.009986972808838459e+02 1.877273747324946385e+01 4.439979171752929688e+01 1.191726608276367188e+02
2.016615619659424397e+02 1.896893879771235447e+01 4.391750717163085938e+01 1.199942474365234375e+02
2.016692810058594318e+02 1.923069950938227635e+01 4.419815063476562500e+01 1.187589035034179688e+02
2.020838890075684162e+02 1.879191395640376072e+01 4.409265899658203125e+01 1.174770507812500000e+02
2.024385528564453693e+02 1.805497929453852635e+01 4.270434570312500000e+01 1.166560287475585938e+02
2.027651653289795775e+02 1.877897831797605477e+01 4.333633804321289062e+01 1.172502059936523438e+02
2.033248672485352415e+02 1.751037785410886727e+01 4.234892272949218750e+01 1.189040145874023438e+02
2.039425582885742756e+02 1.853662678599360447e+01 4.197373962402343750e+01 1.177740631103515625e+02
2.046069183349609943e+02 1.890666386485102635e+01 4.154531860351562500e+01 1.172357711791992188e+02
2.049830322265625568e+02 1.976228901743891697e+01 4.100045776367187500e+01 1.163499603271484375e+02
2.058466529846191690e+02 2.065595433115959167e+01 4.129982757568359375e+01 1.152058181762695312e+02
2.063911552429199503e+02 2.098258015513420105e+01 4.035569000244140625e+01 1.154877471923828125e+02
2.066550502777099894e+02 2.156453511118888855e+01 4.035002517700195312e+01 1.145716705322265625e+02
2.076473712921142862e+02 2.141967198252677917e+01 4.005038070678710938e+01 1.142439956665039062e+02
2.083401679992676065e+02 2.234729191660881042e+01 3.909273529052734375e+01 1.134249191284179688e+02
2.090402774810791300e+02 1.902262684702873230e+01 3.941666793823242188e+01 1.156431884765625000e+02
2.083047809600830362e+02 1.949529835581779480e+01 3.933547592163085938e+01 1.146813659667968750e+02
2.087097797393799112e+02 2.195921894907951355e+01 3.930532455444335938e+01 1.121531829833984375e+02
2.091948680877685831e+02 1.939474675059318542e+01 3.916351699829101562e+01 1.149977951049804688e+02
2.080153694152832315e+02 1.941158863902091980e+01 3.923656463623046875e+01 1.145797729492187500e+02
2.072547798156738565e+02 2.230114933848381042e+01 3.987981414794921875e+01 1.109317550659179688e+02
2.067595806121826456e+02 2.264388844370841980e+01 3.988840103149414062e+01 1.108544311523437500e+02
2.064271583557129190e+02 2.218990895152091980e+01 4.110915374755859375e+01 1.102341613769531250e+02
2.062257213592529581e+02 2.465002247691154480e+01 4.113507461547851562e+01 1.066059875488281250e+02
2.052875366210937784e+02 2.585277745127677917e+01 4.110556030273437500e+01 1.055031814575195312e+02
2.051921710968017862e+02 2.577493855357170105e+01 4.090331649780273438e+01 1.048062896728515625e+02
2.050694141387939737e+02 2.662033268809318542e+01 4.031417465209960938e+01 1.053114852905273438e+02
2.054477481842041300e+02 2.649246785044670105e+01 3.977100753784179688e+01 1.057675323486328125e+02
2.048694057464600178e+02 2.000494953989985447e+01 4.006346511840820312e+01 1.125549468994140625e+02
2.045039081573486897e+02 2.388841435313227635e+01 3.951903915405273438e+01 1.081759567260742188e+02
2.048525772094727131e+02 2.642106434702876072e+01 3.886766052246093750e+01 1.056319580078125000e+02
2.055498695373535725e+02 2.424152943491938572e+01 3.823058319091796875e+01 1.064536132812500000e+02
2.054693126678467365e+02 2.498068043589594822e+01 3.832477188110351562e+01 1.058879089355468750e+02
2.057174835205078693e+02 2.625259587168696385e+01 3.825686645507812500e+01 1.053054733276367188e+02
2.055100231170654865e+02 2.441064640879633885e+01 3.951184463500976562e+01 1.057412643432617188e+02
2.053679561614990803e+02 2.758009526133540135e+01 3.985988235473632812e+01 1.035214462280273438e+02
2.061851806640625568e+02 2.577893254160883885e+01 3.962524414062500000e+01 1.048567733764648438e+02
2.064479885101318928e+02 2.835923191905024510e+01 3.998839187622070312e+01 1.011333999633789062e+02
2.064736900329590412e+02 2.874607273936274510e+01 4.014124298095703125e+01 1.006268386840820312e+02
2.052851238250732990e+02 2.768998143076899510e+01 3.939120864868164062e+01 1.026378250122070312e+02
2.065987052917481037e+02 2.873301884531977635e+01 3.915729522705078125e+01 1.015028610229492188e+02
2.072192192077637287e+02 2.923793599009516697e+01 3.889487457275390625e+01 9.873881530761718750e+01
2.061821823120117756e+02 2.334060093760493260e+01 3.865177917480468750e+01 1.051781997680664062e+02
2.062840385437012287e+02 2.866882893443110447e+01 3.907633209228515625e+01 9.935853576660156250e+01
2.065032005310059162e+02 2.677292439341547947e+01 3.821067047119140625e+01 1.010359954833984375e+02
2.068149147033691975e+02 2.514046666026118260e+01 3.807152557373046875e+01 1.018345718383789062e+02
2.060800399780274006e+02 2.837420460581782322e+01 3.801438903808593750e+01 9.978378295898437500e+01
2.065759010314941975e+02 2.945987126231196385e+01 3.716280364990234375e+01 9.729695892333984375e+01
2.060014801025391193e+02 2.820458409190180760e+01 3.696343994140625000e+01 9.879959869384765625e+01
2.060686111450195881e+02 3.006868931651118260e+01 3.720185852050781250e+01 9.723056793212890625e+01
2.063476333618164631e+02 3.002631565928462010e+01 3.658619689941406250e+01 9.655695343017578125e+01
2.056371822357178303e+02 2.998900029063227635e+01 3.618761062622070312e+01 9.695946502685546875e+01
2.063467693328857990e+02 3.049246785044672947e+01 3.561462783813476562e+01 9.664378356933593750e+01
2.057817001342774006e+02 3.057168003916743260e+01 3.550685119628906250e+01 9.540299224853515625e+01
2.047476844787598225e+02 3.098446843028071385e+01 3.567833709716796875e+01 9.531041717529296875e+01
2.044955520629883381e+02 2.975093266367915135e+01 3.640885925292968750e+01 9.681188201904296875e+01
2.048032474517822834e+02 2.964507481455805760e+01 3.660868453979492188e+01 9.595560455322265625e+01
2.043397998809815022e+02 2.916600605845454197e+01 3.693218612670898438e+01 9.721049499511718750e+01
2.055454463958740803e+02 2.887926670908930760e+01 3.551073074340820312e+01 9.607492828369140625e+01
2.051198787689209553e+02 3.005587956309321385e+01 3.641896438598632812e+01 9.692174530029296875e+01
2.071151485443115803e+02 3.114085194468501072e+01 3.477833938598632812e+01 9.296502685546875000e+01
2.061593723297119709e+02 3.202514836192133885e+01 3.572846603393554688e+01 9.424269866943359375e+01
2.062643718719482990e+02 3.190212818980219822e+01 3.581750869750976562e+01 9.235668945312500000e+01
2.069818687438965412e+02 3.453092762827876072e+01 3.584897613525390625e+01 9.153118896484375000e+01
2.078023147583008381e+02 3.408916661143305760e+01 3.548658752441406250e+01 9.004828643798828125e+01
2.081645526885986897e+02 3.477259632945063572e+01 3.459090805053710938e+01 8.940020751953125000e+01
2.085102748870850178e+02 3.397824284434321385e+01 3.423158645629882812e+01 9.185665130615234375e+01
2.089877090454102131e+02 3.526420781016352635e+01 3.408213806152343750e+01 8.862349700927734375e+01
2.084362144470215412e+02 3.234155079722407322e+01 3.385059356689453125e+01 9.180239868164062500e+01
2.090442523956299397e+02 3.411844822764399510e+01 3.436046981811523438e+01 8.932407379150390625e+01
2.092735195159912678e+02 3.134593388438227635e+01 3.446995925903320312e+01 9.235768890380859375e+01
2.093786849975586506e+02 3.403335759043696385e+01 3.396360778808593750e+01 9.029656219482421875e+01
2.085070991516113850e+02 3.075291630625727635e+01 3.405303192138671875e+01 9.396013641357421875e+01
2.085175437927246662e+02 3.518340489268305760e+01 3.405854034423828125e+01 8.945355987548828125e+01
2.075567874908447834e+02 3.277892109751704197e+01 3.440195846557617188e+01 9.091917419433593750e+01
2.077158679962158772e+02 3.630092427134516697e+01 3.431249618530273438e+01 8.697523498535156250e+01
2.077467021942139240e+02 3.581491276621821385e+01 3.406436538696289062e+01 8.715334320068359375e+01
2.080671806335449787e+02 3.659863469004633885e+01 3.359009552001953125e+01 8.670940399169921875e+01
2.073944702148438068e+02 3.553453633189204197e+01 3.343618774414062500e+01 8.801167297363281250e+01
2.075797195434570881e+02 3.596137425303462010e+01 3.280912780761718750e+01 8.637302398681640625e+01
2.076687183380127522e+02 3.438639256358149510e+01 3.253988265991210938e+01 8.878995513916015625e+01
2.071563873291016193e+02 3.537092396616938572e+01 3.238992309570312500e+01 8.650448608398437500e+01
2.066003894805908772e+02 3.477334019541743260e+01 3.241897201538085938e+01 8.767264556884765625e+01
2.070504989624024006e+02 3.408075138926508885e+01 3.266383361816406250e+01 8.829851531982421875e+01
2.065333156585693928e+02 3.408701130747797947e+01 3.231306838989257812e+01 8.759727478027343750e+01
2.065369052886963459e+02 3.570578572154047947e+01 3.303388595581054688e+01 8.742204284667968750e+01
2.059717369079590412e+02 3.520406910777094822e+01 3.300766754150390625e+01 8.659759521484375000e+01
2.073706932067871662e+02 3.700004765391352635e+01 3.207068634033203125e+01 8.446443939208984375e+01
2.059134387969971272e+02 3.708971974253657322e+01 3.343688583374023438e+01 8.352920532226562500e+01
2.064655570983887287e+02 3.941133686900141697e+01 3.294080352783203125e+01 8.236106872558593750e+01
2.067889213562012287e+02 3.742282673716547947e+01 3.342133331298828125e+01 8.422245788574218750e+01
2.071860542297363850e+02 3.809248539805415135e+01 3.284682464599609375e+01 8.265767669677734375e+01
2.068546295166016193e+02 3.824667927622797947e+01 3.253894042968750000e+01 8.273652648925781250e+01
2.072578334808350178e+02 3.790254780650141697e+01 3.208629226684570312e+01 8.167713928222656250e+01
2.075510311126709553e+02 3.710037800669672947e+01 3.170076370239257812e+01 8.240159606933593750e+01
2.075785999298096272e+02 3.821286579966547947e+01 3.172506332397460938e+01 8.193742370605468750e+01
2.067817611694336506e+02 3.580452916026118260e+01 3.184892272949218750e+01 8.360062408447265625e+01
2.075724287033081623e+02 3.782707783579829197e+01 3.077414894104003906e+01 8.319108581542968750e+01
2.075041856765747639e+02 3.538391682505609026e+01 3.062030601501464844e+01 8.528839111328125000e+01
2.065736236572266193e+02 3.783590504527093401e+01 3.031318664550781250e+01 8.263777160644531250e+01
2.070930814743042561e+02 3.724328038096429339e+01 2.994822120666503906e+01 8.252519989013671875e+01
2.060660533905029865e+02 3.883963963389398089e+01 3.025244522094726562e+01 8.132118988037109375e+01
2.059400835037232014e+02 3.850300022959710589e+01 2.997060203552246094e+01 8.159461212158203125e+01
2.059478826522827717e+02 4.059839436411859026e+01 2.973831367492675781e+01 8.028189086914062500e+01
2.061749229431152912e+02 4.006620976328851214e+01 2.929210662841796875e+01 8.036708831787109375e+01
2.057308044433594318e+02 3.946726033091546526e+01 2.905541992187500000e+01 8.028909301757812500e+01
2.050981655120850178e+02 3.857660099864007464e+01 2.952985000610351562e+01 8.087929534912109375e+01
2.045229015350342365e+02 3.773472401499749651e+01 2.987785720825195312e+01 8.049029541015625000e+01
2.041980848312378498e+02 3.861380574107171526e+01 3.025441932678222656e+01 7.972294616699218750e+01
2.037222223281860920e+02 3.875087544322015276e+01 3.042796134948730469e+01 8.020896911621093750e+01
2.032629833221436115e+02 3.826918599009515276e+01 3.047235488891601562e+01 7.982495117187500000e+01
2.033527975082398029e+02 3.828624913096429339e+01 3.026779365539550781e+01 8.018238067626953125e+01
2.031926307678223225e+02 3.901398274302484026e+01 3.052114105224609375e+01 7.968479919433593750e+01
2.031818895339966389e+02 4.002586933970452776e+01 3.069226646423339844e+01 7.838192749023437500e+01
2.025011854171753498e+02 4.017709156870843401e+01 3.120609474182128906e+01 7.731588745117187500e+01
2.031594524383545490e+02 4.120151707530023089e+01 3.065546035766601562e+01 7.638832855224609375e+01
2.037802143096924397e+02 4.231968876719476214e+01 3.031661605834960938e+01 7.597463226318359375e+01
2.031746959686279865e+02 4.221193882822991839e+01 3.074516677856445312e+01 7.625598907470703125e+01
2.038705368041992756e+02 4.259704014658929339e+01 2.989904785156250000e+01 7.487523651123046875e+01
2.041033210754395100e+02 4.191839024424554339e+01 2.941883087158203125e+01 7.477553558349609375e+01
2.043137006759644123e+02 4.223842427134515276e+01 2.918110084533691406e+01 7.414260864257812500e+01
2.042439861297607990e+02 4.147582432627679339e+01 2.902406692504882812e+01 7.505951690673828125e+01
2.034170856475830647e+02 4.133084675669671526e+01 2.935691452026367188e+01 7.557469177246093750e+01
2.041314592361450764e+02 4.148347660899165135e+01 2.827754783630371094e+01 7.553266143798828125e+01
2.040980033874512287e+02 4.126143452525141697e+01 2.842917633056640625e+01 7.649157714843750000e+01
2.037254905700684162e+02 3.992510029673579197e+01 2.818274688720703125e+01 7.727062988281250000e+01
2.029573297500610920e+02 4.149791523814204197e+01 2.859338188171386719e+01 7.517289733886718750e+01
2.028508872985840412e+02 4.257150837779047947e+01 2.851108551025390625e+01 7.462147521972656250e+01
2.023160943984985920e+02 4.344465824961666556e+01 2.869885063171386719e+01 7.404419708251953125e+01
2.025994911193848225e+02 4.336167332530027352e+01 2.807701873779296875e+01 7.420363616943359375e+01
2.023497648239136311e+02 4.341397663950925789e+01 2.879044532775878906e+01 7.380358886718750000e+01
2.021511449813843342e+02 4.366725727915770960e+01 2.873626899719238281e+01 7.325469970703125000e+01
2.013381061553955647e+02 4.377837559580810023e+01 2.843564987182617188e+01 7.318012237548828125e+01
2.018741483688355061e+02 4.341024586558349085e+01 2.803837013244628906e+01 7.272935485839843750e+01
2.018333873748779865e+02 4.260659977793700648e+01 2.790379714965820312e+01 7.305086517333984375e+01
2.016718301773071857e+02 4.277169987559325648e+01 2.798124504089355469e+01 7.383112335205078125e+01
2.018918752670288654e+02 4.225099751353270960e+01 2.778788948059082031e+01 7.382131958007812500e+01
2.029895515441895100e+02 4.303206059336669398e+01 2.730196380615234375e+01 7.339524078369140625e+01
2.024960193634033772e+02 4.297578999400145960e+01 2.792325973510742188e+01 7.360598754882812500e+01
2.026442384719849201e+02 4.447093769907958460e+01 2.800360679626464844e+01 7.089067077636718750e+01
2.031195926666260334e+02 4.468842503428466273e+01 2.777892684936523438e+01 7.211553192138671875e+01
2.034650430679321857e+02 4.554401966929442835e+01 2.771873283386230469e+01 6.950666809082031250e+01
2.041916513442993732e+02 4.528384968638427210e+01 2.729379081726074219e+01 7.224951171875000000e+01
2.044122600555420490e+02 4.534519001841552210e+01 2.711066055297851562e+01 7.097509765625000000e+01
2.043631906509399982e+02 4.508606526255614710e+01 2.679008293151855469e+01 7.139065551757812500e+01
2.048060331344605061e+02 4.533180424571044398e+01 2.715601539611816406e+01 7.097463226318359375e+01
2.055303993225098225e+02 4.216706654429442835e+01 2.647631072998046875e+01 7.270779418945312500e+01
2.052373332977295490e+02 4.397807118296630335e+01 2.655749893188476562e+01 7.103611755371093750e+01
2.051294946670532795e+02 4.514325138926513148e+01 2.684385490417480469e+01 7.062281036376953125e+01
2.051917638778687092e+02 4.365568348765380335e+01 2.679359626770019531e+01 7.221055603027343750e+01
2.052308673858643147e+02 4.408041188120849085e+01 2.685244369506835938e+01 7.124638366699218750e+01
2.057218523025513264e+02 4.495642277598388148e+01 2.685053062438964844e+01 7.095534515380859375e+01
2.048342075347900959e+02 4.456320759654052210e+01 2.751388168334960938e+01 7.038824462890625000e+01
2.052632570266724201e+02 4.527526661753661585e+01 2.719157981872558594e+01 7.054199218750000000e+01
2.053219261169434162e+02 4.553152272105224085e+01 2.691223907470703125e+01 7.030412292480468750e+01
2.043603572845459553e+02 4.600037571787841273e+01 2.750868606567382812e+01 6.898436737060546875e+01
2.051319208145142170e+02 4.670064350962645960e+01 2.675947380065917969e+01 6.998886108398437500e+01
2.047989110946655842e+02 4.697760197520263148e+01 2.738543891906738281e+01 6.860393524169921875e+01
2.048662414550781818e+02 4.610520741343505335e+01 2.688432312011718750e+01 6.832798767089843750e+01
2.045739326477051350e+02 4.591783329844481898e+01 2.709091949462890625e+01 6.873728179931640625e+01
2.051057739257813068e+02 4.650284764170653773e+01 2.667102050781250000e+01 6.818631744384765625e+01
2.057259092330933186e+02 4.483944508433349085e+01 2.624855995178222656e+01 6.949624633789062500e+01
2.054565896987915607e+02 4.548024174571044398e+01 2.573692131042480469e+01 6.861966705322265625e+01
2.058105688095093342e+02 4.635530278086669398e+01 2.528845405578613281e+01 6.916809844970703125e+01
2.068133773803711506e+02 4.494907566905028773e+01 2.494644165039062500e+01 6.989427947998046875e+01
2.062297658920288654e+02 4.724649617075927210e+01 2.511506843566894531e+01 6.766528320312500000e+01
2.075672588348389240e+02 4.565493580698974085e+01 2.476660537719726562e+01 6.769720458984375000e+01
2.074409027099609943e+02 4.610310551524169398e+01 2.553053283691406250e+01 6.879944610595703125e+01
2.075135221481323811e+02 4.294463154673583460e+01 2.553603553771972656e+01 7.140670776367187500e+01
2.067436180114746662e+02 3.290989491343505335e+01 2.855973052978515625e+01 8.187509155273437500e+01
2.089973278045654865e+02 4.218435475230224085e+01 2.458253860473632812e+01 7.312149047851562500e+01
2.078159284591675373e+02 4.073150441050536585e+01 2.690859413146972656e+01 7.204187011718750000e+01
2.071989049911499592e+02 4.333317753672606898e+01 2.720140266418457031e+01 7.034096527099609375e+01
2.077674036026001545e+02 1.858530995249755335e+01 2.824860954284667969e+01 9.465174865722656250e+01
2.090497026443482014e+02 4.238412663340575648e+01 2.658412742614746094e+01 6.990369415283203125e+01
2.092019042968750568e+02 3.610614964365966273e+01 2.625030517578125000e+01 7.919324493408203125e+01
2.095882215499878498e+02 3.782958790659911585e+01 2.654615211486816406e+01 7.708833312988281250e+01
2.097223129272461506e+02 4.369236561656005335e+01 2.654364013671875000e+01 6.724342346191406250e+01
2.095485095977783772e+02 1.472600361704833460e+01 2.894916915893554688e+01 9.087965393066406250e+01
2.080835609436035725e+02 3.408792683482177210e+01 2.729540252685546875e+01 7.014274597167968750e+01
2.090184106826782795e+02 1.273820301890380335e+01 2.962405204772949219e+01 9.177209472656250000e+01
2.091373004913330647e+02 2.793258091807372523e+01 2.852705001831054688e+01 8.443518829345703125e+01
2.088822307586670490e+02 4.140694996714599085e+01 2.691940689086914062e+01 7.186050415039062500e+01
2.094203529357910725e+02 4.715792271494872523e+01 2.559903717041015625e+01 6.603842926025390625e+01
2.101128845214844318e+02 4.852840229868895960e+01 2.512231445312500000e+01 6.408834838867187500e+01
2.098392047882080647e+02 4.882262417674071742e+01 2.525173568725585938e+01 6.322857284545898438e+01
2.102442092895508381e+02 4.911149594187743617e+01 2.480342102050781250e+01 6.264167404174804688e+01
2.093186655044556232e+02 4.877855679392821742e+01 2.507697868347167969e+01 6.377947616577148438e+01
2.102438907623291584e+02 4.790624997019774867e+01 2.438311386108398438e+01 6.195389938354492188e+01
2.100795335769653889e+02 4.836578938364989710e+01 2.504126548767089844e+01 6.433595275878906250e+01
2.101978788375855061e+02 4.824659535288817835e+01 2.481861305236816406e+01 6.177250671386718750e+01
2.095366544723511311e+02 4.760568234324462367e+01 2.565142250061035156e+01 6.170212936401367188e+01
2.101158103942871662e+02 4.351920506358153773e+01 2.689044952392578125e+01 6.505365753173828125e+01
2.109425001144409748e+02 1.289169880747802210e+01 2.751328468322753906e+01 8.625833129882812500e+01
2.105402240753174397e+02 2.483294865489013148e+01 2.858053207397460938e+01 7.202329254150390625e+01
2.102002353668213459e+02 3.686612507700927210e+01 3.012221908569335938e+01 6.406340026855468750e+01
2.117161998748779865e+02 3.483723637461669398e+01 2.853367996215820312e+01 6.503223419189453125e+01
2.111881074905396076e+02 4.876381871104247523e+01 2.579068565368652344e+01 6.268009185791015625e+01
2.122603702545166584e+02 4.693398091197020960e+01 2.551899337768554688e+01 6.410984802246093750e+01
2.114849157333374592e+02 4.293531224131591273e+01 2.655269050598144531e+01 6.950605010986328125e+01
2.116195516586304279e+02 1.369818684458739710e+01 2.796986579895019531e+01 9.229060363769531250e+01
2.115775156021118732e+02 1.761086460947997523e+01 2.808840751647949219e+01 7.801403045654296875e+01
2.123147964477539631e+02 4.350406071543700648e+01 2.775654602050781250e+01 6.570365142822265625e+01
2.130788621902466389e+02 4.609479710459716273e+01 2.527530479431152344e+01 6.366136932373046875e+01
2.125793142318726154e+02 1.937517353892333460e+01 2.748793220520019531e+01 8.097753906250000000e+01
2.101166658401489826e+02 4.124126812815674725e+01 3.152135276794433594e+01 6.019377517700195312e+01
2.099948635101318928e+02 1.919035527110108319e+01 2.997693252563476562e+01 8.063132476806640625e+01
2.018386211395264240e+02 4.174531361460694256e+01 4.236948013305664062e+01 6.072685241699218750e+01
2.022125720977783772e+02 2.398856541514405194e+01 3.946419906616210938e+01 7.350557708740234375e+01
1.906761054992676350e+02 3.663602825999268475e+01 5.377632904052734375e+01 6.369685745239257812e+01
2.117499351501465412e+02 3.845308491587647381e+01 3.285214996337890625e+01 7.243106079101562500e+01
2.139501399993897053e+02 4.115682026743897381e+01 2.842050552368164062e+01 6.876397705078125000e+01
2.134260101318359943e+02 4.802535244822510663e+01 2.566999816894531250e+01 6.311794662475585938e+01
2.152549972534180256e+02 4.758825680613526288e+01 2.537396240234375000e+01 6.222819137573242188e+01
2.151884727478027912e+02 4.723618122935303631e+01 2.512967681884765625e+01 6.483833312988281250e+01
2.149753046035767170e+02 4.516515156626709881e+01 2.487534904479980469e+01 6.501306152343750000e+01
2.151837472915649982e+02 3.575238987803467694e+01 2.540489006042480469e+01 7.424410247802734375e+01
2.133426437377930256e+02 7.992471665144051940e+00 2.758705139160156250e+01 8.509760284423828125e+01
2.126430139541626545e+02 9.587800949812020690e+00 2.806808280944824219e+01 7.398253631591796875e+01
2.083463859558106037e+02 4.242829129099854413e+01 3.981610870361328125e+01 6.274308395385742188e+01
2.138160934448242756e+02 1.405570790171631756e+01 3.107392883300781250e+01 7.953431701660156250e+01
2.132095975875855061e+02 1.516523167490967694e+01 3.156067848205566406e+01 8.474910736083984375e+01
2.095735511779785725e+02 1.384395405650147381e+01 3.326813507080078125e+01 8.031614685058593750e+01
2.084898910522461506e+02 0.000000000000000000e+00 3.923034667968750000e+01 4.541149517893799725e+01
2.196654586791992756e+02 5.093539808690552206e+01 2.013084411621093750e+01 5.942125320434570312e+01
2.190229778289795490e+02 4.910106275975707035e+01 2.207930374145507812e+01 6.155504226684570312e+01
2.082752475738525959e+02 1.912537954747679692e+01 3.299142074584960938e+01 8.766650390625000000e+01
2.112092666625977131e+02 3.328034399449828129e+01 4.163409423828125000e+01 6.537937164306640625e+01
2.142439689636231037e+02 4.139131353795531254e+01 3.298336029052734375e+01 6.886037445068359375e+01
2.099223442077637287e+02 1.819228170812132817e+01 3.670362091064453125e+01 8.211520385742187500e+01
1.883272056579590412e+02 3.594565771520140629e+01 6.846726226806640625e+01 6.597158050537109375e+01
1.797485198974609943e+02 3.631577490270140629e+01 7.185418701171875000e+01 6.691396331787109375e+01
1.936799011230469603e+02 3.067660330235963784e+01 6.445483398437502842e+01 7.368428039550781250e+01
1.858366317749024574e+02 2.666083334386354409e+01 6.851457214355468750e+01 7.599417114257812500e+01
1.785573120117188637e+02 3.068947409093385659e+01 7.205673217773437500e+01 6.985955810546875000e+01
2.086557197570801634e+02 1.321195028722289067e+01 4.072664642333984375e+01 8.053329467773437500e+01
2.021874942779541868e+02 1.697858618199828129e+01 4.852573776245117188e+01 7.400185394287109375e+01
2.124340095520020384e+02 0.000000000000000000e+00 3.062636566162109375e+01 7.527984045445921879e+01
2.148847408294678303e+02 9.189206115901470184e+00 2.528113174438476562e+01 8.082748413085937500e+01
2.142660245895386311e+02 1.084532260149717331e+01 2.553479957580566406e+01 7.894263458251953125e+01
2.135712051391602131e+02 6.978127472102656270e+00 2.916714477539062500e+01 8.381420135498046875e+01
2.125898094177246662e+02 1.134911822527648440e+01 2.990547943115234375e+01 9.250080871582031250e+01
2.119135951995850178e+02 1.128999804705382815e+01 2.971591567993164062e+01 9.031158447265625000e+01
2.127468366622925373e+02 1.234835910052062502e+01 3.014538002014160156e+01 8.867069244384765625e+01
2.115807495117188068e+02 1.219285296648742190e+01 3.225148010253906250e+01 8.903327941894531250e+01
2.116064891815186115e+02 1.139791583269835940e+01 3.203697586059570312e+01 8.721971130371093750e+01
2.126102743148804279e+02 9.510792724788203145e+00 3.147023200988769531e+01 8.695184326171875000e+01
2.130821590423584553e+02 1.250545214861632815e+01 3.229086685180664062e+01 8.832916259765625000e+01
2.079665927886963459e+02 2.080432604998351565e+01 3.602688217163085938e+01 7.966497802734375000e+01
2.012696285247803303e+02 2.455352496355773440e+01 4.312344741821289062e+01 6.969084167480468750e+01
2.060010681152344318e+02 2.253600787371398440e+01 3.696974182128906250e+01 7.836402893066406250e+01
1.984507999420166584e+02 3.357790087908507815e+01 4.840313339233398438e+01 6.461526489257812500e+01
2.027447052001953693e+02 3.398674105852843752e+01 4.235755920410156250e+01 6.745673370361328125e+01
2.101681041717529865e+02 2.317106723040343752e+01 3.402678298950195312e+01 7.978488922119140625e+01
2.125588397979736897e+02 1.329519747942687502e+01 3.377225875854492188e+01 8.154380035400390625e+01
2.155135107040405842e+02 1.578529071062804690e+01 3.041742134094238281e+01 8.023387145996093750e+01
2.103431682586670490e+02 2.109794711321593752e+01 3.536140823364257812e+01 7.851871490478515625e+01
2.091112270355225178e+02 2.546364306658507815e+01 3.689328384399414062e+01 7.273403930664062500e+01
2.091840076446533772e+02 2.546083544939757815e+01 3.818345260620117188e+01 7.552258300781250000e+01
2.117300434112549397e+02 2.167368792742492190e+01 3.678443527221679688e+01 8.406376647949218750e+01
2.069033260345459553e+02 2.802043627947570315e+01 4.407477188110351562e+01 7.848956298828125000e+01
2.067904109954834553e+02 2.403876971453429690e+01 4.457104873657226562e+01 7.729277038574218750e+01
2.108523406982422443e+02 2.071899127215148440e+01 3.741758728027343750e+01 8.582679748535156250e+01
2.043996906280518147e+02 3.296826266497375002e+01 5.020823287963867188e+01 7.196192169189453125e+01
2.026445503234863850e+02 3.628284167498351565e+01 4.915381622314453125e+01 6.481295776367187500e+01
2.139910717010498615e+02 1.576215838640929690e+01 3.099281692504882812e+01 8.543760681152343750e+01
2.155211906433106037e+02 3.052274417132140627e+01 3.007140350341796875e+01 6.622887420654296875e+01
2.105730094909668537e+02 2.514203356951476565e+01 3.507871246337890625e+01 7.498020935058593750e+01
2.080771293640137287e+02 2.348772906512023440e+01 4.012397003173828125e+01 7.730325317382812500e+01
2.053472537994385334e+02 1.963275622576476565e+01 4.264115524291992188e+01 7.859776306152343750e+01
2.005313739776611897e+02 2.903761004656554690e+01 4.845656967163085938e+01 7.506796264648437500e+01
1.968843536376953693e+02 3.840022753924132815e+01 7.146173095703125000e+01 6.823960876464843750e+01
1.863522911071777912e+02 3.523271655291320315e+01 8.295417022705078125e+01 7.177131652832031250e+01
1.753226737976074787e+02 3.421171282976867190e+01 8.865570831298828125e+01 7.346078491210937500e+01
2.467923889160156818e+02 3.441964816302061081e+01 1.776457214355468750e+02 6.645983123779296875e+01
2.650405120849609943e+02 3.135773562639951706e+01 1.720628051757812500e+02 7.233841705322265625e+01
2.570922088623047443e+02 2.258078097552061081e+01 1.809077911376952557e+02 8.754784393310546875e+01
2.705156097412109375e+02 2.762710665911436081e+01 1.674843902587890625e+02 8.395177459716796875e+01
2.650451583862304688e+02 2.901731585711240768e+01 1.729548416137695312e+02 8.401889038085937500e+01
2.561001625061035156e+02 2.769427966326475143e+01 1.818998374938964844e+02 8.893400573730468750e+01
2.071616992950439453e+02 2.655098056048154831e+01 5.976541137695312500e+01 9.145412445068359375e+01
1.776990871429443359e+02 3.343137835711240768e+01 7.756136322021484375e+01 7.071072387695312500e+01
2.356435794830322266e+02 2.619302081316709518e+01 1.767539825439453125e+02 7.835504150390625000e+01
2.310807819366455078e+02 1.814263247698545456e+01 2.069192180633544922e+02 9.134046173095703125e+01
1.946727647781372070e+02 2.303230380266904831e+01 6.178643035888671875e+01 9.579842376708984375e+01
1.875004892349243164e+02 3.171400546282529831e+01 7.029666137695312500e+01 7.451778411865234375e+01
2.014697504043579102e+02 3.151360034197568893e+01 6.456794738769531250e+01 7.637062072753906250e+01
1.978578081130981445e+02 3.283226489275693893e+01 6.441967010498046875e+01 7.374760437011718750e+01
1.901767969131469727e+02 3.657706927508115768e+01 7.503926086425781250e+01 6.971740722656250000e+01
1.998863954544067383e+02 3.420089053362607956e+01 5.732700347900390625e+01 7.132920074462890625e+01
1.980067358016967773e+02 3.288345431536436081e+01 6.019127273559570312e+01 7.206951141357421875e+01
2.163212118148803711e+02 3.376590060442686081e+01 4.156509780883789062e+01 7.414894866943359375e+01
2.158212633132934570e+02 2.474320697039365768e+01 3.307369232177734375e+01 8.060272216796875000e+01
2.219327259063720703e+02 4.240823458880186081e+01 3.012765312194824219e+01 6.897539520263671875e+01
2.179729862213134766e+02 2.068703936785459518e+01 2.937380790710449219e+01 8.594525146484375000e+01
2.202765264511108398e+02 4.391929721087217331e+01 3.014575576782226562e+01 6.663497161865234375e+01
2.218672542572021484e+02 3.943808459490539065e+01 2.760561180114746094e+01 7.249916076660156250e+01
2.175378255844116211e+02 2.645707415789367190e+01 3.062923049926757812e+01 8.314582824707031250e+01
2.170889797210693359e+02 3.985543154925107956e+01 3.194495201110839844e+01 7.237957000732421875e+01
2.151641798019409180e+02 2.969702624529598722e+01 3.332735824584960938e+01 7.979766845703125000e+01
2.113670873641967773e+02 3.689770983904598722e+01 3.892325210571289062e+01 6.662673950195312500e+01
2.146682415008544922e+02 6.995491974055752848e+00 3.140978050231933594e+01 8.775614166259765625e+01
2.011231279373168945e+02 3.561826037615536222e+01 5.429825592041015625e+01 6.564717102050781250e+01
2.018022260665893555e+02 3.420166110247372160e+01 5.157653427124023438e+01 7.177306365966796875e+01
2.017591753005981445e+02 3.380938052386044035e+01 6.635660552978515625e+01 7.144211578369140625e+01
1.875280961990356445e+02 3.533865069597958097e+01 8.303818511962890625e+01 6.944253540039062500e+01
1.779587907791137695e+02 3.484545993059872160e+01 8.821164703369140625e+01 7.213890838623046875e+01
2.472772684097290039e+02 3.123742007464170456e+01 1.772815399169921875e+02 7.070801544189453125e+01
2.643344964981079102e+02 3.065225314348936081e+01 1.736655035018920898e+02 7.606578826904296875e+01
2.678886990547180176e+02 3.372147464007139206e+01 1.650481262207031250e+02 7.540671539306640625e+01
2.044533104896545410e+02 2.780463885515928268e+01 5.910777664184570312e+01 8.835855102539062500e+01
1.861065869331359863e+02 3.248815249651670456e+01 8.717820739746093750e+01 7.293009185791015625e+01
2.093530354499816895e+02 0.000000000000000000e+00 4.501206207275390625e+01 7.333944033831357956e+01
1.965400700569152832e+02 3.543444490060210228e+01 6.274047088623046875e+01 6.955813598632812500e+01
1.887988934516907022e+02 3.474472093209627133e+01 7.058708190917965908e+01 6.994017791748046875e+01
2.027313446998596191e+02 3.132669496163728695e+01 6.177918624877929688e+01 7.494291687011718750e+01
1.737016911506653116e+02 4.283392762765294037e+01 8.084865570068359375e+01 6.770841979980468750e+01
1.716648602485657022e+02 3.699104356393223725e+01 9.588414001464840908e+01 7.091335296630859375e+01
1.917533230781555176e+02 3.026610993966465912e+01 7.947366333007812500e+01 7.988366699218750000e+01
1.635172924995422363e+02 3.354166459664708100e+01 9.123097229003906250e+01 7.452991485595703125e+01
1.812545475959777832e+02 2.777092408761387787e+01 8.168468475341796875e+01 8.057075500488281250e+01
2.591494793891906738e+02 3.159030198678379975e+01 1.737596282958984375e+02 6.744579315185546875e+01
2.623773694038391113e+02 1.892464875802403412e+01 1.664906158447265625e+02 8.698352050781250000e+01
2.230710644721984863e+02 1.777949189767247162e+01 2.149289355278015137e+02 9.528378295898437500e+01
2.085583174228668213e+02 2.443779039010411225e+01 4.431380462646484375e+01 9.952919769287109375e+01
1.837641355991363525e+02 3.352637910470372162e+01 7.856031036376953125e+01 7.179232788085937500e+01
1.970967695713042929e+02 3.488608216866853695e+01 7.129671478271487217e+01 7.369001770019531250e+01
1.841096632480621338e+02 3.311486482247713070e+01 8.689934539794921875e+01 7.457394409179687500e+01
1.736395628452301025e+02 3.472224092110994320e+01 9.300046539306640625e+01 7.275747680664062500e+01
2.449650137424468994e+02 3.353258180245759945e+01 1.865038604736328125e+02 6.658811950683593750e+01
2.510455648899078369e+02 2.597567414864900570e+01 1.869544351100921631e+02 8.052603149414062500e+01
2.344715815782546997e+02 1.944982194527986508e+01 2.035284184217453003e+02 9.100974273681640625e+01
2.109995122551918598e+02 2.153910112008463784e+01 4.517192840576171875e+01 9.525946807861328125e+01
1.774481206536293598e+02 3.833531617745768472e+01 7.417168426513671875e+01 6.457942199707031250e+01
1.835681920647622007e+02 3.645889711007490064e+01 7.782924652099612217e+01 6.825962829589843750e+01
1.785767408013344664e+02 3.068023347482096597e+01 7.677680969238281250e+01 7.600033569335937500e+01
1.627258496880532164e+02 3.318705033883463784e+01 9.574772644042971592e+01 7.371244049072265625e+01
1.851567807793618385e+02 2.161153459176432534e+01 7.658398437500000000e+01 8.544699859619140625e+01
1.758367848992348854e+02 3.322991609200846597e+01 8.648679351806640625e+01 7.955444335937500000e+01
1.884553533196450417e+02 2.817030000314127847e+01 8.512120819091796875e+01 8.099081420898437500e+01
2.429482160210610573e+02 2.708223771676432534e+01 1.950517839789389427e+02 7.560477447509765625e+01
2.634631827175617786e+02 2.692489671334635659e+01 1.745368172824382214e+02 8.306832122802734375e+01
2.557038890272378922e+02 2.297491120919596597e+01 1.822961109727621078e+02 8.901693725585937500e+01
2.468370671942830086e+02 2.797525453194987222e+01 1.807770080566406250e+02 8.872193908691406250e+01
