1.260000000000000000e+02 1.500000000000000000e+01 3.200000000000000000e+01 3.300000000000000000e+01
1.265722742080688477e+02 1.271545791625976562e+01 3.020399284362792969e+01 3.701917266845703125e+01
1.244436492919921875e+02 1.323747825622558594e+01 3.006443786621093750e+01 3.724542617797851562e+01
1.239871234893798828e+02 1.311972427368164062e+01 3.010412216186523438e+01 3.669199371337890625e+01
1.220000066757202148e+02 1.322519302368164062e+01 3.026245307922363281e+01 3.700634002685546875e+01
1.215508222579956055e+02 1.309933280944824219e+01 3.021198463439941406e+01 3.676391983032226562e+01
1.204159650802612305e+02 1.324990844726562500e+01 3.037587928771972656e+01 3.723954772949218750e+01
1.188587493896484375e+02 1.361272621154785156e+01 3.060238647460937500e+01 3.738100814819335938e+01
1.173494939804077148e+02 1.284323120117187500e+01 3.074980354309082031e+01 3.786402893066406250e+01
1.160197286605834961e+02 1.273223495483398438e+01 3.084735298156738281e+01 3.745012664794921875e+01
1.147630729675292969e+02 1.340710258483886719e+01 3.113959503173828125e+01 3.769913101196289062e+01
1.140647068023681641e+02 1.270829391479492188e+01 3.066122055053710938e+01 3.859575653076171875e+01
1.127936096191406250e+02 1.179524612426756391e+01 3.094169616699218750e+01 3.815648651123046875e+01
1.120655097961425781e+02 1.247200775146482954e+01 3.088484954833984375e+01 3.731402587890625000e+01
1.105961694717407227e+02 1.263230133056639204e+01 3.130915641784667969e+01 3.734066772460937500e+01
1.105489358901977539e+02 1.221832275390623579e+01 3.115299797058105469e+01 3.735264587402343750e+01
1.097443313598632812e+02 1.262085342407225141e+01 3.122874450683593750e+01 3.754143524169921875e+01
1.097637758255004883e+02 1.257190704345701704e+01 3.167183494567871094e+01 3.743328857421875000e+01
1.089066972732543803e+02 1.056994438171383877e+01 3.180640220642091265e+01 3.905559158325195312e+01
1.081124696731567383e+02 1.012755584716794033e+01 3.154480552673339844e+01 3.874699401855468750e+01
1.067468662261962891e+02 9.565731048583955953e+00 3.231623458862304688e+01 3.892536163330078125e+01
1.052960796356201172e+02 8.723640441894502828e+00 3.205145645141601562e+01 3.938816833496093750e+01
1.042756958007812500e+02 8.223621368408174703e+00 3.185032653808593750e+01 3.969518280029296875e+01
1.026558179855346680e+02 7.298387527465791891e+00 3.134734535217285156e+01 3.970864486694335938e+01
1.000632610321044922e+02 6.829704284667940328e+00 3.080299758911132812e+01 3.961500549316406250e+01
9.811706066131591797e+01 7.370771408081026266e+00 3.139756202697753906e+01 3.789821243286132812e+01
9.655475234985350141e+01 7.465065002441363617e+00 3.144329071044921875e+01 3.794412231445312500e+01
9.476420974731442470e+01 7.947561264038029094e+00 3.135488128662109375e+01 3.803944778442382812e+01
9.336393642425532846e+01 9.087633132934499258e+00 3.137379646301269531e+01 3.804732894897460938e+01
9.151984119415277519e+01 8.514219284057531922e+00 3.136609458923339844e+01 3.883139419555664062e+01
8.981717109680170097e+01 9.591522216796789735e+00 3.158932113647460938e+01 3.805667114257812500e+01
8.842520904541009941e+01 9.064006805419836610e+00 3.112977600097656250e+01 3.833831024169921875e+01
8.815141582489006566e+01 8.854516983032127087e+00 3.060166358947753906e+01 3.845649337768554688e+01
8.742229366302483129e+01 9.002897262573142712e+00 3.031662178039550781e+01 3.793367385864257812e+01
8.574209308624260473e+01 9.238420486450095837e+00 3.088640403747558594e+01 3.829694747924804688e+01
8.577921676635735082e+01 9.695814132690330212e+00 3.062194061279296875e+01 3.775520706176757812e+01
8.348665428161613988e+01 9.856861114501853649e+00 3.161116409301757812e+01 3.909157562255859375e+01
8.314730548858635473e+01 1.065613174438466615e+01 3.091441917419433594e+01 3.764760589599609375e+01
8.083200836181633520e+01 1.048729133605947084e+01 3.187562561035156250e+01 3.860468673706054688e+01
7.861683845520012426e+01 1.065633773803700990e+01 3.182249069213867188e+01 3.919007110595703125e+01
7.744470214843742895e+01 1.134574317932118959e+01 3.153253173828125000e+01 3.794796371459960938e+01
7.565063476562491473e+01 1.181272888183582381e+01 3.193177795410156250e+01 3.818936157226562500e+01
7.588343334197989520e+01 1.224085998535144881e+01 3.106589698791503906e+01 3.808580017089843750e+01
7.392092704772940692e+01 1.294102096557605819e+01 3.231991958618164062e+01 3.724523162841796875e+01
7.411533546447745380e+01 1.243220710754383163e+01 3.116889572143554688e+01 3.731313705444335938e+01
7.259251976013175067e+01 1.289396858215320663e+01 3.229120254516601562e+01 3.648929977416992188e+01
7.328810024261466083e+01 1.281270408630359725e+01 3.106166267395019531e+01 3.713115310668945312e+01
7.284184265136710223e+01 1.309210968017566756e+01 3.225973510742187500e+01 3.736398315429687500e+01
7.425435543060294208e+01 1.272430992126453475e+01 3.100869941711425781e+01 3.752875137329101562e+01
7.399299240112296161e+01 1.303188133239734725e+01 3.240239715576171875e+01 3.738022232055664062e+01
7.351311016082755145e+01 1.294741249084461288e+01 3.197481727600097656e+01 3.793156051635742188e+01
7.409966278076163348e+01 1.333245468139637069e+01 3.112077331542968750e+01 3.781804656982421875e+01
7.234745979309073505e+01 1.386872482299793319e+01 3.218728256225585938e+01 3.770656585693359375e+01
7.286304187774649677e+01 1.354934310913074569e+01 3.114580345153808594e+01 3.830522918701171875e+01
7.070676231384267396e+01 1.401313591003405179e+01 3.248884963989257812e+01 3.824023818969726562e+01
7.141162681579579896e+01 1.377815437316881741e+01 3.121635818481445312e+01 3.827221298217773438e+01
6.877849960327137069e+01 1.456579399108872508e+01 3.213053131103515625e+01 3.876079177856445312e+01
6.980662631988514022e+01 1.453793144226060008e+01 3.103976249694824219e+01 3.829899978637695312e+01
6.675564193725573148e+01 1.446670722961410149e+01 3.337906646728515625e+01 3.863171005249023438e+01
6.935542011260973538e+01 1.396181106567367181e+01 3.078330039978027344e+01 3.843045806884765625e+01
6.722171592712389554e+01 1.456865692138656243e+01 3.268460464477539062e+01 3.838807678222656250e+01
6.860104751586901273e+01 1.372387123107894524e+01 3.076691436767578125e+01 3.855724716186523438e+01
6.898970413207993602e+01 1.397353363037092322e+01 3.119507598876953125e+01 3.731346130371093750e+01
6.902683258056626414e+01 1.440513038635236853e+01 3.127900695800781250e+01 3.727247238159179688e+01
6.928955650329575633e+01 1.432747650146467322e+01 3.149153518676757812e+01 3.675378417968750000e+01
6.870844268798813914e+01 1.474288558959943884e+01 3.182290649414062500e+01 3.722274017333984375e+01
6.906460189819320306e+01 1.451190376281719807e+01 3.196442413330078125e+01 3.693905258178710938e+01
6.848678207397445306e+01 1.472632789611797932e+01 3.213666534423828125e+01 3.749464035034179688e+01
6.791356849670394524e+01 1.496944808959942463e+01 3.197526168823242188e+01 3.808811187744140625e+01
6.845348453521712884e+01 1.409074592590313557e+01 3.161570549011230469e+01 3.797251510620117188e+01
6.773230266571029290e+01 1.452708625793438557e+01 3.180774879455566406e+01 3.809853744506835938e+01
6.742154884338363274e+01 1.449607849121075276e+01 3.153713607788085938e+01 3.804731750488281250e+01
6.753149032592757806e+01 1.386100769042950276e+01 3.118677520751953125e+01 3.818778991699218750e+01
6.650533103942854041e+01 1.534998703002909792e+01 3.175624465942382812e+01 3.757486724853515625e+01
6.700455856323223713e+01 1.573916244506814621e+01 3.142832183837890625e+01 3.646053314208984375e+01
6.700030517578106526e+01 1.632509231567361496e+01 3.138050842285156250e+01 3.648989105224609375e+01
6.686605358123760823e+01 1.632832527160623215e+01 3.174648475646972656e+01 3.646662521362304688e+01
6.721273040771465901e+01 1.558434486389138840e+01 3.146025085449218750e+01 3.777212142944335938e+01
6.689270687103251589e+01 1.602996063232399138e+01 3.147966194152832031e+01 3.726370239257812500e+01
6.588164901733378542e+01 1.512008476257301481e+01 3.168686676025390625e+01 3.759422683715820312e+01
6.689543247222879074e+01 1.584597969055151623e+01 3.076710319519042969e+01 3.766076278686523438e+01
6.525347709655740402e+01 1.639885139465307873e+01 3.204730606079101562e+01 3.749291610717773438e+01
6.631513118743875168e+01 1.513499069213843029e+01 3.132150459289550781e+01 3.818903350830078125e+01
6.623464488983131560e+01 1.558909416198704889e+01 3.129998207092285156e+01 3.727087783813476562e+01
6.581812477111793669e+01 1.553799629211400202e+01 3.168865585327148438e+01 3.747369003295898438e+01
6.548268604278540295e+01 1.580741500854465187e+01 3.144698143005371094e+01 3.689003753662109375e+01
6.459980773925757092e+01 1.568614768981906593e+01 3.201217651367187500e+01 3.773649978637695312e+01
6.494813632965063732e+01 1.505653953552219093e+01 3.155459403991699219e+01 3.731445693969726562e+01
6.505709934234594982e+01 1.571243858337375343e+01 3.141433525085449219e+01 3.718317031860351562e+01
6.536217021942114513e+01 1.553975486755344093e+01 3.155057716369628906e+01 3.779043960571289062e+01
6.418270492553685358e+01 1.596968269348116110e+01 3.232353973388671875e+01 3.698766708374023438e+01
6.539320182800265968e+01 1.607953643798798282e+01 3.119525527954101562e+01 3.691001892089843750e+01
6.563050270080539406e+01 1.599546432495087345e+01 3.141004562377929688e+01 3.638527679443359375e+01
6.660423088073703468e+01 1.687929153442352970e+01 3.059108352661132812e+01 3.639461517333984375e+01
6.631824398040744484e+01 1.581393051147431095e+01 3.100827217102050781e+01 3.626596832275390625e+01
6.542374992370578468e+01 1.558082389831513126e+01 3.123820877075195312e+01 3.858292007446289062e+01
6.568445396423312843e+01 1.543252182006806095e+01 3.097795486450195312e+01 3.749633026123046875e+01
6.485990142822238624e+01 1.523284339904755313e+01 3.160494995117187500e+01 3.763454818725585938e+01
6.556243038177461813e+01 1.473040390014617174e+01 3.106585884094238281e+01 3.750579071044921875e+01
6.485441207885713766e+01 1.465116500854460924e+01 3.104601287841796875e+01 3.770757293701171875e+01
6.582147502899141500e+01 1.446886825561492174e+01 3.088215065002441406e+01 3.715186309814453125e+01
6.522633457183809469e+01 1.469675445556609361e+01 3.128056144714355469e+01 3.721685791015625000e+01
6.540919876098604391e+01 1.436807250976531236e+01 3.110471343994140625e+01 3.688746643066406250e+01
6.461850547790498922e+01 1.408856773376433580e+01 3.136845779418945312e+01 3.705392837524414062e+01
6.454321002960176656e+01 1.427179336547820299e+01 3.099962425231933594e+01 3.675624847412109375e+01
6.438520336151094625e+01 1.421648025512664049e+01 3.094768714904785156e+01 3.664931488037109375e+01
6.595076465606661031e+01 1.398176574706999986e+01 3.042535972595214844e+01 3.705908203125000000e+01
6.621006298065157125e+01 1.328257751464812486e+01 3.000412940979003906e+01 3.687138366699218750e+01
6.577205562591524313e+01 1.430521202087371080e+01 2.995501899719238281e+01 3.589513015747070312e+01
6.607882213592500875e+01 1.425878334045378892e+01 2.976307106018066406e+01 3.639612960815429688e+01
6.662972354888887594e+01 1.409797096252410142e+01 3.020812797546386719e+01 3.645692062377929688e+01
6.571860980987520406e+01 1.438202095031707017e+01 3.003107261657714844e+01 3.608730697631835938e+01
6.664111900329561422e+01 1.408104515075652330e+01 3.013211441040039062e+01 3.659117507934570312e+01
6.649874019622774313e+01 1.377293395996062486e+01 2.975949287414550781e+01 3.676913452148437500e+01
6.637160968780489156e+01 1.412988662719695299e+01 3.003175926208496094e+01 3.650839996337890625e+01
6.646479797363252828e+01 1.407732772827117174e+01 2.996978759765625000e+01 3.713694000244140625e+01
6.533846378326387594e+01 1.340189933776824205e+01 3.044613456726074219e+01 3.747539138793945312e+01
6.437968444824190328e+01 1.286322021484343736e+01 3.209056091308593750e+01 3.793415832519531250e+01
6.401854515075655172e+01 1.341638755798308580e+01 3.288161087036132812e+01 3.819455337524414062e+01
6.543507003784151266e+01 1.291998291015593736e+01 3.261334991455078125e+01 3.783187866210937500e+01
6.429462814331026266e+01 1.317479515075652330e+01 3.279520416259765625e+01 3.808003616333007812e+01
5.795858001708955953e+01 1.312024307250945299e+01 4.024971008300781250e+01 3.815506744384765625e+01
6.541305160522432516e+01 1.327965545654265611e+01 3.188512420654296875e+01 3.783432006835937500e+01
5.781465911865205953e+01 1.400423240661589830e+01 4.018388366699218750e+01 3.795459365844726562e+01
6.484456253051729391e+01 1.311242675781218736e+01 3.252993011474609375e+01 3.800001525878906250e+01
5.274860382080049703e+01 1.316404151916472642e+01 4.567755126953125000e+01 3.854429244995117188e+01
5.870878791809053610e+01 1.392387580871550767e+01 3.809792709350585938e+01 3.846277999877929688e+01
5.907064437866182516e+01 1.277656936645476549e+01 3.853565216064453125e+01 3.864585113525390625e+01
6.417982482910127828e+01 1.191533660888640611e+01 3.269685363769531250e+01 3.813973999023437500e+01
6.174902725219698141e+01 1.314314651489226549e+01 3.574779510498046875e+01 3.835462188720703125e+01
6.457188415527315328e+01 1.228622245788542955e+01 3.242796325683593750e+01 3.817741775512695312e+01
5.908951950073213766e+01 1.268542861938445299e+01 3.795165252685546875e+01 3.797505950927734375e+01
6.209459114074678610e+01 1.191639900207488267e+01 3.577633285522460938e+01 3.839951705932617188e+01
6.454004096984834860e+01 1.172753143310515611e+01 3.288480758666992188e+01 3.758885192871093750e+01
5.326089286804170797e+01 1.097610473632781236e+01 4.465788650512695312e+01 3.991207885742187500e+01
5.657342147827120016e+01 1.180081367492644517e+01 4.058277130126953125e+01 3.942382431030273438e+01
6.013733863830537985e+01 1.107609558105437486e+01 3.738390731811523438e+01 3.913876342773437500e+01
6.523233795165987203e+01 1.074109268188445299e+01 3.206008911132812500e+01 3.797801971435546875e+01
6.101582336425752828e+01 1.163378715515105455e+01 3.650003051757812500e+01 3.852553176879882812e+01
6.530500793457001407e+01 1.118131637573209503e+01 3.237677001953125000e+01 3.755216217041015625e+01
6.102652549743622501e+01 1.172422027587857940e+01 3.641966629028320312e+01 3.815812683105468750e+01
6.469428253173799703e+01 1.121833801269499986e+01 3.177459716796875000e+01 3.726493835449218750e+01
6.246089935302704532e+01 1.150570678710904815e+01 3.512754821777343750e+01 3.746418762207031250e+01
5.469709396362274845e+01 1.207797622680631378e+01 4.313054656982421875e+01 3.880814361572265625e+01
6.551467132568329532e+01 1.143669128417936065e+01 3.176319885253906250e+01 3.715522766113281250e+01
6.405603027343720157e+01 1.137694549560514190e+01 3.472233581542968750e+01 3.710458374023437500e+01
6.493803977966278751e+01 1.100219726562467315e+01 3.336789321899414062e+01 3.733590698242187500e+01
6.290641784667938907e+01 1.120312309265104034e+01 3.454367065429687500e+01 3.717763137817382812e+01
6.138191032409638126e+01 1.081041145324674346e+01 3.651651382446289062e+01 3.828649520874023438e+01
6.084755706787080953e+01 1.150854682922332017e+01 3.630020141601562500e+01 3.884435653686523438e+01
6.285647773742645938e+01 1.106560516357389190e+01 3.433295822143554688e+01 3.767268371582031250e+01
5.796850967407196720e+01 1.125075912475553253e+01 3.903359222412109375e+01 3.902455902099609375e+01
6.058803749084442813e+01 1.093072891235318878e+01 3.665809249877929688e+01 3.970505523681640625e+01
5.944391822814911563e+01 1.131251525878873565e+01 3.714242172241210938e+01 3.838305664062500000e+01
6.235199737548798282e+01 1.030725479125943878e+01 3.319686889648437500e+01 3.804149627685546875e+01
6.345671463012665470e+01 1.065043258666959503e+01 3.219498443603515625e+01 3.578632354736328125e+01
5.794488143920868595e+01 1.061918449401822784e+01 3.742423248291015625e+01 3.774635696411132812e+01
5.738126754760710924e+01 1.102277374267544019e+01 3.761389923095703125e+01 4.024095153808593750e+01
5.195958328247039049e+01 1.023576927185024488e+01 4.269820404052734375e+01 4.175113296508789062e+01
6.083032226562468736e+01 9.792955398559229252e+00 3.432350158691406250e+01 3.745151901245117188e+01
6.264953613281218736e+01 9.306171417235987064e+00 3.248667907714843750e+01 3.608194732666015625e+01
5.840158462524382799e+01 1.049934387206997144e+01 3.718157196044921875e+01 3.851457214355468750e+01
4.738785362243621080e+01 1.051325607299770581e+01 4.864284133911132812e+01 4.211699676513671875e+01
6.393876457214324205e+01 9.657901763915674564e+00 3.177547073364257812e+01 3.682230377197265625e+01
4.833561706542937486e+01 9.880731582641260502e+00 4.786827087402343750e+01 4.297701644897460938e+01
6.185803031921355455e+01 8.779788970946924564e+00 3.294769668579101562e+01 3.697571563720703125e+01
4.884741401672332017e+01 9.009647369384424564e+00 4.641535568237304688e+01 4.268921661376953125e+01
4.843658256530730455e+01 8.677568435668604252e+00 4.612997817993164062e+01 4.246155929565429688e+01
4.804105567932097642e+01 8.692529678344385502e+00 4.579809188842773438e+01 4.347111129760742188e+01
4.920807647705046861e+01 9.111759185790674564e+00 4.445819091796875000e+01 4.282015228271484375e+01
4.789504623413054674e+01 8.766342163085596439e+00 4.565532684326171875e+01 4.397032165527343750e+01
4.865343284606903751e+01 8.819314956664712213e+00 4.421536636352539062e+01 4.550309371948242188e+01
4.036121559143037985e+01 5.995449066161796736e+00 4.889815902709960938e+01 4.708318328857421875e+01
3.464549636840791891e+01 2.951948165893242049e+00 5.004471588134765625e+01 5.030382156372070312e+01
3.481035804748506735e+01 6.226612091064140486e+00 4.873595809936523438e+01 4.617179107666015625e+01
4.850830650329561422e+01 1.076145935058562486e+01 3.946927261352539062e+01 4.114338684082031250e+01
5.461067295074434469e+01 1.809094619750945299e+01 3.158166313171386719e+01 3.311345672607421875e+01
5.723484802246065328e+01 2.134047412872283189e+01 2.981976318359375000e+01 2.912506675720214844e+01
5.873010540008516500e+01 1.951967906951873033e+01 2.865816688537597656e+01 3.028669166564941406e+01
5.958261680602998922e+01 1.888150978088347642e+01 2.792923355102539062e+01 3.129850387573242188e+01
6.033362102508516500e+01 1.792251491546599595e+01 2.858577919006347656e+01 3.091630744934082031e+01
6.140630149841280172e+01 1.812276363372771470e+01 3.072438430786132812e+01 3.087315559387207031e+01
6.185943889617891500e+01 1.682869052886931627e+01 2.614504432678222656e+01 3.182284355163574219e+01
6.191792583465547750e+01 1.789366054534880845e+01 2.874155616760253906e+01 3.149904060363769531e+01
6.130208301544161031e+01 1.959492969512908189e+01 2.807004356384277344e+01 2.977326011657714844e+01
6.067825031280489156e+01 1.969640064239470689e+01 2.874768638610839844e+01 3.017749595642089844e+01
5.893252754211397360e+01 1.987930202484099595e+01 2.821673202514648438e+01 3.056216621398925781e+01
5.692730998992891500e+01 1.969942855834929674e+01 3.066704750061035156e+01 3.092377471923828125e+01
5.537131881713838766e+01 2.045151710510222642e+01 3.397998809814453125e+01 3.175866317749023438e+01
5.388362121582002828e+01 2.160065841674773424e+01 3.399026489257812500e+01 3.086814117431640625e+01
5.303850555419893453e+01 2.215823268890349595e+01 3.426445007324218750e+01 3.058674812316894531e+01
5.264698028564424703e+01 2.172945022582976549e+01 3.614175415039062500e+01 3.159749603271484375e+01
5.224536895751924703e+01 2.107374763488738267e+01 3.580079650878906250e+01 3.158732223510742188e+01
5.165153884887666891e+01 2.314931869506804674e+01 3.443315887451171875e+01 3.053852081298828125e+01
5.196746158599825094e+01 2.184867191314666002e+01 3.026348686218261719e+01 2.993826103210449219e+01
5.085748481750459860e+01 2.184402561187712877e+01 3.785692977905273438e+01 3.133056449890136719e+01
5.139805030822724063e+01 1.875691986083951690e+01 3.581133651733398438e+01 3.372126770019531250e+01
5.085034084320038517e+01 2.258345985412564971e+01 3.097613716125488281e+01 3.067870712280273438e+01
4.946916007995575626e+01 2.246251296997037628e+01 3.557956314086914062e+01 3.138031768798828125e+01
5.045565223693817813e+01 8.866998672485024713e+00 4.268531417846679688e+01 4.386625289916992188e+01
4.905107307434052188e+01 2.401173210144010284e+01 3.219155502319335938e+01 2.978786087036132812e+01
4.687133026123017032e+01 1.841463088989225128e+01 4.608824157714843750e+01 3.602738189697265625e+01
4.615392875671356876e+01 1.308711624145475128e+01 4.676187515258789062e+01 4.249477386474609375e+01
4.803688430786102970e+01 8.183540344237954400e+00 4.572405242919921875e+01 4.564665222167968750e+01
5.824437713623017032e+01 7.035602569579751275e+00 3.696960449218750000e+01 3.770909881591796875e+01
5.753162765502901266e+01 8.403890609740898299e+00 3.685895538330078125e+01 4.063104629516601562e+01
6.156823348998995016e+01 7.472019195556327986e+00 3.252498626708984375e+01 3.797458648681640625e+01
6.186532592773409078e+01 8.432035446166679549e+00 3.268910217285156250e+01 3.720695877075195312e+01
6.299892234802217672e+01 7.220588684081718611e+00 3.146995925903320312e+01 3.533987426757812500e+01
6.277095985412569235e+01 8.771989822387382674e+00 3.175851058959960938e+01 3.578001022338867188e+01
6.266949081420870016e+01 8.525257110595390486e+00 3.289209747314453125e+01 3.635442352294921875e+01
6.174841308593720157e+01 8.427261352538735650e+00 3.299707031250000000e+01 3.651538085937500000e+01
6.406295871734589298e+01 8.076253890990884088e+00 3.050851249694824219e+01 3.610338211059570312e+01
6.354010105133026798e+01 8.655887603759438775e+00 3.086944389343261719e+01 3.577288055419921875e+01
6.412390041351288517e+01 8.291568756103188775e+00 3.052266120910644531e+01 3.625220489501953125e+01
6.416693973541229923e+01 8.198492050170571588e+00 3.025942802429199219e+01 3.636662673950195312e+01
6.475200653076142032e+01 9.383390426635415338e+00 2.987202453613281250e+01 3.632130813598632812e+01
6.548424243926972110e+01 8.868398666381509088e+00 2.931723594665527344e+01 3.687508010864257812e+01
6.480193233489960392e+01 8.977518081664712213e+00 2.967775154113769531e+01 3.696789169311523438e+01
6.500851726531952579e+01 1.081372451782193878e+01 2.972741127014160156e+01 3.638712310791015625e+01
6.594687271118134220e+01 9.450454711913735650e+00 2.984281158447265625e+01 3.625328063964843750e+01
6.539417934417694767e+01 1.087378692626920440e+01 3.030249214172363281e+01 3.539402770996093750e+01
6.364133167266815860e+01 1.046864318847623565e+01 3.147679710388183594e+01 3.667491149902343750e+01
6.530704021453827579e+01 1.095235443115201690e+01 3.036806678771972656e+01 3.619340515136718750e+01
6.519267559051483829e+01 1.147122955322232940e+01 3.069245338439941406e+01 3.644198608398437500e+01
6.364499282836884220e+01 1.117397880554166534e+01 3.143926239013671875e+01 3.735406875610351562e+01
6.509474182128876407e+01 1.152775192260709503e+01 3.066337585449218750e+01 3.676262664794921875e+01
6.422529983520477970e+01 1.184499549865689971e+01 3.134424591064453125e+01 3.630640792846679688e+01
6.413654613494843204e+01 1.262171936035123565e+01 3.105753517150878906e+01 3.634085083007812500e+01
6.346601581573456485e+01 1.307699012756314971e+01 3.104454612731933594e+01 3.593369674682617188e+01
6.544894981384247501e+01 1.341021537780729034e+01 2.958034133911132812e+01 3.585629653930664062e+01
6.414508724212616642e+01 1.435718536376920440e+01 3.102308845520019531e+01 3.600642395019531250e+01
6.501842117309540470e+01 1.566652107238736846e+01 3.016825103759765625e+01 3.589678573608398438e+01
6.416144561767548282e+01 1.497422409057584503e+01 3.099977111816406250e+01 3.625955963134765625e+01
6.433191871643036563e+01 1.571489334106412628e+01 3.062415695190429688e+01 3.571726226806640625e+01
6.299505996704071720e+01 1.422455978393522003e+01 3.159433746337890625e+01 3.696541595458984375e+01
6.387837409973114688e+01 1.470405197143522003e+01 3.002051925659179688e+01 3.730141448974609375e+01
6.237201690673798282e+01 1.546439170837369659e+01 3.119111633300781250e+01 3.666989517211914062e+01
6.277480316162079532e+01 1.560810661315885284e+01 3.036166381835937500e+01 3.654979324340820312e+01
6.350074768066376407e+01 1.714460945129361846e+01 3.015573120117187500e+01 3.538569259643554688e+01
6.183317470550507267e+01 1.557686424255338409e+01 3.120753669738769531e+01 3.607051467895507812e+01
6.365617561340302188e+01 1.613220787048307159e+01 3.040081405639648438e+01 3.612398147583007812e+01
6.210302543640106876e+01 1.620937347412076690e+01 3.154300308227539062e+01 3.624720764160156250e+01
6.329861450195282657e+01 1.671266174316373565e+01 3.011325073242187500e+01 3.598388671875000000e+01
6.297434329986542423e+01 1.703532409667936065e+01 3.043626213073730469e+01 3.569548034667968750e+01
6.326058483123749454e+01 1.733845329284635284e+01 3.014910316467285156e+01 3.668754959106445312e+01
6.310917377471893985e+01 1.682632446289029815e+01 3.079747581481933594e+01 3.648602294921875000e+01
6.361108207702606876e+01 1.719286918640104034e+01 3.009962844848632812e+01 3.624318313598632812e+01
6.375009441375702579e+01 1.785050582885709503e+01 3.022234535217285156e+01 3.580413055419921875e+01
6.463411426544159610e+01 1.780970573425260284e+01 3.018868064880371094e+01 3.635554885864257812e+01
6.359642410278290470e+01 1.812086868286100128e+01 3.116291046142578125e+01 3.641024017333984375e+01
6.403611755371063907e+01 1.860325813293424346e+01 3.028550720214843750e+01 3.618539047241210938e+01
6.472226047515839298e+01 1.800491142272916534e+01 3.028510856628417969e+01 3.636418533325195312e+01
6.451357555389374454e+01 1.866679191589322784e+01 3.027431678771972656e+01 3.576694107055664062e+01
6.499714183807343204e+01 1.837220954894986846e+01 3.023015785217285156e+01 3.617963790893554688e+01
6.456105995178192813e+01 1.947590827941861846e+01 3.062913131713867188e+01 3.533707809448242188e+01
6.485175991058319767e+01 1.818443870544400909e+01 3.044034004211425781e+01 3.657280349731445312e+01
6.349194145202606876e+01 1.841706466674772003e+01 3.112955093383789062e+01 3.542707061767578125e+01
6.303477287292450626e+01 1.756308174133268096e+01 3.111569595336914062e+01 3.587923812866210938e+01
6.292045879363983829e+01 1.783767127990689971e+01 3.077085304260253906e+01 3.593082809448242188e+01
6.271436214446991642e+01 1.817160415649381378e+01 3.080513191223144531e+01 3.612859344482421875e+01
6.156226158142060001e+01 1.779745292663541534e+01 3.153120803833007812e+01 3.624081802368164062e+01
6.199820232391327579e+01 1.869173812866178253e+01 3.050121498107910156e+01 3.544768524169921875e+01
5.968046092987030704e+01 1.866475296020475128e+01 3.167099952697753906e+01 3.679184722900390625e+01
5.881314086914032657e+01 1.823586845397916534e+01 3.136955261230468750e+01 3.607210159301757812e+01
5.746442699432343204e+01 1.857128334045377471e+01 3.131205177307128906e+01 3.578501510620117188e+01
5.633903980255097110e+01 1.964149856567350128e+01 3.075375938415527344e+01 3.634459686279296875e+01
5.418964004516571720e+01 1.832508277893033721e+01 3.119396209716796875e+01 3.567950057983398438e+01
5.308239555358856876e+01 1.886067199706998565e+01 3.088423538208007812e+01 3.521598815917968750e+01
5.102165126800507267e+01 1.906644439697232940e+01 3.098042488098144531e+01 3.526390075683593750e+01
4.913816356658905704e+01 1.844085884094205596e+01 3.072342872619628906e+01 3.511548995971679688e+01
4.839889144897431095e+01 1.919444656372037628e+01 3.075881195068359375e+01 3.584340667724609375e+01
4.805379009246796329e+01 1.861203575134244659e+01 3.096592140197753906e+01 3.452476882934570312e+01
4.645921516418427188e+01 1.922447776794400909e+01 3.069897079467773438e+01 3.454884719848632812e+01
4.631464099884003360e+01 1.934586143493619659e+01 3.056921958923339844e+01 3.537216567993164062e+01
4.475454044342011173e+01 1.884912300109830596e+01 3.092324638366699219e+01 3.480094528198242188e+01
4.354058265686005313e+01 1.906265640258756378e+01 3.025434494018554688e+01 3.493488311767578125e+01
4.323376083373993595e+01 1.956580924987760284e+01 3.063434600830078125e+01 3.492464065551757812e+01
4.209835433959931095e+01 1.991450881957975128e+01 3.065308380126953125e+01 3.450598907470703125e+01
4.228403949737518985e+01 1.901194000244107940e+01 3.111090660095214844e+01 3.473439025878906250e+01
4.242733097076386173e+01 1.930155944824186065e+01 3.160717582702636719e+01 3.576715087890625000e+01
4.208424282073944767e+01 1.921729660034147003e+01 3.113932991027832031e+01 3.484128570556640625e+01
4.348595714569061954e+01 2.028676033019986846e+01 3.111785316467285156e+01 3.479937362670898438e+01
4.364344692230194767e+01 1.995056343078580596e+01 3.103465461730957031e+01 3.488532638549804688e+01
4.523644924163788517e+01 1.971708488464322784e+01 3.088192939758300781e+01 3.479364395141601562e+01
4.680734729766815860e+01 2.024498558044400909e+01 3.100406455993652344e+01 3.458053970336914062e+01
4.827624797821015079e+01 1.825650024414029815e+01 3.134238624572753906e+01 3.434347534179687500e+01
5.006241035461395938e+01 1.998843383789029815e+01 3.046494674682617188e+01 3.399534606933593750e+01
4.976782798767060001e+01 1.996778678894010284e+01 3.142909622192382812e+01 3.424409866333007812e+01
5.175231742858856876e+01 1.846486854553189971e+01 3.170863723754882812e+01 3.352468490600585938e+01
5.197925758361786563e+01 2.038382720947232940e+01 3.053564071655273438e+01 3.248071289062500000e+01
5.365249824523895938e+01 1.645465278625455596e+01 3.199114608764648438e+01 3.504931259155273438e+01
5.389229679107636173e+01 1.940785789489713409e+01 3.100503349304199219e+01 3.322102737426757812e+01
5.480945587158173282e+01 1.679119682311979034e+01 3.264244079589843750e+01 3.541052627563476562e+01
5.592599678039520938e+01 1.428992843627897003e+01 3.230665206909179688e+01 3.982704925537109375e+01
5.711642265319794376e+01 1.525850677490201690e+01 3.249925613403320312e+01 3.904261779785156250e+01
5.730599594116181095e+01 1.940729141235318878e+01 3.168621063232421875e+01 3.416115570068359375e+01
5.803678703308075626e+01 1.863710212707486846e+01 3.140633010864257812e+01 3.261257553100585938e+01
6.003590297698944767e+01 2.117957782745328643e+01 3.014036750793457031e+01 3.161730003356933594e+01
5.920555305480927188e+01 1.907501220703092315e+01 3.191259384155273438e+01 3.297918701171875000e+01
6.031271171569794376e+01 1.890885353088346221e+01 3.057272720336914062e+01 3.238401412963867188e+01
6.038468265533417423e+01 1.930798721313443878e+01 3.088120841979980469e+01 3.242227935791015625e+01
6.194311332702606876e+01 1.870917510986295440e+01 3.051123428344726562e+01 3.208557128906250000e+01
6.129031085967987735e+01 1.900534629821744659e+01 2.981322288513183594e+01 3.112013626098632812e+01
6.146246910095185001e+01 1.958689117431607940e+01 3.063814163208007812e+01 3.076383972167968750e+01
6.211044979095429142e+01 1.850205802917447784e+01 2.992415046691894531e+01 3.139122390747070312e+01
6.287511539459198673e+01 1.775311851501432159e+01 3.063218498229980469e+01 3.209231948852539062e+01
6.204614830017060001e+01 1.764491271972623565e+01 3.113508987426757812e+01 3.366580200195312500e+01
6.281762599945038517e+01 1.921293640136686065e+01 2.958467292785644531e+01 3.236349487304687500e+01
6.387827587127655704e+01 2.073448848724332549e+01 3.024935340881347656e+01 3.113113594055175781e+01
6.368565940856903751e+01 2.034764575958219268e+01 3.138400650024414062e+01 3.135097312927246094e+01
6.356227111816376407e+01 1.971580600738492706e+01 3.162684631347656250e+01 3.167933464050292969e+01
6.535505771636933048e+01 2.055634880065885284e+01 3.122813224792480469e+01 3.152826309204101562e+01
6.619164562225311954e+01 2.073375606536832549e+01 3.096720314025878906e+01 3.087346076965332031e+01
6.583414459228485782e+01 2.069892692565885284e+01 3.122476196289062500e+01 3.209254837036132812e+01
6.735726928710907657e+01 2.234023952484098174e+01 3.095213317871093750e+01 3.051759529113769531e+01
6.704909515380829532e+01 1.989985275268522003e+01 3.134793090820312500e+01 3.096018218994140625e+01
6.889533901214569767e+01 2.029474067687955596e+01 3.141914558410644531e+01 3.127483749389648438e+01
7.014157295227020938e+01 2.180428600311246612e+01 2.963618087768554688e+01 2.989046669006347656e+01
7.205008411407440860e+01 2.203355503082242706e+01 2.955919456481933594e+01 2.992385673522949219e+01
7.166375923156708438e+01 2.003272056579557159e+01 2.957241439819335938e+01 3.170456314086914062e+01
7.361470317840546329e+01 2.557598686218229034e+01 2.838459205627441406e+01 2.567418289184570312e+01
7.305448532104462345e+01 2.008113670349088409e+01 3.143032073974609375e+01 3.123245620727539062e+01
7.445674228668183048e+01 1.942024898529020049e+01 3.055743217468261719e+01 3.072549629211425781e+01
7.416404628753632267e+01 2.018747329711881378e+01 3.139882087707519531e+01 3.217772674560546875e+01
7.583120155334442813e+01 1.768182563781705596e+01 3.234191513061523438e+01 3.223060226440429688e+01
7.646961975097626407e+01 1.625407409667936065e+01 3.198358154296875000e+01 3.716835021972656250e+01
7.663447570800749986e+01 1.566441535949672925e+01 3.262097167968750000e+01 3.524395370483398438e+01
7.738629150390593736e+01 2.840654563903774488e+01 3.055204772949218750e+01 2.915851211547851562e+01
7.760088729858367174e+01 1.775980949401821363e+01 3.130567169189453125e+01 3.046173477172851562e+01
7.834104537963835924e+01 2.700170230865444410e+01 3.155817413330078125e+01 2.825736808776855469e+01
7.919204902648894517e+01 1.575393104553188550e+01 3.239707565307617188e+01 3.555384445190429688e+01
7.934990882873503892e+01 2.878281688690151441e+01 3.105726242065429688e+01 2.990183448791503906e+01
7.898007392883269517e+01 1.542866134643520581e+01 3.271450424194335938e+01 3.470153045654296875e+01
7.760196495056121080e+01 1.910023498535122144e+01 3.212692642211914062e+01 3.209527587890625000e+01
7.741364288330046861e+01 1.758298873901333081e+01 3.224192810058593750e+01 3.680854034423828125e+01
7.657515335082975128e+01 2.536414718627894160e+01 3.148313140869140625e+01 3.677275848388671875e+01
7.512985992431607940e+01 1.956993484497034785e+01 3.251261901855468750e+01 3.726757049560546875e+01
7.514987182617154815e+01 1.985999298095667598e+01 3.386979675292968750e+01 4.017967224121093750e+01
7.453074073791471221e+01 1.864189529418909785e+01 3.569930648803710938e+01 4.460066986083984375e+01
7.533780860900846221e+01 1.820628929138148067e+01 3.598170089721679688e+01 4.093019485473632812e+01
7.459551620483365753e+01 1.707982254028284785e+01 3.625246429443359375e+01 4.668505096435546875e+01
7.467154693603482940e+01 1.961838531494105098e+01 3.447068786621093750e+01 3.939363098144531250e+01
7.580267715454068878e+01 3.006433296203577754e+01 3.163814544677734375e+01 3.661916732788085938e+01
7.559396743774381378e+01 2.764577484130823848e+01 3.269332122802734375e+01 3.889027404785156250e+01
7.660412406921354034e+01 3.383264160156214473e+01 3.212636184692382812e+01 3.305537414550781250e+01
7.709241104125943878e+01 3.882486534118616817e+01 3.129656219482421875e+01 2.949695205688476562e+01
7.783011531829801299e+01 3.971810340881312129e+01 3.187016487121582031e+01 2.909849166870117188e+01
7.819409561157193878e+01 4.040226459503138301e+01 3.167050933837890625e+01 2.930940818786621094e+01
7.796136474609342315e+01 3.230043983459437129e+01 3.030451965332031250e+01 3.155382919311523438e+01
7.884605789184537628e+01 4.085604763030970332e+01 3.141274261474609375e+01 2.876419258117675781e+01
7.969988918304410674e+01 2.960624408721888301e+01 2.487756538391113281e+01 1.970638847351074219e+01
7.903089332580533721e+01 4.174963760375941035e+01 3.064695358276367188e+01 3.203448486328125000e+01
7.692983055114713409e+01 4.042346572875941035e+01 3.398595046997070312e+01 3.284802246093750000e+01
7.767917060852018096e+01 4.279604911804163692e+01 3.197582626342773438e+01 3.149360275268554688e+01
7.761282157897916534e+01 4.271001243591273067e+01 3.203931045532226562e+01 3.137260055541992188e+01
7.713045310974088409e+01 4.220410728454554317e+01 3.269076919555664062e+01 3.197298812866210938e+01
7.892447280883756378e+01 4.341026973724329707e+01 3.081940460205078125e+01 2.975898170471191406e+01
7.274518775939908721e+01 4.050692749023401973e+01 3.847153854370117188e+01 3.243920135498046875e+01
7.816694259643522003e+01 4.452269840240442988e+01 3.046805572509765625e+01 2.857584190368652344e+01
3.711912536621061065e+01 4.949892997741663692e+01 3.505368804931640625e+01 3.409811019897460938e+01
3.479072380065883863e+01 4.905128097534142739e+01 3.727917098999023438e+01 3.445721435546875000e+01
7.804550170898403394e+01 4.513681030273400552e+01 3.078719329833984375e+01 2.912856292724609375e+01
3.730024528503383863e+01 4.922269153594933755e+01 2.897065353393554688e+01 3.153071403503417969e+01
3.541667938232387769e+01 4.992227935790978677e+01 3.213388824462890625e+01 3.389905548095703125e+01
3.821797561645473706e+01 4.874587059020959146e+01 3.018782043457031250e+01 3.408207321166992188e+01
3.772801399230922925e+01 4.827838325500451333e+01 3.700911331176757812e+01 3.633942031860351562e+01
3.814966583251919019e+01 4.835763549804650552e+01 3.420076751708984375e+01 3.553702545166015625e+01
3.611303138732876050e+01 4.915736007690392739e+01 3.231024551391601562e+01 3.358216857910156250e+01
3.660697364807094800e+01 5.042475128173791177e+01 2.974853897094726562e+01 3.217742156982421875e+01
3.650068664550747144e+01 4.960627460479699380e+01 2.898717498779296875e+01 3.149348258972167969e+01
3.586246967315639722e+01 5.012748718261681802e+01 2.991265678405761719e+01 3.234368133544921875e+01
3.624847698211635816e+01 4.969176673889123208e+01 3.086517524719238281e+01 3.401483535766601562e+01
3.628060340881313550e+01 4.748296165466271646e+01 4.160165786743164062e+01 3.689547348022460938e+01
7.646040534973110425e+01 4.403662204742394692e+01 3.162010574340820312e+01 2.869603538513183594e+01
7.679158782958950269e+01 4.494343852996789224e+01 3.083458709716796875e+01 2.957481575012207031e+01
