1.470000000000000000e+02 6.500000000000000000e+01 5.500000000000000000e+01 7.200000000000000000e+01
1.489189376831054688e+02 6.943437767028808594e+01 6.098512268066406250e+01 6.346159744262695312e+01
1.551695594787597656e+02 6.865864562988281250e+01 6.236309051513671875e+01 6.690728759765625000e+01
1.594290904998779297e+02 6.811585998535156250e+01 6.172269058227539062e+01 6.634735107421875000e+01
1.683052005767822266e+02 6.804277038574218750e+01 6.230561447143554688e+01 7.012136840820312500e+01
1.778277492523193644e+02 7.015981674194338780e+01 6.214421463012695312e+01 7.082691192626953125e+01
1.849437007904053019e+02 7.265420532226565342e+01 6.204268264770507812e+01 7.190316772460937500e+01
1.907512836456299112e+02 7.585594177246096592e+01 5.991033554077148438e+01 7.060366821289062500e+01
1.930597229003906534e+02 8.055351638793948155e+01 5.917486572265625000e+01 6.803389739990234375e+01
1.937233943939209269e+02 8.014926910400393467e+01 6.097301101684570312e+01 6.945252990722656250e+01
1.931314525604248331e+02 8.009641647338870030e+01 6.038519668579101562e+01 7.000580596923828125e+01
1.893387470245361612e+02 7.999022293090823155e+01 6.140447616577148438e+01 7.015352630615234375e+01
1.839699058532715128e+02 7.898780441284182530e+01 6.240296173095703125e+01 6.689933013916015625e+01
1.804789962768554972e+02 7.818534469604495030e+01 5.965107727050781250e+01 6.842859649658203125e+01
1.761935596466064737e+02 7.663600158691409092e+01 5.933983993530273438e+01 6.799261474609375000e+01
1.712171649932861612e+02 7.493647003173830967e+01 5.895388412475585938e+01 6.642417907714843750e+01
1.675286788940429972e+02 7.283936691284182530e+01 6.031809997558593750e+01 6.640680694580078125e+01
1.651132278442383097e+02 6.958728408813479405e+01 5.938774108886718750e+01 6.524687957763671875e+01
1.623141365051269815e+02 6.678657913208010655e+01 5.942491912841796875e+01 6.505977630615234375e+01
1.602566566467285440e+02 6.359701156616213780e+01 6.028832244873046875e+01 6.518912506103515625e+01
1.615578002929687784e+02 6.029295730590823155e+01 5.810195922851562500e+01 6.437554168701171875e+01
1.594024505615234659e+02 5.720328140258791905e+01 5.835263061523437500e+01 6.481810760498046875e+01
1.578378276824951456e+02 5.422513008117678623e+01 5.995880508422851562e+01 6.392766952514648438e+01
1.567785663604736612e+02 5.176729202270510655e+01 6.027654647827148438e+01 6.210814666748046875e+01
1.554894351959228800e+02 4.810803985595705967e+01 6.142173385620117188e+01 6.834651184082031250e+01
1.540599555969238565e+02 4.610447883605959873e+01 6.102196502685546875e+01 6.217940902709960938e+01
1.517184696197510050e+02 4.307954788208010655e+01 6.052836227416992188e+01 6.544451141357421875e+01
1.516782932281494425e+02 4.055029869079592686e+01 6.057242965698242188e+01 6.101320266723632812e+01
1.501588230133056925e+02 3.638944244384768467e+01 6.006809616088867188e+01 6.355781555175781250e+01
1.492235889434814737e+02 3.461246490478518467e+01 5.926949691772460938e+01 6.010908508300781250e+01
1.494500617980957315e+02 3.315658187866213780e+01 5.835839080810546875e+01 5.844162750244140625e+01
1.486615276336670206e+02 3.073851013183596592e+01 5.863214492797851562e+01 6.194403076171875000e+01
1.482918548583984659e+02 2.922929954528811436e+01 5.845587158203125000e+01 5.698289871215820312e+01
1.487134380340576456e+02 2.939911270141604405e+01 5.887646865844726562e+01 5.737792205810546875e+01
1.479445495605469034e+02 3.011001205444338780e+01 5.757907104492187500e+01 5.592551422119140625e+01
1.480704116821289347e+02 3.083402633666995030e+01 5.792634582519531250e+01 5.896604156494140625e+01
1.480229339599609659e+02 2.984805297851565342e+01 5.801641845703125000e+01 6.249652099609375000e+01
1.488546962738037394e+02 3.336879158020022373e+01 5.762733840942382812e+01 6.193447494506835938e+01
1.496178894042969034e+02 3.330027008056643467e+01 5.894396972656250000e+01 5.885639953613281250e+01
1.505627002716064737e+02 3.514391326904299717e+01 5.889892196655273438e+01 6.408528137207031250e+01
1.512685317993164347e+02 3.672164154052737217e+01 6.006639099121093750e+01 6.202253723144531250e+01
1.522184352874756144e+02 3.793272781372073155e+01 6.020286941528320312e+01 6.513079071044921875e+01
1.541931629180908487e+02 3.955110168457034092e+01 6.159911727905273438e+01 6.840371704101562500e+01
1.588675041198731037e+02 4.086415481567388497e+01 5.998657989501953125e+01 6.668489837646484375e+01
1.636628131866455647e+02 3.905235290527349434e+01 6.029668807983398438e+01 6.766058349609375000e+01
1.692520675659180256e+02 3.894194030761724434e+01 6.516554260253906250e+01 6.899777221679687500e+01
1.770323657989502522e+02 3.976560211181646309e+01 6.339699935913085938e+01 7.083274841308593750e+01
1.853161392211914631e+02 3.783422088623052559e+01 6.454338073730468750e+01 7.134419250488281250e+01
1.930952377319336506e+02 3.580187225341802559e+01 6.400764465332031250e+01 7.082014465332031250e+01
1.998990097045899006e+02 3.232690048217779122e+01 6.398173522949218750e+01 7.609012603759765625e+01
2.052244262695313068e+02 3.296330261230474434e+01 6.360034179687500000e+01 7.616824340820312500e+01
2.076386795043945881e+02 3.372081375122075997e+01 6.505982971191406250e+01 7.395928192138671875e+01
2.097230854034424681e+02 3.381834411621102277e+01 6.352889633178713780e+01 7.522879028320312500e+01
2.104343624114991087e+02 3.654179382324224434e+01 6.329903030395510655e+01 7.279428100585937500e+01
2.094423866271973793e+02 3.444988250732427559e+01 6.337425994873046875e+01 7.512757873535156250e+01
2.079774532318116087e+02 3.605867385864260655e+01 6.263505935668948155e+01 7.449129486083984375e+01
2.069100093841553871e+02 3.633646392822268467e+01 6.266203689575195312e+01 7.511061096191406250e+01
2.065759544372559731e+02 3.613692092895510655e+01 6.218918609619140625e+01 7.485271453857421875e+01
2.061219234466553871e+02 3.576362991333010655e+01 6.273945999145507812e+01 7.594707489013671875e+01
2.076469821929932493e+02 3.899526977539062500e+01 6.224625778198245030e+01 7.284036254882812500e+01
2.087975673675538246e+02 3.882693481445312500e+01 6.289003372192382812e+01 7.384857177734375000e+01
2.090855770111085405e+02 3.836011123657229405e+01 6.262913894653317470e+01 7.495891571044921875e+01
2.096826763153077309e+02 3.852285385131838780e+01 6.277603530883789062e+01 7.372898101806640625e+01
2.078154277801515093e+02 3.736397933959966622e+01 6.392251968383786220e+01 7.402613067626953125e+01
2.033235321044923012e+02 3.663102340698247872e+01 6.533685302734375000e+01 7.616379547119140625e+01
1.973479461669923296e+02 3.705650329589852277e+01 6.411355590820309658e+01 7.497491455078125000e+01
1.886471347808839312e+02 3.828824996948253556e+01 6.130006027221679688e+01 7.214099884033203125e+01
1.797531623840333452e+02 4.130525588989269181e+01 6.315673065185546875e+01 7.068614959716796875e+01
1.723388061523438921e+02 4.022206878662120744e+01 6.124871826171875000e+01 7.049369812011718750e+01
1.636389999389649859e+02 3.976274108886730119e+01 6.025419616699218750e+01 6.313287353515625000e+01
1.531368331909181109e+02 4.000894546508800431e+01 6.535932922363281250e+01 6.866197967529296875e+01
1.468454265594483843e+02 4.047279357910167619e+01 6.059152603149414062e+01 6.745074462890625000e+01
1.385666580200196734e+02 4.289455413818370744e+01 6.505110168457031250e+01 6.876994323730468750e+01
1.316847267150880327e+02 4.432341766357433244e+01 6.270250701904296875e+01 6.603385925292968750e+01
1.274532508850099077e+02 4.658478927612316056e+01 6.539418792724609375e+01 6.694278717041015625e+01
1.229502048492433346e+02 4.670869064331068898e+01 6.346271896362304688e+01 6.744696807861328125e+01
1.214479179382325924e+02 4.856324768066420461e+01 6.402530670166015625e+01 6.984045410156250000e+01
1.206186466217042721e+02 5.055052185058607961e+01 6.343732833862304688e+01 7.000869750976562500e+01
1.196285400390626705e+02 5.212630462646498586e+01 6.293188476562500000e+01 6.762684631347656250e+01
1.182873306274415768e+02 5.455051803588881398e+01 6.455955505371093750e+01 7.127414703369140625e+01
1.197370071411134518e+02 5.551499938964857961e+01 6.277763366699218750e+01 6.829547119140625000e+01
1.236922607421876705e+02 5.621234512329115773e+01 6.094964599609375000e+01 6.760546112060546875e+01
1.268850841522218502e+02 5.746863937377943898e+01 6.055484390258789062e+01 6.733338165283203125e+01
1.320884361267091549e+02 5.817019271850600148e+01 6.530597686767578125e+01 6.831372833251953125e+01
1.379381046295167721e+02 5.734861373901381398e+01 6.062577438354492188e+01 6.760166168212890625e+01
1.439267902374269283e+02 5.683134841918959523e+01 6.324920272827148438e+01 6.749633026123046875e+01
1.517240295410157955e+02 5.478284835815443898e+01 6.012210083007812500e+01 6.816037750244140625e+01
1.564946041107179440e+02 5.340083885192885305e+01 5.987147903442382812e+01 6.390495681762695312e+01
1.611680927276613033e+02 5.047600746154799367e+01 6.061739730834960938e+01 6.160398483276367188e+01
1.644906368255616940e+02 4.651603317260756398e+01 6.005937576293945312e+01 6.613156890869140625e+01
1.657590599060060299e+02 4.256736755371107961e+01 5.857151031494140625e+01 6.545223999023437500e+01
1.681742706298829830e+02 4.135490798950209523e+01 5.755114746093750000e+01 6.694463348388671875e+01
1.699032306671144283e+02 3.795703887939467336e+01 5.747921371459960938e+01 7.097962951660156250e+01
1.699681377410890377e+02 3.691851043701186086e+01 5.706448745727539062e+01 6.748799133300781250e+01
1.696496543884279049e+02 3.546817016601576711e+01 5.790522003173828125e+01 6.708416748046875000e+01
1.695308284759523190e+02 3.307980346679701711e+01 5.763158035278320312e+01 6.740808105468750000e+01
1.702062206268312252e+02 3.178918075561537648e+01 5.712854385375976562e+01 6.938123321533203125e+01
1.689277629852296627e+02 3.072727966308607961e+01 5.668710708618164062e+01 6.493295288085937500e+01
1.691119174957277096e+02 3.033175659179701711e+01 5.556412887573242188e+01 6.695736694335937500e+01
1.688178863525392330e+02 2.756294250488295461e+01 5.407653808593750000e+01 6.473941040039062500e+01
1.674678115844728268e+02 2.596230697631850148e+01 5.545918273925781250e+01 6.566303253173828125e+01
1.680772132873536862e+02 2.803446388244643117e+01 5.525524139404296875e+01 6.155564498901367188e+01
1.666658039093019283e+02 2.527986907958998586e+01 5.548199081420898438e+01 6.425315856933593750e+01
1.671745014190675533e+02 2.565996551513686086e+01 5.545089340209960938e+01 6.492698669433593750e+01
1.674354934692384518e+02 2.364812850952162648e+01 5.567811584472656250e+01 6.414127349853515625e+01
1.653845863342286862e+02 2.760939407348647023e+01 5.623308563232421875e+01 6.411373138427734375e+01
1.644038181304933346e+02 2.612365150451674367e+01 5.720698165893554688e+01 6.343214035034179688e+01
1.628549537658693112e+02 2.706425094604506398e+01 5.840560150146484375e+01 6.354630279541015625e+01
1.598460388183595455e+02 2.750671386718764211e+01 5.803424072265625000e+01 6.325445556640625000e+01
1.585411739349366940e+02 2.832728958129897023e+01 5.747786331176757812e+01 6.031493377685546875e+01
1.557442378997804440e+02 3.140469932556166555e+01 5.649321365356445312e+01 6.228367996215820312e+01
1.537795505523683346e+02 3.309411811828627492e+01 5.864051437377929688e+01 6.156628036499023438e+01
1.507737159729005612e+02 3.425588226318373586e+01 5.696480560302734375e+01 6.663319396972656250e+01
1.503717727661134518e+02 3.606220817565932180e+01 5.745710754394531250e+01 6.395050430297851562e+01
1.505141906738282955e+02 3.852952957153334523e+01 5.747842407226562500e+01 6.597176361083984375e+01
1.494603290557863033e+02 4.202880096435561086e+01 5.921587753295898438e+01 6.451338195800781250e+01
1.475985164642335690e+02 4.483382034301772023e+01 6.032567214965820312e+01 6.568798065185546875e+01
1.463022460937501705e+02 4.721340942382826711e+01 6.044479370117187500e+01 6.782003784179687500e+01
1.441556835174562252e+02 5.041371154785170461e+01 6.115695571899414062e+01 7.037738037109375000e+01
1.444670047760011471e+02 5.154849624633803273e+01 5.933225631713867188e+01 6.981569671630859375e+01
1.408687419891359127e+02 5.619749450683607961e+01 6.142087173461914062e+01 6.721661376953125000e+01
1.383087005615236080e+02 5.727903747558607961e+01 6.107543945312500000e+01 6.396334838867187500e+01
1.376854629516603268e+02 5.864112854003920461e+01 5.978712463378906250e+01 6.491082763671875000e+01
1.350638256072999752e+02 6.172404861450209523e+01 6.092056655883789062e+01 6.591872406005859375e+01
1.333508625030519283e+02 6.485371398925795461e+01 6.028680038452148438e+01 6.535021972656250000e+01
1.327520160675050533e+02 6.391600036621107961e+01 5.945043563842773438e+01 6.481823730468750000e+01
1.303029823303224362e+02 6.560232543945326711e+01 6.072896575927734375e+01 6.546353149414062500e+01
1.283849220275880612e+02 6.635282516479506398e+01 6.123802947998046875e+01 6.296668243408203125e+01
1.264603462219239987e+02 6.664950370788588430e+01 6.238222503662109375e+01 6.326138687133789062e+01
1.254514179229738033e+02 6.530223274230971242e+01 6.158364486694335938e+01 6.328432846069335938e+01
1.215309696197511471e+02 6.468931579589857961e+01 6.236194992065429688e+01 6.433963012695312500e+01
1.195083923339845455e+02 6.419534301757826711e+01 6.265362548828125000e+01 6.358596801757812500e+01
1.138994884490968502e+02 6.382888603210463430e+01 6.254748916625976562e+01 6.290277481079101562e+01
1.126494522094728268e+02 6.238233184814467336e+01 6.117213439941406250e+01 6.364360046386718750e+01
1.113733348846437252e+02 5.991518020629897023e+01 5.786764907836914062e+01 6.731380462646484375e+01
1.098717269897462643e+02 6.060668182373061086e+01 5.846421813964843750e+01 6.158650207519531250e+01
1.094075546264650143e+02 5.937388229370131398e+01 5.703227233886718750e+01 6.002893829345703125e+01
1.092666130065919674e+02 5.860598564147963430e+01 5.690418243408203125e+01 5.980618667602539062e+01
1.082687339782716549e+02 5.671435737609877492e+01 5.667624664306640625e+01 6.322365951538085938e+01
1.062818298339845455e+02 5.542443466186537648e+01 5.796109008789062500e+01 6.482395172119140625e+01
1.026564846038820065e+02 5.510149383544936086e+01 5.944493484497070312e+01 6.227040100097656250e+01
9.795772743225114709e+01 5.175879669189467336e+01 6.128309249877929688e+01 6.061958312988281250e+01
9.609349822998063928e+01 5.059517860412611867e+01 6.222157287597656250e+01 6.197175216674804688e+01
9.263212966918962366e+01 4.821706581115736867e+01 6.148458099365234375e+01 6.179179000854492188e+01
8.899575805664079553e+01 4.637769699096693898e+01 6.153683471679687500e+01 6.047879791259765625e+01
8.635992813110368616e+01 4.437939643859877492e+01 5.999056243896484375e+01 6.183926010131835938e+01
8.251481437683122522e+01 4.371058273315443898e+01 5.954605484008789062e+01 6.157605743408203125e+01
7.915990257263200647e+01 4.303530883789076711e+01 5.973094558715820312e+01 6.072467041015625000e+01
7.652361106872575647e+01 3.973993682861342336e+01 5.947050857543945312e+01 6.491917419433593750e+01
7.395899772644060022e+01 3.856156539917006398e+01 5.915777969360351562e+01 6.456424713134765625e+01
7.208805274963395959e+01 3.888541793823256398e+01 5.873167037963867188e+01 6.550672149658203125e+01
7.075827026367204553e+01 3.877673339843764211e+01 5.797671508789062500e+01 6.551217651367187500e+01
6.989606094360368616e+01 3.810799407958998586e+01 5.738295745849609375e+01 6.518550109863281250e+01
6.855226516723649866e+01 3.820315551757826711e+01 5.700688934326171875e+01 6.463629150390625000e+01
6.826789665222185022e+01 3.942078399658217336e+01 5.730722427368164062e+01 6.301338195800781250e+01
6.834664726257341272e+01 4.017171478271498586e+01 5.746930313110351562e+01 6.195851135253906250e+01
6.836052513122575647e+01 4.065230560302748586e+01 5.385795974731445312e+01 5.877003479003906250e+01
6.950063323974626428e+01 4.633915138244643117e+01 5.386738586425781250e+01 5.441074752807617188e+01
7.083965873718278772e+01 5.832426834106459523e+01 3.943411636352539062e+01 4.187285614013671875e+01
7.671303558349626428e+01 6.897813034057631398e+01 2.050384521484375000e+01 2.983557891845703125e+01
7.751480865478532678e+01 7.045428657531752492e+01 1.363671112060546875e+01 2.034543228149414062e+01
6.560158157348649866e+01 5.212360954284682180e+01 3.563438415527343750e+01 2.597837066650390625e+01
7.850059700012224084e+01 3.024854087829604055e+01 3.883856582641601562e+01 4.788935089111328125e+01
8.397914123535173303e+01 1.910634422302260305e+01 4.446369171142578125e+01 6.850969696044921875e+01
1.005273208618165768e+02 3.325566673278822805e+01 9.942687225341796875e+01 8.678578948974609375e+01
8.852439880371110803e+01 5.354022789001479055e+01 4.375208282470703125e+01 5.302330780029296875e+01
1.186800842285157955e+02 4.912711143493665134e+01 9.417569732666015625e+01 8.806197357177732954e+01
1.087184448242189205e+02 3.269937705993663712e+01 9.734915924072265625e+01 7.706175994873046875e+01
1.477224922180177487e+02 5.209319496154796525e+01 2.178120117187500000e+02 1.189068050384520348e+02
1.376462974548341549e+02 2.876603794097906075e+01 9.854161071777343750e+01 9.689363861083984375e+01
1.355009956359864987e+02 6.075960254669195137e+01 2.131948242187500000e+02 1.102403974533080486e+02
1.155097618103029617e+02 3.247874307632457658e+01 1.306242523193359375e+02 1.221995773315429688e+02
1.338809165954592117e+02 3.313187646865856095e+01 1.546884613037109375e+02 1.240680541992187500e+02
1.292937660217287430e+02 3.057206964492809220e+01 2.029491882324218750e+02 1.404279303550719078e+02
1.221571617126467117e+02 4.071247220039373360e+01 1.799875946044921875e+02 1.171422424316406250e+02
1.082958564758302487e+02 2.216591000556945801e+01 1.768302612304687500e+02 1.482064971923828125e+02
1.085018424987794674e+02 4.299844479560852051e+01 1.894470367431640625e+02 1.280015552043914795e+02
8.569884872436540491e+01 1.604609739780426025e+01 2.017936859130859375e+02 1.374101562500000000e+02
1.333856620788575924e+02 2.768908751010894775e+01 1.551721954345703125e+02 1.380015563964843750e+02
1.151995124816896237e+02 2.694844114780426025e+01 2.016586914062500000e+02 1.440515588521957397e+02
1.085347023010255612e+02 2.311946135759353638e+01 1.712954406738281250e+02 1.352090301513671875e+02
8.853295516967784806e+01 2.923361235857004203e+01 1.717027435302734375e+02 1.392434844970703125e+02
5.348060989379894181e+01 2.021669799089426078e+01 2.395687866210937500e+02 1.500522155761718750e+02
1.006282157897950356e+02 1.985962706804269828e+01 1.969572906494140625e+02 1.495274658203125000e+02
8.084650802612316056e+01 1.912551146745676078e+01 1.904292755126953125e+02 1.488510437011718750e+02
7.818655776977550431e+01 1.167186003923410453e+01 1.797945861816406250e+02 1.442832489013671875e+02
1.029136085510255043e+02 6.057525932788792034e+00 2.142914733886718750e+02 1.574074249267578125e+02
1.009356651306153481e+02 1.817558318376535453e+01 1.830405731201171875e+02 1.528244168162346455e+02
7.264700698852550431e+01 2.647454085946083069e+01 1.830178527832031250e+02 1.368050537109375000e+02
9.176610946655284806e+01 2.508247390389442444e+01 1.650674896240234375e+02 1.459175260961055756e+02
1.467336883544923012e+02 5.006522758305072784e+01 6.443842315673828125e+01 6.645073699951171875e+01
1.690106239318848793e+02 5.962806899845600128e+01 4.061361694335937500e+01 4.345737838745117188e+01
1.682273578643799965e+02 4.477651603519916534e+01 5.256428909301757812e+01 6.419301605224609375e+01
1.687810611724854652e+02 4.580907066166400909e+01 5.201556777954101562e+01 6.582395172119140625e+01
1.703663349151612465e+02 4.471779640018939972e+01 5.349458694458007812e+01 6.615652465820312500e+01
1.707163562774659340e+02 4.310592658817768097e+01 5.501716995239257812e+01 6.852729797363281250e+01
1.710314502716065590e+02 4.185192497074604034e+01 5.469209671020507812e+01 7.043874359130859375e+01
1.713608760833741371e+02 4.110877998173236847e+01 5.636353683471679688e+01 6.984324645996093750e+01
1.716631870269776527e+02 4.011446006596088409e+01 5.575690078735351562e+01 6.921308135986328125e+01
1.725090103149415199e+02 3.833358390629291534e+01 5.463153839111328125e+01 6.558693695068359375e+01
1.726472358703614418e+02 3.632362373173236847e+01 5.451850891113281250e+01 6.579258728027343750e+01
1.727718353271485512e+02 3.391726692020893097e+01 5.438268280029296875e+01 6.414717102050781250e+01
1.727549533843995277e+02 3.164827735722064972e+01 5.561801528930664062e+01 6.690716552734375000e+01
1.721910057067872231e+02 3.025173576176166534e+01 5.543756103515625000e+01 6.379100799560546875e+01
1.720678730010987465e+02 2.882578666508197784e+01 5.365459060668945312e+01 6.421593475341796875e+01
1.711840686798096840e+02 2.938893897831439972e+01 5.345872879028320312e+01 6.149090576171875000e+01
1.701535186767579262e+02 3.202172286808490753e+01 5.243782806396484375e+01 5.681679916381835938e+01
1.681817836761475746e+02 2.964639480412006378e+01 5.087540817260742188e+01 6.108729171752929688e+01
1.657689819335938637e+02 2.846681983768939972e+01 5.285460662841796875e+01 6.308279418945312500e+01
1.640110015869141762e+02 2.597413642704486847e+01 5.353191375732421875e+01 6.169139099121093750e+01
1.622200889587403481e+02 2.443677146732807159e+01 5.388119506835937500e+01 6.348151397705078125e+01
1.604044876098633949e+02 2.470917899906635284e+01 5.381012725830078125e+01 6.184838104248046875e+01
1.592110767364503090e+02 2.436120040714740753e+01 5.283015823364257812e+01 6.296493148803710938e+01
1.567519359588624184e+02 2.217620094120502472e+01 5.232003402709960938e+01 6.081521606445312500e+01
1.533926048278809731e+02 2.358387954533100128e+01 5.329797363281250000e+01 5.866047286987304688e+01
1.488691158294678871e+02 2.097951515018939972e+01 5.289799118041992188e+01 5.633657836914062500e+01
1.452746353149415199e+02 2.334429366886615753e+01 5.528211212158203125e+01 5.671859359741210938e+01
1.423235626220704262e+02 2.177695663273334503e+01 5.191841888427734375e+01 5.993349838256835938e+01
1.382075977325440590e+02 2.411767013370990753e+01 5.423155593872070312e+01 5.946142196655273438e+01
1.351543502807618324e+02 2.340579231083393097e+01 5.241059112548828125e+01 5.543586730957031250e+01
1.325309047698975746e+02 2.534870918095111847e+01 5.249378585815429688e+01 5.721699523925781250e+01
1.300795269012452309e+02 2.615694625675678253e+01 5.302340316772460938e+01 5.676012802124023438e+01
1.283825378417969887e+02 2.690564735233783722e+01 5.313314056396484375e+01 5.901351928710937500e+01
1.284163951873780434e+02 2.532431419193744659e+01 5.226107406616210938e+01 6.292865753173828125e+01
1.286422939300538246e+02 2.977134330570697784e+01 5.324125289916992188e+01 5.917894744873046875e+01
1.301705856323243324e+02 3.112110908329486847e+01 5.369321441650390625e+01 6.294709777832031250e+01
1.314151687622071449e+02 3.339625175297260284e+01 5.434696197509765625e+01 6.867147064208984375e+01
1.332796745300294106e+02 3.758209998905658722e+01 5.287396240234375000e+01 6.441986083984375000e+01
1.334450492858887856e+02 4.217504508793354034e+01 5.583633422851562500e+01 6.419231414794921875e+01
1.370982704162598793e+02 4.678213317692279816e+01 5.499028015136718750e+01 6.335896682739257812e+01
1.403658027648926918e+02 4.959322746098041534e+01 5.612437438964843750e+01 6.425856781005859375e+01
1.436236438751221840e+02 5.260342414677143097e+01 5.644411087036132812e+01 6.598149108886718750e+01
1.456145687103272621e+02 5.466913993656635284e+01 6.000367355346679688e+01 6.757546234130859375e+01
1.472482795715333168e+02 5.846382530033588409e+01 5.801765441894531250e+01 6.233179473876953125e+01
1.476044960021973793e+02 5.832532127201557159e+01 5.721440124511718750e+01 6.502838897705078125e+01
1.477885951995850746e+02 6.098733146488666534e+01 5.714149093627929688e+01 6.566567230224609375e+01
1.483728485107423012e+02 6.392626960575580597e+01 5.718093109130859375e+01 6.294615173339843750e+01
1.482867679595948402e+02 6.587694557011127472e+01 5.834543228149414062e+01 6.433901977539062500e+01
1.467935848236085121e+02 6.630843360722064972e+01 5.599854660034179688e+01 6.542916870117187500e+01
1.472524414062501137e+02 6.777167136967182159e+01 5.709584808349609375e+01 6.567371368408203125e+01
1.472954216003419106e+02 6.944934089481830597e+01 5.611349487304687500e+01 6.441502380371093750e+01
1.464527130126954262e+02 6.994289405643939972e+01 5.620134735107421875e+01 6.444113159179687500e+01
1.454085884094239418e+02 6.977751167118549347e+01 5.640025329589843750e+01 6.398524475097656250e+01
1.441170520782471840e+02 7.075242431461811066e+01 6.067815017700195312e+01 6.260628128051757812e+01
1.431126708984376137e+02 6.943167693912982941e+01 5.508596038818359375e+01 6.349539566040039062e+01
1.408154716491700356e+02 7.030851180851459503e+01 5.845504760742187500e+01 6.311022567749023438e+01
1.394250030517579262e+02 6.986041839420795441e+01 5.538262176513671875e+01 6.192618179321289062e+01
1.373325405120850746e+02 7.076188667118549347e+01 5.807508468627929688e+01 6.378874206542968750e+01
1.356906719207764809e+02 7.080416114628314972e+01 5.851879501342773438e+01 6.184954833984375000e+01
1.381783981323243324e+02 6.920447929203510284e+01 5.798172760009765625e+01 6.518596649169921875e+01
1.395773582458497231e+02 6.823954398930072784e+01 5.615057373046875000e+01 6.272051239013671875e+01
1.416382255554200356e+02 6.680064781010150909e+01 5.736334228515625000e+01 6.710169219970703125e+01
1.439093647003174965e+02 6.614603812992572784e+01 5.872945022583007812e+01 6.683834075927734375e+01
1.471752815246583168e+02 6.419931419193744659e+01 5.963252258300781250e+01 6.810923004150390625e+01
1.534616260528565590e+02 6.280696494877338409e+01 5.767140579223632812e+01 7.030304718017578125e+01
1.537976436614991371e+02 6.155527122318744659e+01 5.916642379760742188e+01 7.115653228759765625e+01
1.592107696533204546e+02 5.807278831303122502e+01 5.895717620849609375e+01 7.124436187744140625e+01
1.594375972747804440e+02 5.734922797977930031e+01 6.179969406127929688e+01 6.924882507324218750e+01
1.616583747863771237e+02 5.535387046635156594e+01 6.197422790527343750e+01 6.856464385986328125e+01
1.611308631896974362e+02 5.266166312992578469e+01 6.376722717285156250e+01 6.891823577880859375e+01
1.697554512023927487e+02 4.971296317875390969e+01 6.089372253417968750e+01 7.162306976318359375e+01
1.720785999298097693e+02 4.818092735111721936e+01 5.983162307739257812e+01 7.157743072509765625e+01
1.752616176605226599e+02 4.674721153080471936e+01 5.936893844604492188e+01 7.091913604736328125e+01
1.786371173858644852e+02 4.426705940067779466e+01 6.044838333129882812e+01 7.261601257324218750e+01
1.809529094696047196e+02 4.234505088627349778e+01 6.081316757202148438e+01 6.933429718017578125e+01
1.834409103393557245e+02 3.874346168339266683e+01 6.189188385009765625e+01 7.012252807617187500e+01
1.881374263763430292e+02 3.299423606693758870e+01 6.051835250854492188e+01 7.000235748291015625e+01
1.907569522857668574e+02 2.905834968388094808e+01 6.141751480102539062e+01 7.168382263183593750e+01
1.932328605651858027e+02 2.618797691166415120e+01 6.056317138671875000e+01 6.985535430908203125e+01
1.952586727142336542e+02 2.414991004765047933e+01 6.065171432495117188e+01 6.908871459960937500e+01
1.976998214721682245e+02 1.994282920658602620e+01 5.831177520751950283e+01 6.829996490478515625e+01
2.005024414062502274e+02 1.901053626835360433e+01 5.863951873779296875e+01 6.634793090820312500e+01
2.026678256988527664e+02 1.564648063480868245e+01 5.921353530883789062e+01 6.668080902099609375e+01
1.987771492004396805e+02 1.294020088017001058e+01 5.855458068847656250e+01 6.772080993652343750e+01
1.919202384948732742e+02 1.275129707157626058e+01 6.315371704101562500e+01 6.547560119628906250e+01
1.806095924377443680e+02 9.860244825482510578e+00 7.214039611816406250e+01 6.971714782714843750e+01
1.877187652587892615e+02 7.307243421673888406e+00 6.057851409912109375e+01 7.037496948242187500e+01
1.813178596496584021e+02 6.007183149457091531e+00 6.666297912597656250e+01 8.238237762451171875e+01
1.783221054077150427e+02 2.976581647992247781e+00 6.855240631103515625e+01 8.190116119384765625e+01
1.781608924865724646e+02 2.323005750775450906e+00 5.912074279785156250e+01 6.902853393554687500e+01
1.750972614288332068e+02 1.836921766400450906e+00 6.025334548950195312e+01 6.509121704101562500e+01
1.734765453338625036e+02 3.724269941449279031e+00 5.457125473022460938e+01 6.128246307373046875e+01
1.679634284973146521e+02 4.241176679730529031e+00 5.849763488769531250e+01 6.038121795654296875e+01
1.617791671752931677e+02 4.454181745648497781e+00 5.966092681884765625e+01 6.809519195556640625e+01
1.576010456085207068e+02 4.088672712445372781e+00 6.144862747192382812e+01 6.623313140869140625e+01
1.544151458740236365e+02 6.243366315960997781e+00 5.802696990966796875e+01 6.547531890869140625e+01
1.522113628387453161e+02 8.404323652386779031e+00 5.896578598022460938e+01 6.325344085693359375e+01
1.499050388336183630e+02 7.009285047650450906e+00 5.916431045532226562e+01 6.477972412109375000e+01
1.496004543304445349e+02 1.196084602177154466e+01 5.850797653198242188e+01 5.890550231933593750e+01
1.496036148071291052e+02 9.712648466229552469e+00 5.693451690673828125e+01 6.097596359252929688e+01
1.496563205718996130e+02 1.050296790897857591e+01 5.805609512329101562e+01 6.400729370117187500e+01
1.509329814910890661e+02 1.139959533512603684e+01 5.986065292358398438e+01 6.103490066528320312e+01
1.537910060882570349e+02 1.423511131107818528e+01 6.080491256713867188e+01 6.142523956298828125e+01
1.556258201599123083e+02 1.246214492619048997e+01 6.242129516601562500e+01 5.984226608276367188e+01
1.602467060089113318e+02 1.241724403202545091e+01 6.304341506958007812e+01 6.321926879882812500e+01
1.661431694030763708e+02 1.153603370487701341e+01 6.386376953125000000e+01 6.117782592773437500e+01
1.728690013885500036e+02 1.199630363285552903e+01 5.573540878295898438e+01 5.917382049560546875e+01
1.754751815795900427e+02 1.436167533695709153e+01 6.049021148681640625e+01 5.914217376708984375e+01
1.813590240478517615e+02 1.330360420048248216e+01 5.486406707763671875e+01 5.726057434082031250e+01
1.808436737060548865e+02 2.226007278263580247e+01 5.422847747802734375e+01 5.142194747924804688e+01
1.824081230163576208e+02 2.384860809147369309e+01 5.090609741210937500e+01 4.879889297485351562e+01
1.912306938171388708e+02 2.564021117985259934e+01 4.646905517578125000e+01 4.665466690063476562e+01
1.964420509338380896e+02 2.966024596989166184e+01 4.235647583007812500e+01 4.389427566528320312e+01
1.912338657379152380e+02 2.767423255741607591e+01 4.710139846801757812e+01 4.583721923828125000e+01
1.974246845245363318e+02 2.818206794559966966e+01 4.042706680297851562e+01 4.551298522949218750e+01
1.802972526550294958e+02 2.451961906254302903e+01 5.622676086425781250e+01 5.317380523681640625e+01
1.881187381744386755e+02 3.293466003239166184e+01 4.031367874145507812e+01 4.190793228149414062e+01
1.839722213745119177e+02 3.022192580997955247e+01 4.747863006591796875e+01 4.597404098510742188e+01
1.881786708831789099e+02 2.729751212894927903e+01 5.935738754272460938e+01 6.130437469482421875e+01
1.931477737426759802e+02 1.939698798954498216e+01 5.332881927490234375e+01 6.504432678222656250e+01
1.975355529785158240e+02 2.071728332340728684e+01 5.400577545166015625e+01 6.064668655395507812e+01
2.021536026000978552e+02 2.208525665104400559e+01 5.445949554443362217e+01 6.227188491821289062e+01
2.027484035491945633e+02 2.084146888554107591e+01 5.698116683959960938e+01 7.169781494140625000e+01
2.036987857818605789e+02 2.206594474613677903e+01 5.784749221801757812e+01 6.913780975341796875e+01
2.052520179748537430e+02 2.262136848270904466e+01 5.776980590820312500e+01 6.909071350097656250e+01
2.059742145538332352e+02 2.103571708500396653e+01 5.810474014282226562e+01 6.968871307373046875e+01
2.052592983245851883e+02 2.081029899418365403e+01 5.862099838256835938e+01 7.044023895263671875e+01
2.036332588195803055e+02 2.254906852543365403e+01 5.859948730468750000e+01 6.889025115966796875e+01
2.013324375152590164e+02 2.375665290653716966e+01 5.875987625122070312e+01 6.609751892089843750e+01
1.987472076416017899e+02 2.618782432377349778e+01 5.782068634033203125e+01 6.246173858642578125e+01
1.965731410980226883e+02 2.700619132816802903e+01 5.904626083374023438e+01 6.609102630615234375e+01
1.940571289062502274e+02 2.863625533878814622e+01 5.565171051025390625e+01 6.332232284545898438e+01
1.910217571258547196e+02 2.819783027470123216e+01 5.727012252807617188e+01 6.506016540527343750e+01
1.827059879302980789e+02 2.960683448612701341e+01 5.619926834106445312e+01 6.216238403320312500e+01
1.691056938171388992e+02 5.466618736088287278e+01 4.690605163574218750e+01 6.166144561767578125e+01
1.679869289398195633e+02 4.381139953434478684e+01 4.059447860717773438e+01 3.844980239868164062e+01
1.640849475860597977e+02 4.893194015324127122e+01 4.561867141723632812e+01 4.713622665405273438e+01
1.537627487182619461e+02 3.112556846439849778e+01 5.757842254638671875e+01 5.982265472412109375e+01
1.453434677124025711e+02 3.141272170841705247e+01 5.669411468505859375e+01 4.978393173217773438e+01
1.372515029907228836e+02 3.025997169315826341e+01 6.478304290771484375e+01 5.260877990722656250e+01
1.309246749877931961e+02 2.726478584110748216e+01 6.378005218505859375e+01 5.104019165039062500e+01
1.257531604766847977e+02 2.542782028019439622e+01 6.231949234008789062e+01 5.982102584838867188e+01
1.203389282226564774e+02 2.029218299686920091e+01 6.658457183837890625e+01 6.557685852050781250e+01
1.204291305541994745e+02 1.935823829472079183e+01 6.612102508544921875e+01 5.575444030761718750e+01
1.211733531951906855e+02 2.340694053471102620e+01 6.275687789916992188e+01 5.231304168701171875e+01
1.244631423950197870e+02 2.311074073612704183e+01 6.599980926513671875e+01 5.312477111816406250e+01
1.307638511657717402e+02 2.210672004520907308e+01 6.221476745605468750e+01 6.150552368164062500e+01
1.354107360839846308e+02 1.758900840580477620e+01 6.663428497314453125e+01 5.733531951904296875e+01
1.504923114776613886e+02 1.895002181828036214e+01 6.052161026000976562e+01 5.210371017456054688e+01
1.566245422363283808e+02 1.587663467228426839e+01 6.469916534423828125e+01 5.365243148803710938e+01
1.676209621429445917e+02 1.732369048893465902e+01 6.226363754272460938e+01 5.572822952270507812e+01
1.750392627716067011e+02 1.685333259403719808e+01 6.324188613891601562e+01 4.996566772460937500e+01
1.868314476013186152e+02 2.077796562016024495e+01 6.402751159667968750e+01 5.167917633056640625e+01
1.978125038146975214e+02 2.484729774296297933e+01 6.431082153320309658e+01 6.650144958496093750e+01
2.012862358093263992e+02 2.473611839115633870e+01 6.893003845214843750e+01 6.913002777099609375e+01
2.043211593627931677e+02 2.896509940922271653e+01 6.592314910888674717e+01 7.052655792236328125e+01
2.077999420166018183e+02 3.112574394047274495e+01 6.371918487548825283e+01 7.228623199462890625e+01
2.094802455902101883e+02 3.815700538456454183e+01 6.350646591186523438e+01 7.061067199707031250e+01
2.114749832153322586e+02 4.318764884769930745e+01 5.960973358154296875e+01 6.891876983642578125e+01
2.120226898193361649e+02 4.727006538212313558e+01 5.893009185791015625e+01 6.936727905273437500e+01
2.122825336456301102e+02 5.032218940556063558e+01 5.901547622680664062e+01 6.921786499023437500e+01
2.101691627502443680e+02 5.081015022099032308e+01 5.993475341796875000e+01 7.070883178710937500e+01
2.090644073486330399e+02 5.359695823490633870e+01 5.933457183837890625e+01 7.018730926513671875e+01
2.083674812316896805e+02 5.568565376102938558e+01 5.733825683593750000e+01 6.643194580078125000e+01
2.053644199371340164e+02 5.475484855473055745e+01 5.783925247192382812e+01 6.916251373291015625e+01
2.040457248687746414e+02 5.605794151127352620e+01 5.734743118286132812e+01 6.679695892333984375e+01
2.014202728271486649e+02 5.670447166264071370e+01 5.675034332275390625e+01 6.669704437255859375e+01
1.980671367645265946e+02 5.795559699833407308e+01 5.717518234252929688e+01 6.585974121093750000e+01
1.942546310424806961e+02 6.000827033817782308e+01 5.843914031982421875e+01 6.501232910156250000e+01
1.915428791046144852e+02 5.699486930668368245e+01 5.540890884399414062e+01 6.745023345947265625e+01
1.894324073791506180e+02 5.501280982792391683e+01 5.381228637695312500e+01 6.624000549316406250e+01
1.870419940948488602e+02 5.096345908939852620e+01 5.567654800415039062e+01 6.675252532958984375e+01
1.859124565124513992e+02 4.756246192753329183e+01 5.531163024902343750e+01 6.705912780761718750e+01
1.844029998779299149e+02 4.270988090336336995e+01 5.447101593017578125e+01 6.414627838134765625e+01
1.820237216949465164e+02 3.964115150272860433e+01 5.820555496215820312e+01 6.824440002441406250e+01
1.825684947967531571e+02 3.742771156132235433e+01 5.703425216674804688e+01 6.503337097167968750e+01
1.836678314208986649e+02 3.368228538334383870e+01 5.358338165283203125e+01 6.409041595458984375e+01
1.846066417694094071e+02 3.149662788212313558e+01 5.318363571166992188e+01 6.377386474609375000e+01
1.856182498931887039e+02 2.935064895451083089e+01 5.295161819458007812e+01 5.848260116577148438e+01
1.858219203948976883e+02 2.588796241581454183e+01 5.453359603881835938e+01 6.220149230957031250e+01
1.867921943664553055e+02 2.441838653385653402e+01 5.362945556640625000e+01 5.986803054809570312e+01
1.868318672180178055e+02 2.280183608829989339e+01 5.297485351562500000e+01 6.285223007202148438e+01
1.863278865814211258e+02 2.059515388309969808e+01 5.442095565795898438e+01 5.976055908203125000e+01
1.859784374237062821e+02 1.902254684269442464e+01 5.370582199096679688e+01 6.377946090698242188e+01
1.844522323608400711e+02 1.742905624210848714e+01 5.690129852294921875e+01 6.115140914916992188e+01
1.844452896118166336e+02 1.497191436588778402e+01 5.563619232177734375e+01 5.866344070434570312e+01
1.837618923187258133e+02 1.484643180668368245e+01 5.575405502319335938e+01 6.130698394775390625e+01
1.827631282806398758e+02 1.052989967167391683e+01 5.494506454467773438e+01 5.855625915527343750e+01
1.817021751403810867e+02 1.154972274601473714e+01 5.562602233886718750e+01 6.247233200073242188e+01
1.790986232757570633e+02 8.575216367840909015e+00 5.509637069702148438e+01 6.047032546997070312e+01
1.766704788208010086e+02 1.260055549442782308e+01 5.607610321044921875e+01 6.104171752929687500e+01
1.734920673370363602e+02 8.371692731976651203e+00 5.635181045532226562e+01 6.352086639404296875e+01
1.706769313812258133e+02 9.906683042645596515e+00 5.586947250366210938e+01 6.208876419067382812e+01
1.681332530975344071e+02 9.869501188397549640e+00 5.610697555541992188e+01 6.303141403198242188e+01
1.637737064361574539e+02 1.011891944706454183e+01 5.808732986450195312e+01 6.258711242675781250e+01
1.594379310607912430e+02 1.078863532841219808e+01 5.802648925781250000e+01 6.233096313476562500e+01
1.558410930633547196e+02 1.343875892460360433e+01 5.827604293823242188e+01 6.094572448730468750e+01
1.528912982940676102e+02 1.100054366886629964e+01 5.751861953735351562e+01 6.271259689331054688e+01
1.495350933074953446e+02 1.487431724369540120e+01 5.703690719604492188e+01 5.350429534912109375e+01
1.434716415405275711e+02 1.643161781132235433e+01 5.937447357177734375e+01 5.679985046386718750e+01
1.371733932495119461e+02 1.518741996586336995e+01 6.208803558349609375e+01 5.871979522705078125e+01
1.341590766906740555e+02 1.642181022465243245e+01 6.267477416992187500e+01 5.799137115478515625e+01
1.306363296508791336e+02 1.790177161991610433e+01 6.201930999755859375e+01 5.770137023925781250e+01
1.281208343505861649e+02 1.812213523685946370e+01 6.112439727783203125e+01 5.706133270263671875e+01
1.265085048675539383e+02 1.734456069767489339e+01 6.012716293334960938e+01 5.992779159545898438e+01
1.240992240905763992e+02 1.899089820683016683e+01 6.285279846191406250e+01 6.077079772949218750e+01
1.199625396728517899e+02 1.866680534183993245e+01 6.306452178955078125e+01 6.117813873291015625e+01
1.180582523345949539e+02 1.815250976383700277e+01 6.150725173950195312e+01 6.141904067993164062e+01
1.156241703033449539e+02 1.793739517033114339e+01 6.136568069458007812e+01 6.091970443725585938e+01
1.134545249938967117e+02 1.905545242130770589e+01 6.361021423339843750e+01 6.131978988647460938e+01
1.085539073944094071e+02 2.081155021488680745e+01 6.399332809448242188e+01 5.656391143798828125e+01
1.060242805480959305e+02 2.157542236149325277e+01 6.170471191406250000e+01 5.378671646118164062e+01
1.027425117492678055e+02 2.495600898563876058e+01 6.259957885742187500e+01 5.817465209960937500e+01
1.022015533447267899e+02 2.398491866886629964e+01 6.320764923095703125e+01 5.754508590698242188e+01
9.938395690917991487e+01 2.666541106998934652e+01 6.664151763916015625e+01 5.792851638793945312e+01
9.868141174316428987e+01 2.697380645573153402e+01 6.298300933837890625e+01 5.999278640747070312e+01
9.518904304504417269e+01 2.713098151981844808e+01 6.335196304321289062e+01 5.967791748046875000e+01
9.213789939880393831e+01 2.963166435062899495e+01 6.171429061889648438e+01 6.535938262939453125e+01
9.013765907287620394e+01 3.140281303226961995e+01 6.381416702270507812e+01 6.554416656494140625e+01
8.837824058532737581e+01 3.192196471989169027e+01 6.377013778686523438e+01 6.322659683227539062e+01
8.666538238525413362e+01 3.241838271915926839e+01 6.335894012451171875e+01 6.073980331420898438e+01
8.526886749267600862e+01 3.426706893742098714e+01 6.667858123779296875e+01 5.964600753784179688e+01
8.502627182006858675e+01 3.489318092167391683e+01 6.367930603027343750e+01 5.966432189941406250e+01
8.569426345825218050e+01 3.327037818729891683e+01 6.323379516601562500e+01 6.254743957519531250e+01
8.453752136230491487e+01 3.434967239201083089e+01 6.601288604736328125e+01 6.177242660522460938e+01
8.302837371826194612e+01 3.609155090153231527e+01 6.575536346435546875e+01 6.132901382446289062e+01
8.223153305053733675e+01 3.590627487003817464e+01 6.093305969238281250e+01 6.126231002807617188e+01
8.040380859375022737e+01 3.686578948795809652e+01 6.048773956298828125e+01 6.093251419067382812e+01
7.935266304016136019e+01 3.657459266483797933e+01 5.974063491821289062e+01 6.484538269042968750e+01
7.850922012329124300e+01 3.892687423527254964e+01 6.177279663085937500e+01 6.381959152221679688e+01
7.765404891967796175e+01 3.907773979008211995e+01 6.054365539550781250e+01 6.612189483642578125e+01
7.590928077697776644e+01 4.179250724613680745e+01 6.108613967895507812e+01 6.554480743408203125e+01
7.404886054992698519e+01 4.255691917240633870e+01 6.159265518188476562e+01 6.602605438232421875e+01
7.092324447631858675e+01 4.344016654789461995e+01 6.138764953613281250e+01 6.675501251220703125e+01
6.845615196228050081e+01 4.472686202824129964e+01 6.158346176147460938e+01 6.392078781127929688e+01
6.561509704589866487e+01 4.540297706425204183e+01 6.273075103759765625e+01 6.436384582519531250e+01
6.350914382934593050e+01 4.572172172367586995e+01 6.180404663085937500e+01 6.238666534423828125e+01
6.197268867492698519e+01 4.509617240726961995e+01 6.331576919555664062e+01 6.445484161376953125e+01
6.149123954772971956e+01 4.722839935123934652e+01 6.395463180541992188e+01 6.237828445434570312e+01
6.244898223876975862e+01 4.726407630741610433e+01 6.432863616943359375e+01 6.299815368652343750e+01
6.238053512573264925e+01 4.822941978275790120e+01 6.751292419433593750e+01 6.407515716552734375e+01
6.335650634765647737e+01 4.898107345402254964e+01 6.794940948486328125e+01 6.244706344604492188e+01
6.428065490722678987e+01 5.204233177006258870e+01 6.546088409423828125e+01 6.363622283935546875e+01
6.310594177246116487e+01 5.100325401127352620e+01 6.413065338134765625e+01 6.092266082763671875e+01
6.093012046813987581e+01 4.986376579105868245e+01 5.959698104858398438e+01 6.543360137939453125e+01
5.772390556335471956e+01 5.167426116764559652e+01 5.823145675659179688e+01 6.382652664184570312e+01
5.390878486633323519e+01 5.039126975834383870e+01 5.975680923461914062e+01 6.244194793701171875e+01
5.104349517822288362e+01 4.769260795414461995e+01 5.971346282958984375e+01 6.118509674072265625e+01
4.987865066528343050e+01 4.477886588871493245e+01 6.148703002929687500e+01 6.084088897705078125e+01
4.835169410705589144e+01 4.016444976627840902e+01 6.166914749145507812e+01 6.207506179809570312e+01
4.832179641723655550e+01 3.803749091923251058e+01 6.329583740234375000e+01 5.885513305664062500e+01
4.775360679626487581e+01 3.508704955875887777e+01 6.257610702514648438e+01 5.988324356079101562e+01
4.564830589294456331e+01 3.234592826664461995e+01 6.335000228881835938e+01 5.843296051025390625e+01
4.465992355346702425e+01 3.102170379459872152e+01 6.761329650878906250e+01 5.780638504028320312e+01
4.477379798889182894e+01 2.967116363346590902e+01 6.372853469848632812e+01 5.705705642700195312e+01
4.421613693237327425e+01 2.757363136112704183e+01 6.779008483886718750e+01 5.864179992675781250e+01
4.490451622009300081e+01 2.299038322269930745e+01 6.294903182983398438e+01 5.601279449462890625e+01
4.053234100341819612e+01 2.351492698490633870e+01 6.510073089599609375e+01 5.480245208740234375e+01
3.927964401245139925e+01 1.977914054691805745e+01 6.448670959472656250e+01 5.612778472900390625e+01
3.925447463989280550e+01 1.706404502689852620e+01 6.587432861328125000e+01 5.648159027099609375e+01
3.820590972900413362e+01 1.288682372868075277e+01 6.706856536865234375e+01 5.805936050415039062e+01
3.866630935668968050e+01 7.149740293622159015e+00 6.613647460937500000e+01 6.147081375122070312e+01
3.855994415283225862e+01 3.617706373334073078e+00 6.444411468505859375e+01 6.329235839843750000e+01
3.845308303833030550e+01 7.737039640545987140e+00 6.483383178710937500e+01 5.658405685424804688e+01
4.153191566467307894e+01 3.257042005658291828e+00 6.338170242309570312e+01 5.528889465332031250e+01
4.158114242553733675e+01 3.265873029828213703e+00 6.574006652832031250e+01 5.448287200927734375e+01
4.420745658874534456e+01 4.514871671795987140e+00 6.080662155151367188e+01 5.045627975463867188e+01
4.450441741943382112e+01 4.089565351605557453e+00 6.094130706787109375e+01 5.030765533447265625e+01
4.774720764160178987e+01 4.266187742352627765e+00 3.987003326416015625e+01 4.538217544555664062e+01
4.732785415649436800e+01 1.695539548993252765e+00 6.485516357421875000e+01 4.590271377563476562e+01
5.137816429138206331e+01 2.237773969769619953e+00 4.356991195678710938e+01 4.770282745361328125e+01
5.269046783447288362e+01 1.859818249942293278e-01 6.813872528076171875e+01 5.003517150878906250e+01
6.150190734863303987e+01 2.618131712079190265e+00 7.399637603759765625e+01 4.926785659790039062e+01
5.875534439086936800e+01 0.000000000000000000e+00 9.074331665039062500e+01 5.758488090336336995e+01
5.310125350952171175e+01 0.000000000000000000e+00 5.730632019042968750e+01 4.810155300050979577e+01
5.653879928588889925e+01 4.196748919785306953e-01 4.023181152343750000e+01 4.485027694702148438e+01
5.750609207153343050e+01 8.251238055527494453e-01 4.180847167968750000e+01 4.239246749877929688e+01
5.745603179931663362e+01 3.590440936386869453e-01 4.445671844482421875e+01 4.307656478881835938e+01
6.029192161560081331e+01 1.400298137217788508e+00 4.238387680053710938e+01 3.881986236572265625e+01
6.462017250061057894e+01 1.437623042613296320e+00 6.256959915161132812e+01 5.290262222290039062e+01
6.684284973144553987e+01 2.873618144542007258e+00 5.989377593994140625e+01 5.319112396240234375e+01
7.079902839660667269e+01 3.514880198985366633e+00 5.640600967407226562e+01 5.397784423828125000e+01
7.453087615966819612e+01 4.448367137461929133e+00 5.932723236083984375e+01 5.199676513671875000e+01
7.822215080261253206e+01 6.030835170298843195e+00 5.988883590698242188e+01 5.391917037963867188e+01
8.130520248413108675e+01 7.393563289195327570e+00 5.351795959472656250e+01 5.288493728637695312e+01
8.203876686096214144e+01 5.400883693248061945e+00 5.764934158325195312e+01 5.758703231811523438e+01
8.317539024353050081e+01 5.980549830943374445e+00 5.503234481811523438e+01 5.769961166381835938e+01
8.319746971130393831e+01 5.903664607554702570e+00 5.459853744506835938e+01 6.028410720825195312e+01
8.339217185974143831e+01 7.482230205088882258e+00 5.661681747436523438e+01 6.023564910888671875e+01
8.363514137268089144e+01 9.692818660289077570e+00 5.803212356567382812e+01 6.066151809692382812e+01
8.469083976745628206e+01 1.046224119141700726e+01 5.671940231323242188e+01 5.769149017333984375e+01
8.511877059936546175e+01 1.378125860169532757e+01 5.836842346191406250e+01 5.951073074340820312e+01
8.631510734558128206e+01 1.345662595704200726e+01 5.704856491088867188e+01 6.080535125732421875e+01
8.746176338195823519e+01 1.651788618043067913e+01 5.623160171508789062e+01 5.805908203125000000e+01
8.750076675415061800e+01 1.912264539673927288e+01 5.924679565429687500e+01 6.102192687988281250e+01
8.889307594299339144e+01 2.097854139283302288e+01 5.785402297973632812e+01 6.201304626464843750e+01
9.139963531494163362e+01 2.189261152222755413e+01 5.679412078857421875e+01 5.242053222656250000e+01
9.380000686645530550e+01 2.472084714844825726e+01 6.270202636718750000e+01 5.571797943115234375e+01
9.645403861999534456e+01 2.573603155091407757e+01 5.781361007690429688e+01 5.212086868286132812e+01
1.004534797668459305e+02 2.707051946595314007e+01 5.588488769531250000e+01 5.722459793090820312e+01
1.019475307464601883e+02 2.765251256898048382e+01 5.810400009155273438e+01 5.362997817993164062e+01
1.034318084716799149e+02 2.841926099732521038e+01 5.532532501220703125e+01 5.723576354980468750e+01
1.049426441192629227e+02 2.764229299500587445e+01 5.354608535766601562e+01 6.060470199584960938e+01
1.058304748535158524e+02 3.036367513611915570e+01 5.296793365478515625e+01 6.379148483276367188e+01
1.051999263763430008e+02 3.097960187867286663e+01 5.550970077514648438e+01 6.609402465820312500e+01
1.068109569549562821e+02 3.222211744263771038e+01 5.467957687377929688e+01 6.419190979003906250e+01
1.073098449707033524e+02 3.572555067017677288e+01 5.424423980712890625e+01 6.457566833496093750e+01
1.097853851318361649e+02 3.878130628541114788e+01 5.436057281494140625e+01 6.337181091308593750e+01
1.113210105895998367e+02 4.113406278565528851e+01 5.601368713378906250e+01 6.512531280517578125e+01
1.129661788940431961e+02 4.251186277344825726e+01 5.560121917724609375e+01 6.623296356201171875e+01
1.145608863830568680e+02 4.246715833619239788e+01 5.424813842773437500e+01 6.784211730957031250e+01
1.162874908447267899e+02 4.532158185914161663e+01 5.574753570556640625e+01 6.678152465820312500e+01
1.179640541076662430e+02 4.700800992920997601e+01 5.485238647460937500e+01 6.675720977783203125e+01
1.187075958251955399e+02 5.046417142823341351e+01 5.559497833251953125e+01 6.494532012939453125e+01
1.205722522735597977e+02 5.060555936768653851e+01 5.476239395141601562e+01 6.779010772705078125e+01
1.229205780029299149e+02 5.198137571290138226e+01 5.599826812744140625e+01 6.840651702880859375e+01
1.248223533630373367e+02 5.517112256959083538e+01 5.502775573730468750e+01 6.588310241699218750e+01
1.271962337493898758e+02 5.462591077759864788e+01 5.530727767944335938e+01 6.828822326660156250e+01
1.283391437530519852e+02 5.635092069581153851e+01 5.473309707641601562e+01 6.720407867431640625e+01
1.299882602691652664e+02 5.781268979981544476e+01 5.407298660278320312e+01 6.616463470458984375e+01
1.326145515441896805e+02 5.905795957520606976e+01 5.414297485351562500e+01 6.577532196044921875e+01
1.350190658569338211e+02 6.225066282227638226e+01 5.442681121826171875e+01 6.471892547607421875e+01
1.366406059265138992e+02 6.322360898926856976e+01 5.637696838378906250e+01 6.208214569091796875e+01
1.397343139648439774e+02 6.423866559937599163e+01 5.701105499267578125e+01 6.554684448242187500e+01
1.438439006805422196e+02 6.621398450806739788e+01 5.596863937377929688e+01 6.487684631347656250e+01
1.474926261901857742e+02 6.555302335694435101e+01 5.562080383300781250e+01 6.618036651611328125e+01
1.495155696868898758e+02 6.666590406373146038e+01 5.607522201538085938e+01 6.612397766113281250e+01
1.522913513183596024e+02 6.665324308350685101e+01 5.678928375244140625e+01 6.754480743408203125e+01
1.545072231292726883e+02 6.805943204835060101e+01 5.662765121459960938e+01 6.692090606689453125e+01
1.576254463195803055e+02 6.735681821778419476e+01 5.821188354492187500e+01 6.768462371826171875e+01
1.571974296569826492e+02 7.003249647095802288e+01 6.028657531738281250e+01 6.692512512207031250e+01
1.625567588806154617e+02 7.068651868775489788e+01 5.750517272949218750e+01 6.631864929199218750e+01
1.649038085937502274e+02 7.114599134400489788e+01 5.539670562744140625e+01 6.749101257324218750e+01
1.662765369415285477e+02 7.151110746338966351e+01 5.357452774047851562e+01 6.707712554931640625e+01
1.674891071319582352e+02 7.257172300294044476e+01 5.378424453735351562e+01 6.690111541748046875e+01
1.669326648712160477e+02 7.348543455079200726e+01 5.620813369750976562e+01 6.666890716552734375e+01
1.662789287567140946e+02 7.476414014771583538e+01 5.434254074096679688e+01 6.469212341308593750e+01
1.681041736602785477e+02 7.466778470948341351e+01 5.571796035766601562e+01 6.489554595947265625e+01
1.680868358612062821e+02 7.498414899781349163e+01 5.767679977416992188e+01 6.512289428710937500e+01
1.679738807678224930e+02 7.525609113648536663e+01 5.330838012695312500e+01 6.468447875976562500e+01
1.669505367279055008e+02 7.543683149293067913e+01 5.611190414428710938e+01 6.441363525390625000e+01
1.674672927856447586e+02 7.615216733887794476e+01 5.610073089599609375e+01 6.454409027099609375e+01
1.680839824676515946e+02 7.611640455201271038e+01 5.614899826049804688e+01 6.445710754394531250e+01
1.672775173187258133e+02 7.605511762574317913e+01 5.458370590209960938e+01 6.485372924804687500e+01
1.662012329101564774e+02 7.888090421631935101e+01 5.403696441650390625e+01 6.160102081298828125e+01
1.663795833587648758e+02 8.062773038819435101e+01 5.317739486694335938e+01 6.022107696533203125e+01
1.668317031860353836e+02 8.169400312379005413e+01 5.161174774169921875e+01 5.942944335937500000e+01
1.665009803771974930e+02 8.358650686219337445e+01 5.272384643554687500e+01 5.797985458374023438e+01
1.667415428161623367e+02 8.327461149170997601e+01 5.239021301269531250e+01 5.890253448486328125e+01
1.663052177429201492e+02 8.244700719788673382e+01 5.449440002441406250e+01 5.890375137329101562e+01
1.658649959564211258e+02 8.084972669556739788e+01 5.413851547241210938e+01 6.046296691894531250e+01
1.674798946380617508e+02 7.888797094300392132e+01 5.473913192749023438e+01 6.129272842407226562e+01
1.673551692962648758e+02 7.891805936768653851e+01 5.423992538452148438e+01 6.083179473876953125e+01
1.680873489379885086e+02 7.781567098572853070e+01 5.481407928466796875e+01 6.079505538940429688e+01
1.683923759460451492e+02 7.672593786194923382e+01 5.413310241699218750e+01 5.900616836547851562e+01
1.691781044006349930e+02 7.482696058228614788e+01 5.484600830078125000e+01 6.008357238769531250e+01
1.687693939208986649e+02 7.516997243836524945e+01 5.479386138916015625e+01 5.978307723999023438e+01
1.690162582397463211e+02 7.354747297242286663e+01 5.710048675537109375e+01 6.039376831054687500e+01
1.685786762237551102e+02 7.266112234070899945e+01 5.462909317016601562e+01 6.256371688842773438e+01
1.694048557281496414e+02 7.355580808594825726e+01 5.454466629028320312e+01 6.077400970458984375e+01
1.687732086181642899e+02 7.388937856629493695e+01 5.761383819580078125e+01 6.025759506225585938e+01
1.691056022644045242e+02 7.193961240723731976e+01 5.424974060058593750e+01 6.283287811279296875e+01
1.692415294647219071e+02 7.418542386963966351e+01 5.377817916870117188e+01 6.020792388916015625e+01
1.686315650939943680e+02 7.527309324219825726e+01 5.946261596679687500e+01 5.928047943115234375e+01
1.689358844757082352e+02 7.367941953614356976e+01 5.600693130493164062e+01 6.250188446044921875e+01
1.695978240966799149e+02 7.378951742127540570e+01 5.795124053955078125e+01 6.136634445190429688e+01
1.698546390533449539e+02 7.395516111329200726e+01 5.808311843872070312e+01 6.152574920654296875e+01
1.699953346252443680e+02 7.287681104615333538e+01 5.588497924804687500e+01 6.228981018066406250e+01
1.697665882110597977e+02 7.294092084839942913e+01 5.590823745727539062e+01 6.274612426757812500e+01
1.697628517150881180e+02 7.084451581910255413e+01 5.757876586914062500e+01 6.335220336914062500e+01
1.695799217224123367e+02 7.084281064942481976e+01 5.834422302246093750e+01 6.387441253662109375e+01
1.704270744323732742e+02 6.902953245118263226e+01 5.873164367675781250e+01 6.631322479248046875e+01
1.718136730194094071e+02 6.859823133423927288e+01 5.768339157104492188e+01 6.578779602050781250e+01
1.727958145141603836e+02 6.762828351929786663e+01 5.699965667724609375e+01 6.718145751953125000e+01
1.729782581329347977e+02 6.661267759278419476e+01 5.699463272094726562e+01 6.757259368896484375e+01
1.721724166870119461e+02 6.473582364991310101e+01 5.699498748779296875e+01 6.796936798095703125e+01
1.717822074890138992e+02 6.094554807618263226e+01 5.515794372558593750e+01 6.974175262451171875e+01
1.718114452362062821e+02 6.085967924073341351e+01 5.886866378784179688e+01 6.880176544189453125e+01
1.727365074157717117e+02 5.761197187379005413e+01 5.576210021972656250e+01 6.964404296875000000e+01
1.744993801116945633e+02 5.675266935303810101e+01 5.836394882202148438e+01 6.959510040283203125e+01
1.756102466583254227e+02 5.659351636841896038e+01 5.584540176391601562e+01 6.744404602050781250e+01
1.765272445678713211e+02 5.571675016358497601e+01 5.808058929443359375e+01 6.853192901611328125e+01
1.775716438293459305e+02 5.597956373170021038e+01 5.560272216796875000e+01 6.812428283691406250e+01
1.784524497985842117e+02 5.501635267212989788e+01 5.743214416503906250e+01 6.933488464355468750e+01
1.790510425567629227e+02 5.500590803101661663e+01 5.635898208618164062e+01 6.710559082031250000e+01
1.805719718933107742e+02 5.395984174683692913e+01 5.726847839355468750e+01 6.915777587890625000e+01
1.811558628082277664e+02 5.352667905762794476e+01 5.479204177856445312e+01 6.867458343505859375e+01
1.819821624755861649e+02 5.344869520142677288e+01 5.526593780517578125e+01 6.912632751464843750e+01
1.811631393432619461e+02 5.050281812623146038e+01 5.590206146240234375e+01 7.216957092285156250e+01
1.810153732299806961e+02 5.066292097046974163e+01 5.560936737060546875e+01 7.146475219726562500e+01
1.816168327331545242e+02 5.223839475587013226e+01 5.526466369628906250e+01 7.095534515380859375e+01
1.818645057678224930e+02 5.167206479981544476e+01 5.471456909179687500e+01 7.091991424560546875e+01
1.806367912292482742e+02 5.241126157715919476e+01 5.612495422363281250e+01 7.114235687255859375e+01
1.775946769714357742e+02 5.350325300171974163e+01 5.907075500488281250e+01 7.073052978515625000e+01
1.767745304107668289e+02 5.374994947388771038e+01 5.726378250122070312e+01 6.992881774902343750e+01
1.746093711853029617e+02 5.478945066407325726e+01 5.587239074707031250e+01 6.415139007568359375e+01
1.705154418945314774e+02 5.450338651612403851e+01 5.703525543212890625e+01 6.990848541259765625e+01
1.683572940826418289e+02 5.661934949830177288e+01 5.781532669067382812e+01 6.967887878417968750e+01
1.664536457061769852e+02 5.955993177369239788e+01 5.931149673461914062e+01 6.717286682128906250e+01
1.632972965240480789e+02 5.993647291138771038e+01 5.958086013793945312e+01 6.642692565917968750e+01
1.606871128082277664e+02 5.928564359620216351e+01 5.922462844848632812e+01 6.275077056884765625e+01
1.603256092071535477e+02 5.805443479493263226e+01 5.790771865844726562e+01 5.967009735107421875e+01
1.597915344238283524e+02 5.771120359376075726e+01 5.906131744384765625e+01 6.803902435302734375e+01
1.591263046264650711e+02 5.677131559327247601e+01 5.750603485107421875e+01 6.568219757080078125e+01
1.587872714996340164e+02 5.489436246827247601e+01 5.845201492309570312e+01 6.971729278564453125e+01
1.587758331298830399e+02 5.550867750123146038e+01 5.889258575439453125e+01 6.581932067871093750e+01
1.591381683349611649e+02 5.429463102295997601e+01 5.834790802001953125e+01 6.682758331298828125e+01
1.589668350219728836e+02 5.337761594727638226e+01 5.947332000732421875e+01 7.081291961669921875e+01
1.599363079071047480e+02 5.409355833008891068e+01 6.165113449096679688e+01 6.683196258544921875e+01
1.605046806335451777e+02 5.301462842896586380e+01 6.267213439941406250e+01 7.292610168457031250e+01
1.602926368713381464e+02 5.206752683594828568e+01 6.176803588867187500e+01 7.050075531005859375e+01
