3.670000000000000000e+02 1.770000000000000000e+02 1.700000000000000000e+01 1.700000000000000000e+01
3.664266424179077148e+02 1.752086925506591797e+02 1.757973670959472656e+01 1.805198287963867188e+01
3.665897035598754883e+02 1.760363750457763672e+02 1.734859275817871094e+01 1.787604904174804688e+01
3.660854167938232422e+02 1.762148380279541016e+02 1.751679611206054688e+01 1.771022415161132812e+01
3.663982248306274414e+02 1.749018630981445312e+02 1.748029899597167969e+01 1.790886688232421875e+01
3.652922267913818359e+02 1.758465681076049805e+02 1.762041091918945312e+01 1.779057502746582031e+01
3.650757761001586914e+02 1.756797876358032227e+02 1.737295341491699219e+01 1.800808525085449219e+01
3.656665782928466797e+02 1.756806201934814453e+02 1.739741134643554688e+01 1.795208358764648438e+01
3.651798772811889648e+02 1.755832700729370117e+02 1.748880958557128906e+01 1.817632484436035156e+01
3.647533378601074219e+02 1.747002410888671875e+02 1.773110961914062500e+01 1.850825500488281250e+01
3.646278791427612305e+02 1.757526922225952148e+02 1.789933204650878906e+01 1.842720222473144531e+01
3.642746143341064453e+02 1.752101612091064453e+02 1.790866470336914062e+01 1.878638839721679688e+01
3.642140483856201172e+02 1.743867225646972656e+02 1.794270706176757812e+01 1.892918395996093750e+01
3.634162445068359375e+02 1.754359617233276367e+02 1.805857849121093750e+01 1.873005867004394531e+01
3.639704179763793945e+02 1.747771253585815430e+02 1.829720878601074219e+01 1.874742317199707031e+01
3.627699985504150391e+02 1.744530038833618164e+02 1.843032455444335938e+01 1.898846244812011719e+01
3.631845922470092773e+02 1.747518634796142578e+02 1.788290596008300781e+01 1.894984054565429688e+01
3.623932628631591797e+02 1.744663200378417969e+02 1.837424850463867188e+01 1.913713073730468750e+01
3.622419614791870117e+02 1.743830451965332031e+02 1.829368782043457031e+01 1.944877624511718750e+01
3.623352174758911133e+02 1.742107114791870117e+02 1.831467247009277344e+01 1.932435035705566406e+01
3.618694839477539062e+02 1.749187536239624023e+02 1.876763153076171875e+01 1.941501045227050781e+01
3.621572713851928711e+02 1.738929548263549805e+02 1.868879127502441406e+01 1.975618934631347656e+01
3.613610649108886719e+02 1.748449277877807617e+02 1.897571563720703125e+01 1.934613990783691406e+01
3.610990190505981445e+02 1.739430484771728516e+02 1.903331565856933594e+01 1.930457687377929688e+01
3.606889610290527344e+02 1.740509948730468750e+02 1.868637847900390625e+01 1.920861816406250000e+01
3.599878044128417969e+02 1.746032056808471680e+02 1.922698974609375000e+01 1.955115699768066406e+01
3.606956138610839844e+02 1.743742895126342773e+02 1.915703582763671875e+01 1.964459419250488281e+01
3.600645046234130859e+02 1.734770994186401367e+02 1.931573104858398438e+01 2.025367927551269531e+01
3.601169185638427734e+02 1.742488927841186523e+02 1.903516769409179688e+01 1.990765571594238281e+01
3.594409446716308594e+02 1.745396718978881836e+02 1.908617401123046875e+01 1.971796607971191406e+01
3.603127536773681641e+02 1.742385149002075195e+02 1.905537796020507812e+01 1.976980400085449219e+01
3.592078514099121094e+02 1.741244802474975586e+02 1.920880126953125000e+01 2.015683174133300781e+01
3.595669775009155273e+02 1.734083051681518555e+02 1.923568916320800781e+01 2.036567115783691406e+01
3.583791532516479492e+02 1.742420959472656250e+02 1.968772315979003906e+01 1.991038513183593750e+01
3.585124607086181641e+02 1.732497797012329102e+02 1.949217605590820312e+01 2.047022056579589844e+01
3.584471426010131836e+02 1.746737298965454102e+02 1.968815040588378906e+01 2.011149406433105469e+01
3.579044790267944336e+02 1.731552257537841797e+02 2.031993293762207031e+01 2.102560043334960938e+01
3.574440202713012695e+02 1.736214008331298828e+02 2.031429100036621094e+01 2.053905105590820312e+01
3.574002761840820312e+02 1.737872133255004883e+02 2.003775787353515625e+01 2.089595603942871094e+01
3.571191549301147461e+02 1.728594551086425781e+02 2.018718147277832031e+01 2.134320831298828125e+01
3.568452196121215820e+02 1.723657703399658203e+02 2.036674308776855469e+01 2.152058029174804688e+01
3.559308128356933594e+02 1.725702781677246094e+02 2.051123809814453125e+01 2.110630798339843750e+01
3.561495256423950195e+02 1.727241115570068359e+02 2.035025596618652344e+01 2.112868881225585938e+01
3.560882387161254883e+02 1.726694307327270508e+02 2.045143699645996094e+01 2.213780784606933594e+01
3.551921358108520508e+02 1.725946531295776367e+02 2.096567344665527344e+01 2.222336006164550781e+01
3.547647504806518555e+02 1.720399637222290039e+02 2.116680335998535156e+01 2.231263542175292969e+01
3.546029949188232422e+02 1.722352790832519531e+02 2.120248794555664062e+01 2.210784912109375000e+01
3.545381040573120117e+02 1.722533750534057617e+02 2.085359382629394531e+01 2.220538520812988281e+01
3.545202932357788086e+02 1.725460386276245117e+02 2.093496894836425781e+01 2.253485298156738281e+01
3.544160890579223633e+02 1.729872646331787109e+02 2.133971214294433594e+01 2.214979934692382812e+01
3.535738878250122070e+02 1.716544799804687500e+02 2.133469200134277344e+01 2.267951202392578125e+01
3.539986057281494141e+02 1.722840414047241211e+02 2.111035537719726562e+01 2.252629280090332031e+01
3.531360673904418945e+02 1.711761960983276367e+02 2.129348564147949219e+01 2.306773567199707031e+01
3.534100294113159180e+02 1.726685075759887695e+02 2.131965827941894531e+01 2.247922325134277344e+01
3.527117719650268555e+02 1.717463150024414062e+02 2.165655708312988281e+01 2.288275146484375000e+01
3.522694349288940430e+02 1.721385440826416016e+02 2.149843025207519531e+01 2.301630020141601562e+01
3.523647832870483398e+02 1.710348405838012695e+02 2.171027565002441406e+01 2.335169029235839844e+01
3.513026714324951172e+02 1.713804283142089844e+02 2.218768692016601562e+01 2.374842834472656250e+01
3.515949430465698242e+02 1.714409809112548828e+02 2.198537635803222656e+01 2.318014907836914062e+01
3.513823118209838867e+02 1.705025215148925781e+02 2.204813575744628906e+01 2.406597137451171875e+01
3.513217525482177734e+02 1.704458408355712891e+02 2.214924240112304688e+01 2.399892807006835938e+01
3.512559366226196289e+02 1.717525053024291992e+02 2.192748832702636719e+01 2.363639259338378906e+01
3.504577369689941406e+02 1.701441469192504883e+02 2.269203948974609375e+01 2.457791709899902344e+01
3.500861253738403320e+02 1.708646879196166992e+02 2.271721458435058594e+01 2.410531044006347656e+01
3.499963054656982422e+02 1.709154806137084961e+02 2.282495498657226562e+01 2.402198982238769531e+01
3.497064571380615234e+02 1.704142017364501953e+02 2.283152389526367188e+01 2.473315048217773438e+01
3.485683937072753906e+02 1.710411825180053711e+02 2.284649658203125000e+01 2.431432533264160156e+01
3.486552705764770508e+02 1.706585130691528320e+02 2.308630943298339844e+01 2.476010704040527344e+01
3.488195657730102539e+02 1.707179641723632812e+02 2.309585380554199219e+01 2.484429931640625000e+01
3.485700178146362305e+02 1.706282911300659180e+02 2.316193580627441406e+01 2.502174568176269531e+01
3.468501558303833008e+02 1.701627941131591797e+02 2.409141349792480469e+01 2.505991744995117188e+01
3.471148204803466797e+02 1.706499214172363281e+02 2.416510391235351562e+01 2.524331665039062500e+01
3.465599336624145508e+02 1.706345109939575195e+02 2.435088157653808594e+01 2.537631797790527344e+01
3.460801591873168945e+02 1.702972860336303711e+02 2.455228233337402344e+01 2.522471046447753906e+01
3.454071388244628906e+02 1.709036245346069336e+02 2.445305633544921875e+01 2.510725593566894531e+01
3.448817720413208008e+02 1.707931814193725586e+02 2.472711753845214844e+01 2.555307197570800781e+01
3.446187934875488281e+02 1.687950820922851562e+02 2.540407562255859375e+01 2.651255035400390625e+01
3.447304611206054688e+02 1.700837316513061523e+02 2.462049865722656250e+01 2.588652992248535156e+01
3.430575094223022461e+02 1.694798650741577148e+02 2.565582466125488281e+01 2.585165596008300781e+01
3.434480361938476562e+02 1.698111600875854492e+02 2.545376586914062500e+01 2.581005287170410156e+01
3.424755983352661133e+02 1.706272506713867188e+02 2.546878623962402344e+01 2.526150512695312500e+01
3.419918861389160156e+02 1.691886548995971680e+02 2.583400726318359375e+01 2.663347816467285156e+01
3.415552597045898438e+02 1.699369544982910156e+02 2.617617797851562500e+01 2.563410186767578125e+01
3.406698598861694336e+02 1.697044887542724609e+02 2.669987678527832031e+01 2.627904129028320312e+01
3.401974983215332031e+02 1.703185825347900391e+02 2.682068634033203125e+01 2.620876693725585938e+01
3.401231842041015625e+02 1.692947683334350586e+02 2.725141906738281250e+01 2.711161994934082031e+01
3.391003084182739258e+02 1.703110008239746094e+02 2.760169029235839844e+01 2.584716033935546875e+01
3.390534229278564453e+02 1.705270996093750000e+02 2.763540267944335938e+01 2.628942871093750000e+01
3.388438282012939453e+02 1.703637495040893555e+02 2.794826889038085938e+01 2.668613624572753906e+01
3.377027187347412109e+02 1.703082532882690430e+02 2.855374526977539062e+01 2.681542396545410156e+01
3.378238391876220703e+02 1.702468767166137695e+02 2.806035995483398438e+01 2.675227928161621094e+01
3.373876028060913086e+02 1.698425493240356445e+02 2.803834724426269531e+01 2.742746543884277344e+01
3.355415372848510742e+02 1.695251617431640625e+02 2.932758522033691406e+01 2.731246948242187500e+01
3.354887809753417969e+02 1.698916110992431641e+02 2.875064849853515625e+01 2.706374740600585938e+01
3.344837684631347656e+02 1.701340312957763672e+02 2.904050445556640625e+01 2.723135757446289062e+01
3.328678407669067383e+02 1.696328420639038086e+02 3.009531211853027344e+01 2.790017890930175781e+01
3.326498298645019531e+02 1.688169841766357422e+02 3.073303985595703125e+01 2.847371292114257812e+01
3.321266555786132812e+02 1.695549030303955078e+02 2.993609619140625000e+01 2.750214767456054688e+01
3.315841493606567383e+02 1.694167346954345703e+02 3.010776329040527344e+01 2.754975509643554688e+01
3.308750162124633789e+02 1.683117046356201172e+02 3.062202262878417969e+01 2.859865188598632812e+01
3.303773488998413086e+02 1.684279804229736328e+02 3.092660713195800781e+01 2.733015060424804688e+01
3.295482015609741211e+02 1.690269784927368164e+02 2.989143562316894531e+01 2.808502006530761719e+01
3.296850004196166992e+02 1.679678535461425781e+02 3.126491737365722656e+01 2.988207244873046875e+01
3.316984796524047852e+02 1.684555921554565430e+02 2.599131584167480469e+01 2.736521339416503906e+01
3.329265089035034180e+02 1.681771469116210938e+02 2.475078773498535156e+01 2.835261535644531250e+01
3.336141185760498047e+02 1.686115913391113281e+02 2.230249404907226562e+01 2.621207427978515625e+01
3.334739952087402344e+02 1.699552431106567383e+02 2.036577606201171875e+01 2.315992546081542969e+01
3.327122974395751953e+02 1.691816072463989258e+02 2.442538070678710938e+01 2.556653404235839844e+01
3.276707544326782227e+02 1.710778188705444336e+02 2.795050621032714844e+01 2.578419685363769531e+01
3.268321981430053711e+02 1.709136667251586914e+02 2.989289283752441406e+01 2.483750724792480469e+01
3.247402772903442383e+02 1.692728290557861328e+02 2.621577262878417969e+01 2.757717514038085938e+01
3.232495994567871094e+02 1.685184946060180664e+02 2.967956542968750000e+01 2.818058586120605469e+01
3.209858732223510742e+02 1.692746877670288086e+02 3.184758186340332031e+01 2.783053779602050781e+01
3.211268806457519531e+02 1.673319540023803711e+02 3.148132324218750000e+01 3.097343635559082031e+01
3.196357784271240234e+02 1.685783262252807617e+02 3.305935287475585938e+01 3.042089271545410156e+01
3.182079792022705078e+02 1.675677175521850586e+02 3.143254470825195312e+01 3.143475532531738281e+01
3.182936658859252930e+02 1.652756729125976562e+02 3.084449958801269531e+01 3.354820251464843750e+01
3.177219610214233398e+02 1.666854591369628906e+02 2.996180152893066406e+01 3.088742828369140625e+01
3.163991842269897461e+02 1.663413181304931641e+02 3.079232215881347656e+01 3.210927963256835938e+01
3.147808675765991211e+02 1.673802165985107422e+02 3.161527442932128906e+01 3.199786758422851562e+01
3.140387439727783203e+02 1.666243515014648438e+02 3.138768386840820312e+01 3.303965759277343750e+01
3.131394557952880859e+02 1.663151321411132812e+02 3.140018844604492188e+01 3.299989318847656250e+01
3.129016647338867188e+02 1.657001533508300781e+02 3.398693084716796875e+01 3.398493194580078125e+01
3.113560886383056641e+02 1.639772033691406250e+02 3.926846694946289062e+01 3.558689880371093750e+01
3.106930427551269531e+02 1.663903255462646484e+02 3.201289367675781250e+01 3.366510391235351562e+01
3.103776397705078125e+02 1.644778976440429688e+02 3.447917938232421875e+01 3.516859436035156250e+01
3.077981586456298828e+02 1.649205951690673828e+02 3.791075515747070312e+01 3.462430953979492188e+01
3.060348320007324219e+02 1.657547550201416016e+02 3.953782653808593750e+01 3.445689010620117188e+01
3.059849529266357422e+02 1.661501960754394531e+02 3.875458908081054688e+01 3.442911529541015625e+01
3.043154106140136719e+02 1.649995861053466797e+02 3.944607543945312500e+01 3.520288467407226562e+01
3.026171779632568359e+02 1.649724922180175781e+02 4.063138961791992188e+01 3.526964569091796875e+01
3.027872486114501953e+02 1.650706005096435547e+02 4.013229751586914062e+01 3.493693923950195312e+01
3.015542888641357422e+02 1.652484569549560547e+02 4.053191757202148438e+01 3.489418411254882812e+01
3.007500724792480469e+02 1.647465343475341797e+02 4.104064941406250000e+01 3.601675796508789062e+01
2.992353630065917969e+02 1.653302001953125000e+02 4.193482971191406250e+01 3.559275817871093750e+01
2.984114170074462891e+02 1.641379222869873047e+02 4.210794448852539062e+01 3.677826309204101562e+01
2.970373382568359375e+02 1.641100616455078125e+02 4.281877899169921875e+01 3.679420471191406250e+01
2.953640804290771484e+02 1.635326080322265625e+02 4.316550827026367188e+01 3.743087768554687500e+01
2.953903350830078125e+02 1.620195121765136719e+02 4.270847320556640625e+01 3.892777252197265625e+01
2.927613449096679688e+02 1.627388782501220703e+02 4.472777557373046875e+01 3.900010299682617188e+01
2.917536678314208984e+02 1.614504604339599609e+02 4.341271591186523438e+01 3.960016250610351562e+01
2.909169750213623047e+02 1.628181800842285156e+02 4.481949996948242188e+01 3.886428070068359375e+01
2.888370094299316406e+02 1.611127700805664062e+02 4.556207275390625000e+01 4.028314208984375000e+01
2.885489845275878906e+02 1.623065528869628906e+02 4.576046752929687500e+01 3.894824981689453125e+01
2.878588714599609375e+02 1.626877117156982422e+02 4.597650909423828125e+01 3.875529861450195312e+01
2.858131237030029297e+02 1.616874752044677734e+02 4.622213363647460938e+01 4.056535720825195312e+01
2.845112056732177734e+02 1.613423080444335938e+02 4.783631515502929688e+01 4.117706298828125000e+01
2.831857223510742188e+02 1.586664791107177734e+02 4.876659393310546875e+01 4.387218093872070312e+01
2.806401481628417969e+02 1.596192493438720703e+02 4.767666625976562500e+01 4.249674606323242188e+01
2.811800937652587891e+02 1.586357917785644531e+02 4.876248550415039062e+01 4.410283660888671875e+01
2.772166404724121094e+02 1.596598739624023438e+02 5.044305419921875000e+01 4.315412902832031250e+01
2.780674076080322266e+02 1.594265193939208984e+02 5.021599197387695312e+01 4.404640579223632812e+01
2.757479553222656250e+02 1.574800853729248047e+02 5.174565887451171875e+01 4.634283828735351562e+01
2.731498928070068359e+02 1.595492687225341797e+02 5.240830612182617188e+01 4.402804946899414062e+01
2.728216781616210938e+02 1.594348392486572266e+02 5.165808868408203125e+01 4.399335861206054688e+01
2.710520038604736328e+02 1.573097019195556641e+02 5.306366348266601562e+01 4.672266769409179688e+01
2.689906082153320312e+02 1.589230308532714844e+02 5.423509979248046875e+01 4.505670928955078125e+01
2.668889560699462891e+02 1.572125453948974609e+02 5.616980361938476562e+01 4.730705642700195312e+01
2.652568531036376953e+02 1.559465198516845703e+02 5.654434585571289062e+01 4.847826766967773438e+01
2.623112373352050781e+02 1.579356307983398438e+02 5.711926269531250000e+01 4.674659729003906250e+01
2.616996555328369141e+02 1.532867507934570312e+02 5.841951370239257812e+01 5.155502319335937500e+01
2.585335884094238281e+02 1.558875122070312500e+02 5.916921997070312500e+01 4.898719787597656250e+01
2.573571071624755859e+02 1.580376739501953125e+02 5.957574081420898438e+01 4.762821960449218750e+01
2.556198120117187500e+02 1.560426750183105469e+02 5.971512603759765625e+01 5.012331390380859375e+01
2.537733631134033203e+02 1.552666320800781250e+02 6.068008804321289062e+01 5.066328430175781250e+01
2.510143508911132812e+02 1.536973438262939453e+02 6.304598236083984375e+01 5.199146652221679688e+01
2.489362125396728516e+02 1.541233901977539062e+02 6.342833328247070312e+01 5.244430541992187500e+01
2.464880218505859375e+02 1.519587249755859375e+02 6.543076324462890625e+01 5.453819274902343750e+01
2.433939285278320312e+02 1.520100097656250000e+02 6.522649383544921875e+01 5.434086608886718750e+01
2.417203483581542969e+02 1.527542972564697266e+02 6.610768127441406250e+01 5.463738632202148438e+01
2.387322959899902344e+02 1.533057651519775391e+02 6.735438537597656250e+01 5.373431015014648438e+01
2.358658561706542969e+02 1.534751892089843750e+02 6.864741516113281250e+01 5.359495544433593750e+01
2.345293121337890625e+02 1.540318870544433594e+02 6.834195709228515625e+01 5.375740814208984375e+01
2.309078521728515625e+02 1.522443675994873047e+02 6.951105499267578125e+01 5.587117385864257812e+01
2.281266288757324219e+02 1.547784519195556641e+02 7.112901306152343750e+01 5.380160140991210938e+01
2.243666954040527344e+02 1.529893589019775391e+02 7.518006896972656250e+01 5.535924911499023438e+01
2.228743858337402344e+02 1.529222412109375000e+02 7.326228332519531250e+01 5.595457458496093750e+01
2.199342613220214844e+02 1.535995864868164062e+02 7.507765197753906250e+01 5.605438232421875000e+01
2.172214050292969034e+02 1.513005905151367472e+02 7.516230010986325283e+01 5.837948608398437500e+01
2.124460067749023438e+02 1.506619319915771769e+02 8.049013519287109375e+01 5.971127700805664062e+01
2.104889793395996378e+02 1.497012634277344318e+02 6.899168395996090908e+01 5.995091247558593750e+01
2.054694709777832031e+02 1.473205394744873615e+02 8.404357910156250000e+01 6.266710281372070312e+01
2.006709709167480469e+02 1.494573574066162678e+02 7.532069396972656250e+01 6.029706192016601562e+01
1.968718833923339844e+02 1.483382606506348225e+02 8.760911560058593750e+01 6.227017974853515625e+01
1.924819450378417969e+02 1.477353191375732990e+02 8.557640075683593750e+01 6.332283401489257812e+01
1.896586036682129190e+02 1.468502960205078978e+02 8.649411010742184658e+01 6.447743225097656250e+01
1.857723426818847940e+02 1.468597373962403481e+02 9.376498413085934658e+01 6.591478729248046875e+01
1.812762069702148438e+02 1.457087287902833168e+02 7.823711395263671875e+01 6.625965118408203125e+01
1.767882423400878906e+02 1.425201225280762856e+02 9.528497314453125000e+01 7.051384735107421875e+01
1.719538154602050781e+02 1.433381690979005043e+02 1.009151916503906250e+02 6.896134185791015625e+01
1.643882637023925781e+02 1.416868286132813637e+02 1.064970397949218750e+02 7.166990661621093750e+01
1.593933982849121094e+02 1.419772415161133949e+02 1.078557891845703125e+02 7.291632080078125000e+01
1.545000419616699219e+02 1.407790908813477699e+02 1.133153228759765625e+02 7.428253173828125000e+01
1.464884872436523438e+02 1.362166748046876137e+02 1.198327255249023438e+02 8.011952209472656250e+01
1.406565208435058594e+02 1.376026458740235512e+02 1.221811981201171875e+02 7.829722595214843750e+01
1.360366058349609375e+02 1.354113273620606606e+02 1.230238723754882812e+02 8.040120697021484375e+01
1.260441665649414062e+02 1.330728416442872231e+02 1.206161727905273438e+02 8.345137786865234375e+01
1.198256683349609375e+02 1.348755722045899574e+02 1.259216690063476562e+02 8.308758544921875000e+01
1.136058235168457031e+02 1.337459068298340981e+02 1.338710632324218750e+02 8.500609588623046875e+01
1.072183113098144531e+02 1.292974548339844887e+02 1.359369812011718750e+02 9.047538757324218750e+01
9.773433303833007812e+01 1.274866752624512856e+02 1.430958557128906250e+02 9.209658050537109375e+01
9.155087661743164062e+01 1.249022293090821449e+02 1.465404052734375000e+02 9.532644653320312500e+01
8.206529617309570312e+01 1.257030906677247231e+02 1.282707214355468750e+02 9.646532440185546875e+01
7.222559738159179688e+01 1.235140037536622231e+02 1.582631683349609375e+02 9.887328338623046875e+01
6.131890487670898438e+01 1.218285903930665199e+02 1.674181671142578125e+02 1.012988586425781250e+02
5.079643630981445312e+01 1.189905929565430824e+02 1.735251770019531250e+02 1.058120117187500000e+02
4.176232528686523438e+01 1.192466812133790199e+02 1.779785308837890625e+02 1.056360778808593750e+02
3.451651382446289062e+01 1.176439666748048012e+02 1.795776977539062500e+02 1.087849273681640625e+02
2.044323348999023438e+01 1.136475868225098793e+02 1.902821197509765625e+02 1.121451187133789062e+02
8.359905242919921875e+00 1.117780494689942543e+02 1.967068328857421875e+02 1.163258438110351562e+02
2.515766143798828125e+00 1.102283973693848793e+02 1.968091125488281250e+02 1.186462173461914062e+02
2.317390441894531250e-01 1.058856277465821449e+02 1.971265563964843750e+02 1.258739318847656250e+02
3.953933715820312500e-02 1.025957489013673012e+02 1.927084045410156250e+02 1.291417388916015625e+02
0.000000000000000000e+00 1.024375839233399574e+02 1.901690025329589844e+02 1.290457153320312500e+02
5.840873718261718750e-02 9.972831726074230119e+01 1.857698974609375000e+02 1.375769805908203125e+02
1.706403732299804688e+00 1.192103195190430824e+02 1.775500793457031250e+02 1.204943237304687500e+02
2.506223678588867188e+00 1.087457885742188637e+02 1.753644409179687500e+02 1.311450653076171875e+02
1.479444503784179688e+00 1.128271179199219887e+02 1.653766784667968750e+02 1.212712249755859375e+02
5.436208724975642781e+00 1.550155677795411862e+02 1.515571441650390625e+02 8.133988189697265625e+01
1.406027030944829903e+01 1.625569381713868893e+02 1.180645141601562500e+02 7.639074707031250000e+01
5.290486717224126778e+01 1.634889297485353268e+02 8.654548645019531250e+01 6.418811035156250000e+01
